time(s)          = 1.104492e+13
time(solar year) = 3.500000e+05
star mass (g)    = 2.294085e+33
star mass (Msun) = 1.153734e+00
total mass (g)   = 2.300657e+33
mdot (g/s)       = 0.000000e+00
mdot (Msun/yr)   = 0.000000e+00
1.542620e+13 9.593016e-316 1.000000e+01 1.878169e+04 2.042265e-07 9.196500e+10 0.000000e+00 6.051217e-319 0.000000e+00 0.000000e+00 6.051217e-319 4.353324e+02 0.000000e+00 
1.640308e+13 1.092959e-315 1.000000e+01 1.878169e+04 1.862568e-07 1.008376e+11 0.000000e+00 2.042823e-318 0.000000e+00 0.000000e+00 2.042823e-318 3.898018e+02 0.000000e+00 
1.744183e+13 1.408724e-315 1.000000e+01 1.878169e+04 1.698682e-07 1.105662e+11 0.000000e+00 4.044352e-318 0.000000e+00 0.000000e+00 4.044352e-318 3.492334e+02 0.000000e+00 
1.854637e+13 1.456866e-315 1.000000e+01 1.878169e+04 1.549217e-07 1.212335e+11 0.000000e+00 6.647920e-318 0.000000e+00 0.000000e+00 6.647920e-318 3.177791e+02 0.000000e+00 
1.972084e+13 1.641217e-315 1.000000e+01 1.878169e+04 1.412902e-07 1.329299e+11 0.000000e+00 9.853497e-318 0.000000e+00 0.000000e+00 9.853497e-318 2.890759e+02 0.000000e+00 
2.096970e+13 1.564706e-315 1.000000e+01 1.878169e+04 1.288582e-07 1.457547e+11 0.000000e+00 1.363296e-317 0.000000e+00 0.000000e+00 1.363296e-317 2.628843e+02 0.000000e+00 
2.229764e+13 2.097378e-315 1.000000e+01 1.878169e+04 1.175201e-07 1.598169e+11 0.000000e+00 1.845878e-317 0.000000e+00 0.000000e+00 1.845878e-317 2.388512e+02 0.000000e+00 
2.370967e+13 1.946855e-315 1.000000e+01 1.878169e+04 1.071796e-07 1.752357e+11 0.000000e+00 2.441245e-317 0.000000e+00 0.000000e+00 2.441245e-317 2.169766e+02 0.000000e+00 
2.521112e+13 2.525658e-315 1.000000e+01 1.878169e+04 9.774897e-08 1.921421e+11 0.000000e+00 3.177521e-317 0.000000e+00 0.000000e+00 3.177521e-317 1.969598e+02 0.000000e+00 
2.680766e+13 2.612145e-315 1.000000e+01 1.878169e+04 8.914812e-08 2.106796e+11 0.000000e+00 4.110152e-317 0.000000e+00 0.000000e+00 4.110152e-317 1.787748e+02 0.000000e+00 
2.850529e+13 2.594931e-315 1.000000e+01 1.878169e+04 8.130405e-08 2.310056e+11 0.000000e+00 5.182970e-317 0.000000e+00 0.000000e+00 5.182970e-317 1.621690e+02 0.000000e+00 
3.031043e+13 3.276307e-315 1.000000e+01 1.878169e+04 7.415017e-08 2.532926e+11 0.000000e+00 6.517596e-317 0.000000e+00 0.000000e+00 6.517596e-317 1.471041e+02 0.000000e+00 
3.222989e+13 3.306525e-315 1.000000e+01 1.878169e+04 6.762576e-08 2.777299e+11 0.000000e+00 8.165468e-317 0.000000e+00 0.000000e+00 8.165468e-317 1.333622e+02 0.000000e+00 
3.427090e+13 3.814398e-315 1.000000e+01 1.878169e+04 6.167543e-08 3.045247e+11 0.000000e+00 1.014906e-316 0.000000e+00 0.000000e+00 1.014906e-316 1.209117e+02 0.000000e+00 
3.644116e+13 4.271174e-315 1.000000e+01 1.878169e+04 5.624866e-08 3.339047e+11 0.000000e+00 1.261717e-316 0.000000e+00 0.000000e+00 1.261717e-316 1.095662e+02 0.000000e+00 
3.874885e+13 4.782551e-315 1.000000e+01 1.878169e+04 5.129939e-08 3.661193e+11 0.000000e+00 1.565734e-316 0.000000e+00 0.000000e+00 1.565734e-316 9.929541e+01 0.000000e+00 
4.120268e+13 5.258830e-315 1.000000e+01 1.878169e+04 4.678560e-08 4.014418e+11 0.000000e+00 1.937395e-316 0.000000e+00 0.000000e+00 1.937395e-316 8.994300e+01 0.000000e+00 
4.381191e+13 5.549354e-315 1.000000e+01 1.878169e+04 4.266897e-08 4.401722e+11 0.000000e+00 2.381600e-316 0.000000e+00 0.000000e+00 2.381600e-316 8.148193e+01 0.000000e+00 
4.658637e+13 6.144002e-315 1.000000e+01 1.878169e+04 3.891456e-08 4.826392e+11 0.000000e+00 2.913966e-316 0.000000e+00 0.000000e+00 2.913966e-316 7.378191e+01 0.000000e+00 
4.953652e+13 6.530576e-315 1.000000e+01 1.878169e+04 3.549050e-08 5.292033e+11 0.000000e+00 3.551820e-316 0.000000e+00 0.000000e+00 3.551820e-316 6.681946e+01 0.000000e+00 
5.267350e+13 7.601150e-315 1.000000e+01 1.878169e+04 3.236772e-08 5.802599e+11 0.000000e+00 4.331333e-316 0.000000e+00 0.000000e+00 4.331333e-316 6.048636e+01 0.000000e+00 
5.600913e+13 8.352597e-315 1.000000e+01 1.878169e+04 2.951972e-08 6.362423e+11 0.000000e+00 5.291817e-316 0.000000e+00 0.000000e+00 5.291817e-316 5.476246e+01 0.000000e+00 
5.955600e+13 8.911404e-315 1.000000e+01 1.878169e+04 2.692230e-08 6.976259e+11 0.000000e+00 6.440936e-316 0.000000e+00 0.000000e+00 6.440936e-316 4.955813e+01 0.000000e+00 
6.332747e+13 3.820017e-298 1.000000e+01 1.878169e+04 2.455343e-08 7.649315e+11 0.000000e+00 2.004249e-300 0.000000e+00 0.000000e+00 2.004249e-300 4.485621e+01 0.000000e+00 
6.733779e+13 2.059350e-271 1.000000e+01 1.878169e+04 2.239299e-08 8.387308e+11 0.000000e+00 1.184723e-273 0.000000e+00 0.000000e+00 1.184723e-273 4.058269e+01 0.000000e+00 
7.160206e+13 4.372570e-247 1.000000e+01 1.878169e+04 2.042265e-08 9.196500e+11 0.000000e+00 2.758184e-249 0.000000e+00 0.000000e+00 2.758184e-249 3.672295e+01 0.000000e+00 
7.613637e+13 6.063992e-225 1.000000e+01 1.878169e+04 1.862568e-08 1.008376e+12 0.000000e+00 4.194160e-227 0.000000e+00 0.000000e+00 4.194160e-227 3.321606e+01 0.000000e+00 
8.095782e+13 8.693982e-205 1.000000e+01 1.878169e+04 1.698682e-08 1.105662e+12 0.000000e+00 6.593335e-207 0.000000e+00 0.000000e+00 6.593335e-207 3.004960e+01 0.000000e+00 
8.608461e+13 1.951107e-186 1.000000e+01 1.878169e+04 1.549217e-08 1.212335e+12 0.000000e+00 1.622435e-188 0.000000e+00 0.000000e+00 1.622435e-188 2.717350e+01 0.000000e+00 
9.153605e+13 9.995205e-170 1.000000e+01 1.878169e+04 1.412902e-08 1.329299e+12 0.000000e+00 9.113351e-172 0.000000e+00 0.000000e+00 9.113351e-172 2.457718e+01 0.000000e+00 
9.733271e+13 1.643805e-154 1.000000e+01 1.878169e+04 1.288582e-08 1.457547e+12 0.000000e+00 1.643375e-156 0.000000e+00 0.000000e+00 1.643375e-156 2.221964e+01 0.000000e+00 
1.034965e+14 1.184041e-140 1.000000e+01 1.878169e+04 1.175201e-08 1.598169e+12 0.000000e+00 1.297935e-142 0.000000e+00 0.000000e+00 1.297935e-142 2.009183e+01 0.000000e+00 
1.100505e+14 4.946665e-128 1.000000e+01 1.878169e+04 1.071796e-08 1.752357e+12 0.000000e+00 5.945644e-130 0.000000e+00 0.000000e+00 5.945644e-130 1.816026e+01 0.000000e+00 
1.170197e+14 1.548723e-116 1.000000e+01 1.878169e+04 9.774897e-09 1.921421e+12 0.000000e+00 2.041080e-118 0.000000e+00 0.000000e+00 2.041080e-118 1.641718e+01 0.000000e+00 
1.244301e+14 4.580991e-106 1.000000e+01 1.878169e+04 8.914812e-09 2.106796e+12 0.000000e+00 6.619815e-108 0.000000e+00 0.000000e+00 6.619815e-108 1.483529e+01 0.000000e+00 
1.323098e+14 1.582005e-96 1.000000e+01 1.878169e+04 8.130405e-09 2.310056e+12 0.000000e+00 2.506654e-98 0.000000e+00 0.000000e+00 2.506654e-98 1.340792e+01 0.000000e+00 
1.406886e+14 7.723478e-88 1.000000e+01 1.878169e+04 7.415017e-09 2.532926e+12 0.000000e+00 1.341836e-89 0.000000e+00 0.000000e+00 1.341836e-89 1.211286e+01 0.000000e+00 
1.495979e+14 6.350740e-80 1.000000e+01 1.878169e+04 6.762576e-09 2.777299e+12 0.000000e+00 1.209792e-81 0.000000e+00 0.000000e+00 1.209792e-81 1.094436e+01 0.000000e+00 
1.590714e+14 1.030246e-72 1.000000e+01 1.878169e+04 6.167543e-09 3.045247e+12 0.000000e+00 2.151927e-74 0.000000e+00 0.000000e+00 2.151927e-74 9.884369e+00 0.000000e+00 
1.691449e+14 3.811850e-66 1.000000e+01 1.878169e+04 5.624866e-09 3.339047e+12 0.000000e+00 8.730164e-68 0.000000e+00 0.000000e+00 8.730164e-68 8.927904e+00 0.000000e+00 
1.798562e+14 3.666528e-60 1.000000e+01 1.878169e+04 5.129939e-09 3.661193e+12 0.000000e+00 9.207511e-62 0.000000e+00 0.000000e+00 9.207511e-62 8.060414e+00 0.000000e+00 
1.912459e+14 1.033915e-54 1.000000e+01 1.878169e+04 4.678560e-09 4.014418e+12 0.000000e+00 2.846913e-56 0.000000e+00 0.000000e+00 2.846913e-56 7.277582e+00 0.000000e+00 
2.033569e+14 9.525773e-50 1.000000e+01 1.878169e+04 4.266897e-09 4.401722e+12 0.000000e+00 2.876046e-51 0.000000e+00 0.000000e+00 2.876046e-51 6.567803e+00 0.000000e+00 
2.162348e+14 3.167911e-45 1.000000e+01 1.878169e+04 3.891456e-09 4.826392e+12 0.000000e+00 1.048781e-46 0.000000e+00 0.000000e+00 1.048781e-46 5.927205e+00 0.000000e+00 
2.299282e+14 4.160237e-41 1.000000e+01 1.878169e+04 3.549050e-09 5.292033e+12 0.000000e+00 1.510319e-42 0.000000e+00 0.000000e+00 1.510319e-42 5.346464e+00 0.000000e+00 
2.444887e+14 2.343295e-37 1.000000e+01 1.878169e+04 3.236772e-09 5.802599e+12 0.000000e+00 9.329597e-39 0.000000e+00 0.000000e+00 9.329597e-39 4.821861e+00 0.000000e+00 
2.599714e+14 6.099087e-34 1.000000e+01 1.878169e+04 2.951972e-09 6.362423e+12 0.000000e+00 2.663636e-35 0.000000e+00 0.000000e+00 2.663636e-35 4.346789e+00 0.000000e+00 
2.764344e+14 7.856136e-31 1.000000e+01 1.878169e+04 2.692230e-09 6.976259e+12 0.000000e+00 3.764862e-32 0.000000e+00 0.000000e+00 3.764862e-32 3.918072e+00 0.000000e+00 
2.939401e+14 5.327664e-28 1.000000e+01 1.878169e+04 2.455343e-09 7.649315e+12 0.000000e+00 2.803267e-29 0.000000e+00 0.000000e+00 2.803267e-29 3.529334e+00 0.000000e+00 
3.125543e+14 2.013522e-25 1.000000e+01 1.878169e+04 2.239299e-09 8.387308e+12 0.000000e+00 1.164311e-26 0.000000e+00 0.000000e+00 1.164311e-26 3.176504e+00 0.000000e+00 
3.323473e+14 4.464794e-23 1.000000e+01 1.878169e+04 2.042265e-09 9.196500e+12 0.000000e+00 2.841055e-24 0.000000e+00 0.000000e+00 2.841055e-24 2.855810e+00 0.000000e+00 
3.533937e+14 6.089444e-21 1.000000e+01 1.878169e+04 1.862568e-09 1.008376e+13 0.000000e+00 4.271921e-22 0.000000e+00 0.000000e+00 4.271921e-22 2.565475e+00 0.000000e+00 
3.757729e+14 5.331586e-19 3.767830e+01 3.645695e+04 1.698682e-09 2.146190e+13 1.000000e-05 -2.114687e-16 -2.181596e+01 -4.457540e+05 4.133573e-20 2.302238e+00 -5.010864e-18 
3.995693e+14 3.116450e-17 3.669971e+01 3.598041e+04 1.549217e-09 2.322490e+13 1.000000e-05 -9.577975e-15 -1.515279e+01 -3.095554e+05 2.678420e-18 2.063169e+00 -2.262070e-16 
4.248727e+14 1.260170e-15 3.574655e+01 3.551009e+04 1.412902e-09 2.513273e+13 1.000000e-05 -3.105564e-13 -1.087272e+01 -2.220785e+05 1.205024e-16 1.845695e+00 -7.302973e-15 
4.517784e+14 3.641612e-14 3.481814e+01 3.504592e+04 1.288582e-09 2.719727e+13 1.000000e-05 -7.421624e-12 -8.033335e+00 -1.640313e+05 3.890968e-15 1.648278e+00 -1.735930e-13 
4.803880e+14 7.746181e-13 3.391384e+01 3.458782e+04 1.175201e-09 2.943141e+13 1.000000e-05 -1.342658e-10 -6.095396e+00 -1.243945e+05 9.292155e-14 1.469485e+00 -3.120180e-12 
5.108093e+14 1.246085e-11 3.303303e+01 3.413571e+04 1.071796e-09 3.184907e+13 1.000000e-05 -1.883835e-09 -4.736868e+00 -9.658735e+04 1.686828e-12 1.307938e+00 -4.344175e-11 
5.431571e+14 1.553580e-10 3.217509e+01 3.368951e+04 9.774897e-10 3.446533e+13 1.000000e-05 -2.096099e-08 -3.761421e+00 -7.659777e+04 2.386104e-11 1.162006e+00 -4.790338e-10 
5.775534e+14 1.535332e-09 3.133944e+01 3.324914e+04 8.914812e-10 3.729651e+13 1.000000e-05 -1.887407e-07 -3.044635e+00 -6.188333e+04 2.690085e-10 1.030092e+00 -4.268960e-09 
6.141279e+14 1.227410e-08 3.052549e+01 3.281452e+04 8.130405e-10 4.036026e+13 1.000000e-05 -1.401534e-06 -2.507184e+00 -5.082309e+04 2.466764e-09 9.105330e-01 -3.133039e-08 
6.530185e+14 8.087584e-08 2.973268e+01 3.238559e+04 7.415017e-10 4.367568e+13 1.000000e-05 -8.729644e-06 -2.095671e+00 -4.232635e+04 1.874187e-08 8.019589e-01 -1.926012e-07 
6.943719e+14 4.466646e-07 2.896047e+01 3.196226e+04 6.762576e-10 4.726344e+13 1.000000e-05 -4.634844e-05 -1.775299e+00 -3.568251e+04 1.199574e-07 7.030400e-01 -1.007919e-06 
7.383441e+14 2.100139e-06 2.820830e+01 3.154447e+04 6.167543e-10 5.114593e+13 1.000000e-05 -2.127112e-04 -1.520807e+00 -3.037630e+04 6.566965e-07 6.129410e-01 -4.553361e-06 
7.851009e+14 8.522809e-06 2.747568e+01 3.113214e+04 5.624866e-10 5.534734e+13 1.000000e-05 -8.552238e-04 -1.315863e+00 -2.607461e+04 3.116680e-06 5.308595e-01 -1.799538e-05 
8.348187e+14 3.023949e-05 2.676208e+01 3.072520e+04 5.129939e-10 5.989389e+13 1.000000e-05 -3.044527e-03 -1.147337e+00 -2.251041e+04 1.298344e-05 4.565542e-01 -6.280713e-05 
8.876849e+14 9.483483e-05 2.606701e+01 3.032357e+04 4.678560e-10 6.481391e+13 1.000000e-05 -9.676725e-03 -1.005577e+00 -1.948677e+04 4.799321e-05 3.896866e-01 -1.943610e-04 
9.438989e+14 2.652281e-04 2.539000e+01 2.992720e+04 4.266897e-10 7.013809e+13 1.000000e-05 -2.751829e-02 -8.827872e-01 -1.684407e+04 1.588756e-04 3.307668e-01 -5.268189e-04 
1.003673e+15 6.655907e-04 2.473057e+01 2.953601e+04 3.891457e-10 7.589962e+13 1.000000e-05 -6.868429e-02 -7.628732e-01 -1.425148e+04 4.744244e-04 2.803427e-01 -1.172719e-03 
1.067232e+15 1.486954e-03 2.408827e+01 2.914993e+04 3.549051e-10 8.213444e+13 1.000000e-05 -1.464558e-01 -6.346140e-01 -1.145951e+04 1.278500e-03 2.341271e-01 -1.814371e-03 
1.134816e+15 2.895469e-03 2.346265e+01 2.876890e+04 3.236774e-10 8.888140e+13 1.000000e-05 -2.626643e-01 -5.028022e-01 -8.536693e+03 3.085787e-03 1.857519e-01 -6.120183e-04 
1.206680e+15 4.830618e-03 2.285327e+01 2.839285e+04 2.951974e-10 9.618258e+13 1.000000e-05 -3.849924e-01 -3.755516e-01 -5.637385e+03 6.614666e-03 1.340453e-01 7.185704e-03 
1.283095e+15 6.859415e-03 2.225973e+01 2.802171e+04 2.692234e-10 1.040835e+14 1.000000e-05 -3.950257e-01 -2.561618e-01 -2.831347e+03 1.255738e-02 8.569145e-02 2.466535e-02 
1.364349e+15 8.295415e-03 2.168160e+01 2.765543e+04 2.455350e-10 1.126334e+14 1.000000e-05 -2.930487e-02 -1.444087e-01 -1.170714e+02 2.119502e-02 4.824629e-02 5.046973e-03 
1.450749e+15 8.582852e-03 2.111848e+01 2.729393e+04 2.239309e-10 1.218855e+14 1.000000e-05 1.013517e+00 -3.838718e-02 2.542201e+03 3.210271e-02 2.374171e-02 -3.364985e-01 
1.542620e+15 7.641142e-03 2.056999e+01 2.693716e+04 2.042277e-10 1.318977e+14 1.000000e-05 2.626760e+00 6.522770e-02 5.215740e+03 4.420578e-02 1.019287e-02 -1.842700e+00 
1.640308e+15 5.869265e-03 2.003575e+01 2.658505e+04 1.862581e-10 1.427323e+14 1.000000e-05 3.975967e+00 1.694749e-01 7.983127e+03 5.618966e-02 3.839811e-03 -5.675841e+00 
1.744183e+15 3.901246e-03 1.951538e+01 2.623755e+04 1.698696e-10 1.544570e+14 1.000000e-05 4.328866e+00 2.752277e-01 1.087023e+04 6.702292e-02 1.286732e-03 -1.201947e+01 
1.854637e+15 2.261049e-03 1.900852e+01 2.589458e+04 1.549231e-10 1.671448e+14 1.000000e-05 3.875242e+00 3.812353e-01 1.383323e+04 7.629324e-02 3.903934e-04 -1.971765e+01 
1.972084e+15 1.155885e-03 1.851483e+01 2.555610e+04 1.412916e-10 1.808749e+14 1.000000e-05 3.174167e+00 4.859308e-01 1.681064e+04 8.417765e-02 1.089138e-04 -2.755190e+01 
2.096970e+15 5.273488e-04 1.803397e+01 2.522205e+04 1.288595e-10 1.957329e+14 1.000000e-05 2.558948e+00 5.891129e-01 1.978224e+04 9.115612e-02 2.823681e-05 -3.499469e+01 
2.229764e+15 2.168251e-04 1.756559e+01 2.489236e+04 1.175213e-10 2.118115e+14 1.000000e-05 2.119455e+00 6.916367e-01 2.276381e+04 9.772697e-02 6.848331e-06 -4.201418e+01 
2.370967e+15 8.097820e-05 1.710937e+01 2.456698e+04 1.071807e-10 2.292109e+14 1.000000e-05 1.840216e+00 7.944509e-01 2.577741e+04 1.042657e-01 1.560909e-06 -4.873959e+01 
2.521112e+15 2.765076e-05 1.666501e+01 2.424586e+04 9.774996e-11 2.480396e+14 1.000000e-05 1.681717e+00 8.982033e-01 2.883808e+04 1.110085e-01 3.355710e-07 -5.530282e+01 
2.680766e+15 8.680970e-06 1.623218e+01 2.392893e+04 8.914902e-11 2.684149e+14 1.000000e-05 1.608267e+00 1.003256e+00 3.195344e+04 1.180895e-01 6.826696e-08 -6.179992e+01 
2.850529e+15 2.518350e-06 1.581060e+01 2.361614e+04 8.130487e-11 2.904640e+14 1.000000e-05 1.593468e+00 1.109783e+00 3.512628e+04 1.255851e-01 1.318088e-08 -6.829324e+01 
3.031043e+15 6.781119e-07 1.539997e+01 2.330744e+04 7.415093e-11 3.143244e+14 1.000000e-05 1.619114e+00 1.217855e+00 3.835666e+04 1.335434e-01 2.422013e-09 -7.482110e+01 
3.222989e+15 1.701762e-07 1.500000e+01 2.300278e+04 6.762645e-11 3.401448e+14 1.000000e-05 1.672961e+00 1.327481e+00 4.164324e+04 1.420018e-01 4.246234e-10 -8.140613e+01 
3.427090e+15 3.995139e-08 1.461042e+01 2.270210e+04 6.167605e-11 3.680862e+14 1.000000e-05 1.746824e+00 1.438637e+00 4.498402e+04 1.509947e-01 7.119257e-11 -8.806109e+01 
3.644116e+15 8.804220e-09 1.423096e+01 2.240535e+04 5.624923e-11 3.983229e+14 1.000000e-05 1.835212e+00 1.551285e+00 4.837676e+04 1.605568e-01 1.143909e-11 -9.479266e+01 
3.874885e+15 1.827033e-09 1.386135e+01 2.211248e+04 5.129991e-11 4.310433e+14 1.000000e-05 1.934418e+00 1.665380e+00 5.181917e+04 1.707243e-01 1.764896e-12 -1.016038e+02 
4.120268e+15 3.580653e-10 1.350134e+01 2.182344e+04 4.678607e-11 4.664517e+14 1.000000e-05 2.041909e+00 1.780874e+00 5.530905e+04 1.815357e-01 2.619325e-13 -1.084952e+02 
4.381191e+15 6.645148e-11 1.315069e+01 2.153818e+04 4.266940e-11 5.047686e+14 1.000000e-05 2.155941e+00 1.897719e+00 5.884433e+04 1.930317e-01 3.745503e-14 -1.154663e+02 
4.658637e+15 1.170720e-11 1.280914e+01 2.125664e+04 3.891496e-11 5.462332e+14 1.000000e-05 2.275297e+00 2.015867e+00 6.242305e+04 2.052558e-01 5.168100e-15 -1.225156e+02 
4.953652e+15 1.962508e-12 1.247646e+01 2.097879e+04 3.549086e-11 5.911039e+14 1.000000e-05 2.399100e+00 2.135251e+00 6.604275e+04 2.182539e-01 6.890549e-16 -1.296399e+02 
5.267350e+15 3.137159e-13 1.215242e+01 2.070456e+04 3.236805e-11 6.396605e+14 1.000000e-05 2.526551e+00 2.255636e+00 6.969641e+04 2.320752e-01 8.890023e-17 -1.368267e+02 
5.600913e+15 4.796053e-14 1.183679e+01 2.043393e+04 2.952002e-11 6.922058e+14 1.000000e-05 2.655005e+00 2.374747e+00 7.331588e+04 2.467717e-01 1.113804e-17 -1.439426e+02 
5.955600e+15 7.049912e-15 1.152937e+01 2.016682e+04 2.692257e-11 7.490675e+14 1.000000e-05 2.775404e+00 2.483856e+00 7.665119e+04 2.623989e-01 1.363080e-18 -1.504972e+02 
6.332747e+15 1.028462e-15 1.122993e+01 1.990321e+04 2.455368e-11 8.106001e+14 1.000000e-05 2.816952e+00 2.513400e+00 7.756682e+04 2.790157e-01 1.653965e-19 -1.522916e+02 
6.733779e+15 1.520204e-16 1.093826e+01 1.964305e+04 2.239322e-11 8.771874e+14 1.000000e-05 2.806193e+00 2.490087e+00 7.686188e+04 2.966848e-01 1.952767e-20 -1.508977e+02 
7.160206e+15 2.263930e-17 1.065418e+01 1.938629e+04 2.042286e-11 9.492445e+14 1.000000e-05 2.811451e+00 2.481375e+00 7.660365e+04 3.154729e-01 2.193743e-21 -1.503809e+02 
7.613637e+15 3.396652e-18 1.037746e+01 1.913288e+04 1.862587e-11 1.027221e+15 1.000000e-05 2.832030e+00 2.486312e+00 7.662580e+04 3.354507e-01 2.313393e-22 -1.504090e+02 
8.095782e+15 4.142359e-19 1.010794e+01 1.888279e+04 1.698700e-11 1.111602e+15 1.000000e-05 3.454631e+00 3.088291e+00 9.501975e+04 3.566936e-01 2.137801e-23 -1.865749e+02 
8.608461e+15 4.708185e-20 1.000000e+01 1.878169e+04 1.549232e-11 1.212323e+15 1.000000e-05 3.769697e+00 3.386053e+00 1.043844e+05 3.792818e-01 1.000056e-24 -2.049945e+02 
9.153605e+15 4.882565e-21 1.000000e+01 1.878169e+04 1.412917e-11 1.329285e+15 0.000000e+00 4.033004e-01 0.000000e+00 0.000000e+00 4.033004e-01 1.059713e-26 0.000000e+00 
9.733271e+15 4.812581e-22 1.000000e+01 1.878169e+04 1.288595e-11 1.457532e+15 0.000000e+00 4.288401e-01 0.000000e+00 0.000000e+00 4.288401e-01 0.000000e+00 0.000000e+00 
1.034965e+16 4.852717e-23 1.000000e+01 1.878169e+04 1.175213e-11 1.598152e+15 0.000000e+00 4.559970e-01 0.000000e+00 0.000000e+00 4.559970e-01 0.000000e+00 0.000000e+00 
1.100505e+16 4.784534e-24 1.000000e+01 1.878169e+04 1.071807e-11 1.752339e+15 0.000000e+00 4.848738e-01 0.000000e+00 0.000000e+00 4.848738e-01 0.000000e+00 0.000000e+00 
1.170197e+16 4.598057e-25 1.000000e+01 1.878169e+04 9.774996e-12 1.921402e+15 0.000000e+00 5.155792e-01 0.000000e+00 0.000000e+00 5.155792e-01 0.000000e+00 0.000000e+00 
1.244301e+16 4.305473e-26 1.000000e+01 1.878169e+04 8.914902e-12 2.106775e+15 0.000000e+00 5.482290e-01 0.000000e+00 0.000000e+00 5.482290e-01 0.000000e+00 0.000000e+00 
1.323098e+16 3.928980e-27 1.000000e+01 1.878169e+04 8.130487e-12 2.310033e+15 0.000000e+00 5.829465e-01 0.000000e+00 0.000000e+00 5.829465e-01 0.000000e+00 0.000000e+00 
1.406886e+16 3.495738e-28 1.000000e+01 1.878169e+04 7.415093e-12 2.532901e+15 0.000000e+00 6.198625e-01 0.000000e+00 0.000000e+00 6.198625e-01 0.000000e+00 0.000000e+00 
1.495979e+16 3.033973e-29 1.000000e+01 1.878169e+04 6.762645e-12 2.777270e+15 0.000000e+00 6.591163e-01 0.000000e+00 0.000000e+00 6.591163e-01 0.000000e+00 0.000000e+00 
1.590714e+16 2.569895e-30 1.000000e+01 1.878169e+04 6.167605e-12 3.045216e+15 0.000000e+00 7.008558e-01 0.000000e+00 0.000000e+00 7.008558e-01 0.000000e+00 0.000000e+00 
1.691449e+16 2.125513e-31 1.000000e+01 1.878169e+04 5.624923e-12 3.339013e+15 0.000000e+00 7.452386e-01 0.000000e+00 0.000000e+00 7.452386e-01 0.000000e+00 0.000000e+00 
1.798562e+16 1.717369e-32 1.000000e+01 1.878169e+04 5.129991e-12 3.661155e+15 0.000000e+00 7.924320e-01 0.000000e+00 0.000000e+00 7.924320e-01 0.000000e+00 0.000000e+00 
1.912459e+16 1.356172e-33 1.000000e+01 1.878169e+04 4.678607e-12 4.014377e+15 0.000000e+00 8.426141e-01 0.000000e+00 0.000000e+00 8.426141e-01 0.000000e+00 0.000000e+00 
2.033569e+16 1.047152e-34 1.000000e+01 1.878169e+04 4.266940e-12 4.401677e+15 0.000000e+00 8.959739e-01 0.000000e+00 0.000000e+00 8.959739e-01 0.000000e+00 0.000000e+00 
2.162348e+16 7.909212e-36 1.000000e+01 1.878169e+04 3.891496e-12 4.826343e+15 0.000000e+00 9.527129e-01 0.000000e+00 0.000000e+00 9.527129e-01 0.000000e+00 0.000000e+00 
2.299282e+16 5.846062e-37 1.000000e+01 1.878169e+04 3.549086e-12 5.291980e+15 0.000000e+00 1.013045e+00 0.000000e+00 0.000000e+00 1.013045e+00 0.000000e+00 0.000000e+00 
2.444887e+16 4.230303e-38 1.000000e+01 1.878169e+04 3.236805e-12 5.802540e+15 0.000000e+00 1.077198e+00 0.000000e+00 0.000000e+00 1.077198e+00 0.000000e+00 0.000000e+00 
2.599714e+16 2.997935e-39 1.000000e+01 1.878169e+04 2.952002e-12 6.362359e+15 0.000000e+00 1.145413e+00 0.000000e+00 0.000000e+00 1.145413e+00 0.000000e+00 0.000000e+00 
2.764344e+16 2.081489e-40 1.000000e+01 1.878169e+04 2.692257e-12 6.976188e+15 0.000000e+00 1.217948e+00 0.000000e+00 0.000000e+00 1.217948e+00 0.000000e+00 0.000000e+00 
2.939401e+16 1.416381e-41 1.000000e+01 1.878169e+04 2.455368e-12 7.649238e+15 0.000000e+00 1.295076e+00 0.000000e+00 0.000000e+00 1.295076e+00 0.000000e+00 0.000000e+00 
3.125543e+16 9.449047e-43 1.000000e+01 1.878169e+04 2.239322e-12 8.387223e+15 0.000000e+00 1.377089e+00 0.000000e+00 0.000000e+00 1.377089e+00 0.000000e+00 0.000000e+00 
3.323473e+16 6.182155e-44 1.000000e+01 1.878169e+04 2.042286e-12 9.196407e+15 0.000000e+00 1.464295e+00 0.000000e+00 0.000000e+00 1.464295e+00 0.000000e+00 0.000000e+00 
3.533937e+16 3.968014e-45 1.000000e+01 1.878169e+04 1.862587e-12 1.008366e+16 0.000000e+00 1.557024e+00 0.000000e+00 0.000000e+00 1.557024e+00 0.000000e+00 0.000000e+00 
3.757729e+16 2.499315e-46 1.000000e+01 1.878169e+04 1.698700e-12 1.105651e+16 0.000000e+00 1.655625e+00 0.000000e+00 0.000000e+00 1.655625e+00 0.000000e+00 0.000000e+00 
3.995693e+16 1.545297e-47 1.000000e+01 1.878169e+04 1.549232e-12 1.212323e+16 0.000000e+00 1.760470e+00 0.000000e+00 0.000000e+00 1.760470e+00 0.000000e+00 0.000000e+00 
4.248727e+16 9.381452e-49 1.000000e+01 1.878169e+04 1.412917e-12 1.329285e+16 0.000000e+00 1.871955e+00 0.000000e+00 0.000000e+00 1.871955e+00 0.000000e+00 0.000000e+00 
4.517784e+16 5.593920e-50 1.000000e+01 1.878169e+04 1.288595e-12 1.457532e+16 0.000000e+00 1.990499e+00 0.000000e+00 0.000000e+00 1.990499e+00 0.000000e+00 0.000000e+00 
4.803880e+16 3.276930e-51 1.000000e+01 1.878169e+04 1.175213e-12 1.598152e+16 0.000000e+00 2.116551e+00 0.000000e+00 0.000000e+00 2.116551e+00 0.000000e+00 0.000000e+00 
5.108093e+16 1.886411e-52 1.000000e+01 1.878169e+04 1.071807e-12 1.752339e+16 0.000000e+00 2.250585e+00 0.000000e+00 0.000000e+00 2.250585e+00 0.000000e+00 0.000000e+00 
5.431571e+16 1.067415e-53 1.000000e+01 1.878169e+04 9.774996e-13 1.921402e+16 0.000000e+00 2.393107e+00 0.000000e+00 0.000000e+00 2.393107e+00 0.000000e+00 0.000000e+00 
5.775534e+16 5.938345e-55 1.000000e+01 1.878169e+04 8.914902e-13 2.106775e+16 0.000000e+00 2.544654e+00 0.000000e+00 0.000000e+00 2.544654e+00 0.000000e+00 0.000000e+00 
6.141279e+16 3.248898e-56 1.000000e+01 1.878169e+04 8.130487e-13 2.310033e+16 0.000000e+00 2.705798e+00 0.000000e+00 0.000000e+00 2.705798e+00 0.000000e+00 0.000000e+00 
6.530185e+16 1.748423e-57 1.000000e+01 1.878169e+04 7.415093e-13 2.532901e+16 0.000000e+00 2.877147e+00 0.000000e+00 0.000000e+00 2.877147e+00 0.000000e+00 0.000000e+00 
6.943719e+16 9.257524e-59 1.000000e+01 1.878169e+04 6.762645e-13 2.777270e+16 0.000000e+00 3.059347e+00 0.000000e+00 0.000000e+00 3.059347e+00 0.000000e+00 0.000000e+00 
7.383441e+16 4.823661e-60 1.000000e+01 1.878169e+04 6.167605e-13 3.045216e+16 0.000000e+00 3.253085e+00 0.000000e+00 0.000000e+00 3.253085e+00 0.000000e+00 0.000000e+00 
7.851009e+16 2.473919e-61 1.000000e+01 1.878169e+04 5.624923e-13 3.339013e+16 0.000000e+00 3.459091e+00 0.000000e+00 0.000000e+00 3.459091e+00 0.000000e+00 0.000000e+00 
8.348187e+16 1.249143e-62 1.000000e+01 1.878169e+04 5.129991e-13 3.661155e+16 0.000000e+00 3.678144e+00 0.000000e+00 0.000000e+00 3.678144e+00 0.000000e+00 0.000000e+00 
8.876849e+16 6.210768e-64 1.000000e+01 1.878169e+04 4.678607e-13 4.014377e+16 0.000000e+00 3.911068e+00 0.000000e+00 0.000000e+00 3.911068e+00 0.000000e+00 0.000000e+00 
9.438989e+16 3.041388e-65 1.000000e+01 1.878169e+04 4.266940e-13 4.401677e+16 0.000000e+00 4.158743e+00 0.000000e+00 0.000000e+00 4.158743e+00 0.000000e+00 0.000000e+00 
1.003673e+17 1.467156e-66 1.000000e+01 1.878169e+04 3.891496e-13 4.826343e+16 0.000000e+00 4.422101e+00 0.000000e+00 0.000000e+00 4.422101e+00 0.000000e+00 0.000000e+00 
1.067232e+17 6.973360e-68 1.000000e+01 1.878169e+04 3.549086e-13 5.291980e+16 0.000000e+00 4.702138e+00 0.000000e+00 0.000000e+00 4.702138e+00 0.000000e+00 0.000000e+00 
1.134816e+17 3.266255e-69 1.000000e+01 1.878169e+04 3.236805e-13 5.802540e+16 0.000000e+00 4.999908e+00 0.000000e+00 0.000000e+00 4.999908e+00 0.000000e+00 0.000000e+00 
1.206680e+17 1.507927e-70 1.000000e+01 1.878169e+04 2.952002e-13 6.362359e+16 0.000000e+00 5.316535e+00 0.000000e+00 0.000000e+00 5.316535e+00 0.000000e+00 0.000000e+00 
1.283095e+17 6.862948e-72 1.000000e+01 1.878169e+04 2.692257e-13 6.976188e+16 0.000000e+00 5.653213e+00 0.000000e+00 0.000000e+00 5.653213e+00 0.000000e+00 0.000000e+00 
1.364349e+17 3.079770e-73 1.000000e+01 1.878169e+04 2.455368e-13 7.649238e+16 0.000000e+00 6.011212e+00 0.000000e+00 0.000000e+00 6.011212e+00 0.000000e+00 0.000000e+00 
1.450749e+17 1.433653e-74 1.000000e+01 1.878169e+04 2.239322e-13 8.387223e+16 0.000000e+00 6.391881e+00 0.000000e+00 0.000000e+00 6.391881e+00 0.000000e+00 0.000000e+00 
