time(s)          = 8.362585e+12
time(solar year) = 2.650000e+05
star mass (g)    = 2.294085e+33
star mass (Msun) = 1.153734e+00
total mass (g)   = 2.442789e+33
mdot (g/s)       = 4.155142e-79
mdot (Msun/yr)   = 6.594423e-105
1.542620e+13 1.430121e-102 1.000000e+01 1.878169e+04 2.042265e-07 9.196500e+10 0.000000e+00 9.021095e-106 0.000000e+00 0.000000e+00 9.021095e-106 4.353324e+02 0.000000e+00 
1.640308e+13 2.876623e-92 1.000000e+01 1.878169e+04 1.862568e-07 1.008376e+11 0.000000e+00 1.989617e-95 0.000000e+00 0.000000e+00 1.989617e-95 3.898018e+02 0.000000e+00 
1.744183e+13 4.633024e-83 1.000000e+01 1.878169e+04 1.698682e-07 1.105662e+11 0.000000e+00 3.513589e-86 0.000000e+00 0.000000e+00 3.513589e-86 3.492334e+02 0.000000e+00 
1.854637e+13 8.151637e-75 1.000000e+01 1.878169e+04 1.549217e-07 1.212335e+11 0.000000e+00 6.778463e-78 0.000000e+00 0.000000e+00 6.778463e-78 3.177791e+02 0.000000e+00 
1.972084e+13 2.032111e-67 1.000000e+01 1.878169e+04 1.412902e-07 1.329299e+11 0.000000e+00 1.852823e-70 0.000000e+00 0.000000e+00 1.852823e-70 2.890759e+02 0.000000e+00 
2.096970e+13 8.993973e-61 1.000000e+01 1.878169e+04 1.288582e-07 1.457547e+11 0.000000e+00 8.991625e-64 0.000000e+00 0.000000e+00 8.991625e-64 2.628843e+02 0.000000e+00 
2.229764e+13 8.577040e-55 1.000000e+01 1.878169e+04 1.175201e-07 1.598169e+11 0.000000e+00 9.402096e-58 0.000000e+00 0.000000e+00 9.402096e-58 2.388512e+02 0.000000e+00 
2.370967e+13 2.087792e-49 1.000000e+01 1.878169e+04 1.071796e-07 1.752357e+11 0.000000e+00 2.509442e-52 0.000000e+00 0.000000e+00 2.509442e-52 2.169766e+02 0.000000e+00 
2.521112e+13 1.502041e-44 1.000000e+01 1.878169e+04 9.774897e-08 1.921421e+11 0.000000e+00 1.979611e-47 0.000000e+00 0.000000e+00 1.979611e-47 1.969598e+02 0.000000e+00 
2.680766e+13 3.636173e-40 1.000000e+01 1.878169e+04 8.914812e-08 2.106796e+11 0.000000e+00 5.254915e-43 0.000000e+00 0.000000e+00 5.254915e-43 1.787748e+02 0.000000e+00 
2.850529e+13 3.315907e-36 1.000000e+01 1.878169e+04 8.130405e-08 2.310056e+11 0.000000e+00 5.255101e-39 0.000000e+00 0.000000e+00 5.255101e-39 1.621690e+02 0.000000e+00 
3.031043e+13 1.259895e-32 1.000000e+01 1.878169e+04 7.415017e-08 2.532926e+11 0.000000e+00 2.189992e-35 0.000000e+00 0.000000e+00 2.189992e-35 1.471041e+02 0.000000e+00 
3.222989e+13 2.178153e-29 1.000000e+01 1.878169e+04 6.762576e-08 2.777299e+11 0.000000e+00 4.153955e-32 0.000000e+00 0.000000e+00 4.153955e-32 1.333622e+02 0.000000e+00 
3.427090e+13 1.854909e-26 1.000000e+01 1.878169e+04 6.167543e-08 3.045247e+11 0.000000e+00 3.883270e-29 0.000000e+00 0.000000e+00 3.883270e-29 1.209117e+02 0.000000e+00 
3.644116e+13 8.340534e-24 1.000000e+01 1.878169e+04 5.624866e-08 3.339047e+11 0.000000e+00 1.918455e-26 0.000000e+00 0.000000e+00 1.918455e-26 1.095662e+02 0.000000e+00 
3.874885e+13 2.109142e-21 1.000000e+01 1.878169e+04 5.129939e-08 3.661193e+11 0.000000e+00 5.337250e-24 0.000000e+00 0.000000e+00 5.337250e-24 9.929541e+01 0.000000e+00 
4.120268e+13 3.169858e-19 9.716723e+01 5.854565e+04 4.678560e-08 1.251361e+12 1.000000e-05 -4.417468e-18 -2.994590e+01 -6.118687e+05 8.841303e-22 8.994300e+01 -1.046541e-19 
4.381191e+13 2.978366e-17 9.464360e+01 5.778038e+04 4.266897e-08 1.354154e+12 1.000000e-05 -3.006009e-16 -1.965105e+01 -4.014910e+05 9.178989e-20 8.148193e+01 -7.091154e-18 
4.658637e+13 1.828614e-15 9.218552e+01 5.702510e+04 3.891456e-08 1.465392e+12 1.000000e-05 -1.392963e-14 -1.343320e+01 -2.744297e+05 6.246743e-18 7.378191e+01 -3.266822e-16 
4.953652e+13 7.642445e-14 8.979127e+01 5.627970e+04 3.549050e-08 1.585768e+12 1.000000e-05 -4.551133e-13 -9.513884e+00 -1.943275e+05 2.904870e-16 6.681946e+01 -1.059097e-14 
5.267350e+13 2.253033e-12 8.745921e+01 5.554405e+04 3.236772e-08 1.716032e+12 1.000000e-05 -1.084311e-11 -6.963877e+00 -1.421971e+05 9.570996e-15 6.048636e+01 -2.498237e-13 
5.600913e+13 4.843572e-11 8.518772e+01 5.481801e+04 2.951972e-08 1.856996e+12 1.000000e-05 -1.937145e-10 -5.243834e+00 -1.070176e+05 2.310864e-13 5.476246e+01 -4.406924e-12 
5.955600e+13 7.814933e-10 8.297522e+01 5.410146e+04 2.692230e-08 2.009541e+12 1.000000e-05 -2.667267e-09 -4.054715e+00 -8.267805e+04 4.209964e-12 4.955813e+01 -5.972975e-11 
6.332747e+13 9.724005e-09 8.082018e+01 5.339427e+04 2.455343e-08 2.174616e+12 1.000000e-05 -2.894405e-08 -3.206351e+00 -6.529252e+04 5.947182e-11 4.485621e+01 -6.356065e-10 
6.733779e+13 9.551324e-08 7.872112e+01 5.269633e+04 2.239299e-08 2.353251e+12 1.000000e-05 -2.531560e-07 -2.589513e+00 -5.262875e+04 6.669653e-10 4.058269e+01 -5.427574e-09 
7.160206e+13 7.572980e-07 7.667657e+01 5.200751e+04 2.042265e-08 2.546560e+12 1.000000e-05 -1.816762e-06 -2.128111e+00 -4.313241e+04 6.070454e-09 3.672295e+01 -3.781525e-08 
7.613637e+13 4.939677e-06 7.468513e+01 5.132770e+04 1.862568e-08 2.755749e+12 1.000000e-05 -1.089669e-05 -1.777988e+00 -3.590119e+04 4.569964e-08 3.321606e+01 -2.187095e-07 
8.095782e+13 2.699867e-05 7.274540e+01 5.065677e+04 1.698682e-08 2.982122e+12 1.000000e-05 -5.540778e-05 -1.505230e+00 -3.024315e+04 2.896748e-07 3.004960e+01 -1.062679e-06 
8.608461e+13 1.255776e-04 7.085606e+01 4.999462e+04 1.549217e-08 3.227090e+12 1.000000e-05 -2.425163e-04 -1.290516e+00 -2.576366e+04 1.569973e-06 2.717350e+01 -4.392798e-06 
9.153605e+13 5.046740e-04 6.901578e+01 4.934111e+04 1.412902e-08 3.492181e+12 1.000000e-05 -9.241736e-04 -1.117255e+00 -2.212524e+04 7.381236e-06 2.457718e+01 -1.554164e-05 
9.733271e+13 1.774638e-03 6.722330e+01 4.869615e+04 1.288582e-08 3.779049e+12 1.000000e-05 -3.105125e-03 -9.764759e-01 -1.914480e+04 3.048327e-05 2.221963e+01 -4.725560e-05 
1.034965e+14 5.529452e-03 6.547737e+01 4.805962e+04 1.175201e-08 4.089481e+12 1.000000e-05 -9.280862e-03 -8.593735e-01 -1.664435e+04 1.118923e-04 2.009183e+01 -1.220315e-04 
1.100505e+14 1.542345e-02 6.377679e+01 4.743142e+04 1.071796e-08 4.425414e+12 1.000000e-05 -2.492507e-02 -7.616102e-01 -1.453524e+04 3.688120e-04 1.816025e+01 -2.565519e-04 
1.170197e+14 3.891791e-02 6.212038e+01 4.681142e+04 9.774897e-09 4.788942e+12 1.000000e-05 -6.051026e-02 -6.781681e-01 -1.271712e+04 1.102193e-03 1.641718e+01 -3.594771e-04 
1.244301e+14 8.957776e-02 6.050699e+01 4.619953e+04 8.914813e-09 5.182333e+12 1.000000e-05 -1.336218e-01 -6.069084e-01 -1.114591e+04 3.011829e-03 1.483530e+01 1.717307e-04 
1.323098e+14 1.897177e-01 5.893550e+01 4.559563e+04 8.130408e-09 5.608038e+12 1.000000e-05 -2.686243e-01 -5.448077e-01 -9.762160e+03 7.585018e-03 1.340802e+01 3.781989e-03 
1.406886e+14 3.722312e-01 5.740483e+01 4.499963e+04 7.415023e-09 6.068711e+12 1.000000e-05 -4.911863e-01 -4.908419e-01 -8.544199e+03 1.772868e-02 1.211321e+01 1.827377e-02 
1.495979e+14 6.815444e-01 5.591391e+01 4.441142e+04 6.762588e-09 6.567223e+12 1.000000e-05 -8.101747e-01 -4.431285e-01 -7.456028e+03 3.871094e-02 1.094534e+01 6.394012e-02 
1.590714e+14 1.171127e+00 5.446171e+01 4.383090e+04 6.167565e-09 7.106678e+12 1.000000e-05 -1.191792e+00 -4.012154e-01 -6.487428e+03 7.942930e-02 9.886626e+00 1.823749e-01 
1.691449e+14 1.900620e+00 5.304723e+01 4.325797e+04 5.624906e-09 7.690433e+12 1.000000e-05 -1.534735e+00 -3.638376e-01 -5.615199e+03 1.539984e-01 8.932331e+00 4.356162e-01 
1.798562e+14 2.927135e+00 5.166948e+01 4.269252e+04 5.130008e-09 8.322117e+12 1.000000e-05 -1.693019e+00 -3.307230e-01 -4.832431e+03 2.835396e-01 8.067841e+00 8.800065e-01 
1.912459e+14 4.301067e+00 5.032752e+01 4.213447e+04 4.678672e-09 9.005647e+12 1.000000e-05 -1.538303e+00 -3.008974e-01 -4.121611e+03 4.980755e-01 7.288412e+00 1.520907e+00 
2.033569e+14 6.052463e+00 4.902041e+01 4.158371e+04 4.267073e-09 9.745254e+12 1.000000e-05 -1.029466e+00 -2.741536e-01 -3.476485e+03 8.382476e-01 6.581803e+00 2.301363e+00 
2.162348e+14 8.191606e+00 4.774725e+01 4.104015e+04 3.891720e-09 1.054550e+13 1.000000e-05 -1.949710e-01 -2.497485e-01 -2.883922e+03 1.356731e+00 5.943751e+00 3.147561e+00 
2.299282e+14 1.069286e+01 4.650716e+01 4.050370e+04 3.549433e-09 1.141132e+13 1.000000e-05 9.237572e-01 -2.276908e-01 -2.341688e+03 2.118933e+00 5.364886e+00 4.042419e+00 
2.444887e+14 1.351098e+01 4.529928e+01 3.997425e+04 3.237308e-09 1.234799e+13 1.000000e-05 2.332158e+00 -2.076003e-01 -1.844717e+03 3.203129e+00 4.841799e+00 5.048251e+00 
2.599714e+14 1.656711e+01 4.412276e+01 3.945173e+04 2.952699e-09 1.336124e+13 1.000000e-05 4.089738e+00 -1.893920e-01 -1.389392e+03 4.699841e+00 4.368181e+00 6.288723e+00 
2.764344e+14 1.977303e+01 4.297680e+01 3.893604e+04 2.693192e-09 1.445721e+13 1.000000e-05 6.296176e+00 -1.727730e-01 -9.714724e+02 6.710588e+00 3.941143e+00 7.916215e+00 
2.939401e+14 2.301918e+01 4.186061e+01 3.842709e+04 2.456581e-09 1.564251e+13 1.000000e-05 9.072485e+00 -1.576641e-01 -5.877350e+02 9.345998e+00 3.554341e+00 1.009073e+01 
3.125543e+14 2.620411e+01 4.077340e+01 3.792479e+04 2.240857e-09 1.692424e+13 1.000000e-05 1.254935e+01 -1.438673e-01 -2.355174e+02 1.272359e+01 3.203695e+00 1.296907e+01 
3.323473e+14 2.922113e+01 3.971444e+01 3.742906e+04 2.044183e-09 1.831004e+13 1.000000e-05 1.686042e+01 -1.312928e-01 8.833409e+01 1.696534e+01 2.885314e+00 1.669963e+01 
3.533937e+14 3.198498e+01 3.868297e+01 3.693981e+04 1.864882e-09 1.980812e+13 1.000000e-05 2.213858e+01 -1.198001e-01 3.857540e+02 2.219520e+01 2.597372e+00 2.142502e+01 
3.757729e+14 3.441749e+01 3.767830e+01 3.645695e+04 1.701425e-09 2.142731e+13 1.000000e-05 2.851406e+01 -1.092994e-01 6.595919e+02 2.853684e+01 2.336417e+00 2.727873e+01 
3.995693e+14 3.646708e+01 3.669971e+01 3.598041e+04 1.552412e-09 2.317709e+13 1.000000e-05 3.611253e+01 -9.968533e-02 9.114333e+02 3.611147e+01 2.099365e+00 3.438889e+01 
4.248727e+14 3.809465e+01 3.574655e+01 3.551009e+04 1.416570e-09 2.506766e+13 1.000000e-05 4.505424e+01 -9.087570e-02 1.143722e+03 4.503622e+01 1.883505e+00 4.287457e+01 
4.517784e+14 3.928554e+01 3.481814e+01 3.504592e+04 1.292732e-09 2.710996e+13 1.000000e-05 5.545286e+01 -8.278588e-02 1.357890e+03 5.542267e+01 1.687277e+00 5.284892e+01 
4.803880e+14 4.003684e+01 3.391384e+01 3.458782e+04 1.179836e-09 2.931579e+13 1.000000e-05 6.741496e+01 -7.534665e-02 1.555943e+03 6.737589e+01 1.509207e+00 6.441612e+01 
5.108093e+14 4.036431e+01 3.303303e+01 3.413571e+04 1.076911e-09 3.169781e+13 1.000000e-05 8.103942e+01 -6.848100e-02 1.739300e+03 8.099381e+01 1.347909e+00 7.767324e+01 
5.431571e+14 4.029052e+01 3.217509e+01 3.368951e+04 9.830714e-10 3.426964e+13 1.000000e-05 9.641730e+01 -6.213918e-02 1.909532e+03 9.636678e+01 1.201683e+00 9.270885e+01 
5.775534e+14 3.985152e+01 3.133944e+01 3.324914e+04 8.975102e-10 3.704597e+13 1.000000e-05 1.136319e+02 -5.623573e-02 2.068186e+03 1.135777e+02 1.068907e+00 1.096036e+02 
6.141279e+14 3.908199e+01 3.052549e+01 3.281452e+04 8.194908e-10 4.004257e+13 1.000000e-05 1.327587e+02 -5.075046e-02 2.216447e+03 1.327017e+02 9.478305e-01 1.284308e+02 
6.530185e+14 3.802935e+01 2.973268e+01 3.238559e+04 7.483419e-10 4.327646e+13 1.000000e-05 1.538661e+02 -4.556718e-02 2.356114e+03 1.538071e+02 8.371002e-01 1.492554e+02 
6.943719e+14 3.672757e+01 2.896047e+01 3.196226e+04 6.834516e-10 4.676595e+13 1.000000e-05 1.770150e+02 -4.070501e-02 2.488257e+03 1.769546e+02 7.353081e-01 1.721362e+02 
7.383441e+14 3.522970e+01 2.820830e+01 3.154447e+04 6.242622e-10 5.053080e+13 1.000000e-05 2.022604e+02 -3.598923e-02 2.614959e+03 2.021991e+02 6.417743e-01 1.971241e+02 
7.851009e+14 3.355840e+01 2.747568e+01 3.113214e+04 5.702657e-10 5.459234e+13 1.000000e-05 2.296494e+02 -3.145703e-02 2.738370e+03 2.295878e+02 5.556825e-01 2.242619e+02 
8.348187e+14 3.176742e+01 2.676208e+01 3.072520e+04 5.209992e-10 5.897359e+13 1.000000e-05 2.592236e+02 -2.685494e-02 2.860730e+03 2.591618e+02 4.771366e-01 2.535868e+02 
8.876849e+14 2.986168e+01 2.606701e+01 3.032357e+04 4.760411e-10 6.369948e+13 1.000000e-05 2.910156e+02 -2.196044e-02 2.991730e+03 2.909532e+02 4.058652e-01 2.851124e+02 
9.438989e+14 2.787355e+01 2.539000e+01 2.992720e+04 4.350070e-10 6.879705e+13 1.000000e-05 3.250442e+02 -1.659388e-02 3.132549e+03 3.249807e+02 3.420010e-01 3.188551e+02 
1.003673e+15 2.580392e+01 2.473057e+01 2.953601e+04 3.975465e-10 7.429574e+13 1.000001e-05 3.613305e+02 1.350739e-03 3.535631e+03 3.612476e+02 2.849813e-01 3.543365e+02 
1.067232e+15 2.289279e+01 2.408827e+01 2.914993e+04 3.633269e-10 8.023059e+13 1.000000e-05 3.996370e+02 5.014408e-02 4.695774e+03 3.994896e+02 2.276810e-01 3.903380e+02 
1.134816e+15 1.835286e+01 2.346265e+01 2.876890e+04 3.320187e-10 8.664844e+13 1.000000e-05 4.390717e+02 1.295650e-01 6.725785e+03 4.388171e+02 1.651810e-01 4.257402e+02 
1.206680e+15 1.283582e+01 2.285327e+01 2.839285e+04 3.033167e-10 9.360793e+13 1.000000e-05 4.784116e+02 2.261155e-01 9.316802e+03 4.780300e+02 1.051021e-01 4.599294e+02 
1.283095e+15 7.780407e+00 2.225973e+01 2.802171e+04 2.769752e-10 1.011705e+14 1.000000e-05 5.169429e+02 3.295748e-01 1.218101e+04 5.164303e+02 5.819712e-02 4.927617e+02 
1.364349e+15 4.108433e+00 2.168160e+01 2.765543e+04 2.528097e-10 1.093923e+14 1.000000e-05 5.548205e+02 4.361956e-01 1.519817e+04 5.541777e+02 2.816560e-02 5.246312e+02 
1.450749e+15 1.906064e+00 2.111848e+01 2.729393e+04 2.306719e-10 1.183236e+14 1.000000e-05 5.927876e+02 5.449758e-01 1.832632e+04 5.920156e+02 1.200959e-02 5.563645e+02 
1.542620e+15 7.841162e-01 2.056999e+01 2.693716e+04 2.104243e-10 1.280136e+14 1.000000e-05 6.317243e+02 6.555789e-01 2.154493e+04 6.308241e+02 4.551358e-03 5.888832e+02 
1.640308e+15 2.886011e-01 2.003575e+01 2.658505e+04 1.919293e-10 1.385148e+14 1.000000e-05 6.723632e+02 7.678085e-01 2.484016e+04 6.713356e+02 1.546319e-03 6.229478e+02 
1.744183e+15 9.582869e-02 1.951538e+01 2.623755e+04 1.750490e-10 1.498868e+14 1.000000e-05 7.152192e+02 8.815677e-01 2.820332e+04 7.140651e+02 4.747747e-04 6.590908e+02 
1.854637e+15 2.892124e-02 1.900852e+01 2.589458e+04 1.596491e-10 1.621969e+14 1.000000e-05 7.606392e+02 9.968538e-01 3.163017e+04 7.593592e+02 1.326962e-04 6.976678e+02 
1.972084e+15 7.986209e-03 1.851483e+01 2.555610e+04 1.456024e-10 1.755197e+14 1.000000e-05 8.088757e+02 1.113720e+00 3.511919e+04 8.074703e+02 3.397991e-05 7.389350e+02 
2.096970e+15 2.029610e-03 1.803397e+01 2.522205e+04 1.327912e-10 1.899376e+14 1.000000e-05 8.601420e+02 1.232234e+00 3.867001e+04 8.586114e+02 8.018225e-06 7.831064e+02 
2.229764e+15 4.771870e-04 1.756559e+01 2.489236e+04 1.211071e-10 2.055401e+14 1.000000e-05 9.146420e+02 1.352459e+00 4.228252e+04 9.129861e+02 1.752477e-06 8.303864e+02 
2.370967e+15 1.042740e-04 1.710937e+01 2.456698e+04 1.104510e-10 2.224243e+14 1.000000e-05 9.725843e+02 1.474441e+00 4.595663e+04 9.708029e+02 3.563977e-07 8.809842e+02 
2.521112e+15 2.126521e-05 1.666501e+01 2.424586e+04 1.007325e-10 2.406955e+14 1.000000e-05 1.034188e+03 1.598218e+00 4.969221e+04 1.032281e+03 6.771958e-08 9.351194e+02 
2.680766e+15 4.062377e-06 1.623218e+01 2.392893e+04 9.186913e-11 2.604675e+14 1.000000e-05 1.099686e+03 1.723820e+00 5.348910e+04 1.097651e+03 1.206707e-08 9.930247e+02 
2.850529e+15 7.293914e-07 1.581060e+01 2.361614e+04 8.378565e-11 2.818638e+14 1.000000e-05 1.169324e+03 1.851270e+00 5.734723e+04 1.167162e+03 2.023278e-09 1.054947e+03 
3.031043e+15 1.234599e-07 1.539997e+01 2.330744e+04 7.641342e-11 3.050177e+14 1.000000e-05 1.243366e+03 1.980589e+00 6.126657e+04 1.241074e+03 3.201834e-10 1.121150e+03 
3.222989e+15 1.975475e-08 1.500000e+01 2.300278e+04 6.968986e-11 3.300736e+14 1.000000e-05 1.322089e+03 2.111798e+00 6.524717e+04 1.319667e+03 4.795520e-11 1.191911e+03 
3.427090e+15 2.995619e-09 1.461042e+01 2.270210e+04 6.355791e-11 3.571877e+14 1.000000e-05 1.405791e+03 2.244914e+00 6.928913e+04 1.403237e+03 6.814997e-12 1.267527e+03 
3.644116e+15 4.314876e-10 1.423096e+01 2.240535e+04 5.796550e-11 3.865291e+14 1.000000e-05 1.494786e+03 2.379955e+00 7.339258e+04 1.492099e+03 9.210755e-13 1.348314e+03 
3.874885e+15 5.916066e-11 1.386135e+01 2.211248e+04 5.286517e-11 4.182808e+14 1.000000e-05 1.589411e+03 2.516933e+00 7.755758e+04 1.586589e+03 1.186447e-13 1.434606e+03 
4.120268e+15 7.736222e-12 1.350134e+01 2.182344e+04 4.821361e-11 4.526407e+14 1.000000e-05 1.690020e+03 2.655831e+00 8.178339e+04 1.687062e+03 1.459405e-14 1.526762e+03 
4.381191e+15 9.666449e-13 1.315069e+01 2.153818e+04 4.397133e-11 4.898232e+14 1.000000e-05 1.796994e+03 2.796450e+00 8.606401e+04 1.793898e+03 1.717369e-15 1.625172e+03 
4.658637e+15 1.156839e-13 1.280914e+01 2.125664e+04 4.010233e-11 5.300600e+14 1.000000e-05 1.910733e+03 2.936647e+00 9.033623e+04 1.907499e+03 1.936774e-16 1.730362e+03 
4.953652e+15 1.335903e-14 1.247646e+01 2.097879e+04 3.657376e-11 5.736021e+14 1.000000e-05 2.031645e+03 3.060686e+00 9.411127e+04 2.028295e+03 2.096988e-17 1.843718e+03 
5.267350e+15 1.478127e-15 1.215242e+01 2.070456e+04 3.335567e-11 6.207210e+14 1.000000e-05 2.160238e+03 3.212476e+00 9.873652e+04 2.156740e+03 2.182271e-18 1.963057e+03 
5.600913e+15 1.569128e-16 1.183679e+01 2.043393e+04 3.042073e-11 6.717106e+14 1.000000e-05 2.296968e+03 3.366851e+00 1.034423e+05 2.293319e+03 2.184966e-19 2.090372e+03 
5.955600e+15 1.600870e-17 1.152937e+01 2.016682e+04 2.774403e-11 7.268887e+14 1.000000e-05 2.442348e+03 3.522170e+00 1.081782e+05 2.438547e+03 2.107786e-20 2.226277e+03 
6.332747e+15 1.572144e-18 1.122993e+01 1.990321e+04 2.530286e-11 7.865994e+14 1.000000e-05 2.596927e+03 3.678425e+00 1.129438e+05 2.592972e+03 1.962214e-21 2.371321e+03 
6.733779e+15 1.488220e-19 1.093826e+01 1.964305e+04 2.307648e-11 8.512151e+14 1.000000e-05 2.761286e+03 3.835973e+00 1.177497e+05 2.757176e+03 1.768165e-22 2.526067e+03 
7.160206e+15 1.358908e-20 1.065418e+01 1.938629e+04 2.104600e-11 9.211387e+14 1.000000e-05 2.935983e+03 4.036541e+00 1.234720e+05 2.931778e+03 9.425835e-24 2.689210e+03 
7.613637e+15 1.197776e-21 1.000000e+01 1.878169e+04 1.919418e-11 9.785097e+14 0.000000e+00 3.117438e+03 0.000000e+00 0.000000e+00 3.117438e+03 9.970535e-26 0.000000e+00 
8.095782e+15 1.020812e-22 1.000000e+01 1.878169e+04 1.750530e-11 1.072915e+15 0.000000e+00 3.314854e+03 0.000000e+00 0.000000e+00 3.314854e+03 0.000000e+00 0.000000e+00 
8.608461e+15 8.423726e-24 1.000000e+01 1.878169e+04 1.596503e-11 1.176427e+15 0.000000e+00 3.524773e+03 0.000000e+00 0.000000e+00 3.524773e+03 0.000000e+00 0.000000e+00 
9.153605e+15 6.735747e-25 1.000000e+01 1.878169e+04 1.456028e-11 1.289927e+15 0.000000e+00 3.747984e+03 0.000000e+00 0.000000e+00 3.747984e+03 0.000000e+00 0.000000e+00 
9.733271e+15 5.223214e-26 1.000000e+01 1.878169e+04 1.327913e-11 1.414377e+15 0.000000e+00 3.985331e+03 0.000000e+00 0.000000e+00 3.985331e+03 0.000000e+00 0.000000e+00 
1.034965e+16 3.930879e-27 1.000000e+01 1.878169e+04 1.211071e-11 1.550833e+15 0.000000e+00 4.237709e+03 0.000000e+00 0.000000e+00 4.237709e+03 0.000000e+00 0.000000e+00 
1.100505e+16 2.873100e-28 1.000000e+01 1.878169e+04 1.104510e-11 1.700455e+15 0.000000e+00 4.506068e+03 0.000000e+00 0.000000e+00 4.506068e+03 0.000000e+00 0.000000e+00 
1.170197e+16 2.040862e-29 1.000000e+01 1.878169e+04 1.007325e-11 1.864512e+15 0.000000e+00 4.791422e+03 0.000000e+00 0.000000e+00 4.791422e+03 0.000000e+00 0.000000e+00 
1.244301e+16 1.409797e-30 1.000000e+01 1.878169e+04 9.186913e-12 2.044396e+15 0.000000e+00 5.094846e+03 0.000000e+00 0.000000e+00 5.094846e+03 0.000000e+00 0.000000e+00 
1.323098e+16 9.476424e-32 1.000000e+01 1.878169e+04 8.378565e-12 2.241636e+15 0.000000e+00 5.417486e+03 0.000000e+00 0.000000e+00 5.417486e+03 0.000000e+00 0.000000e+00 
1.406886e+16 6.201971e-33 1.000000e+01 1.878169e+04 7.641342e-12 2.457905e+15 0.000000e+00 5.760556e+03 0.000000e+00 0.000000e+00 5.760556e+03 0.000000e+00 0.000000e+00 
1.495979e+16 3.954154e-34 1.000000e+01 1.878169e+04 6.968986e-12 2.695039e+15 0.000000e+00 6.125353e+03 0.000000e+00 0.000000e+00 6.125353e+03 0.000000e+00 0.000000e+00 
1.590714e+16 2.457234e-35 1.000000e+01 1.878169e+04 6.355791e-12 2.955052e+15 0.000000e+00 6.513250e+03 0.000000e+00 0.000000e+00 6.513250e+03 0.000000e+00 0.000000e+00 
1.691449e+16 1.489119e-36 1.000000e+01 1.878169e+04 5.796550e-12 3.240150e+15 0.000000e+00 6.925712e+03 0.000000e+00 0.000000e+00 6.925712e+03 0.000000e+00 0.000000e+00 
1.798562e+16 8.804679e-38 1.000000e+01 1.878169e+04 5.286517e-12 3.552754e+15 0.000000e+00 7.364294e+03 0.000000e+00 0.000000e+00 7.364294e+03 0.000000e+00 0.000000e+00 
1.912459e+16 5.081622e-39 1.000000e+01 1.878169e+04 4.821361e-12 3.895517e+15 0.000000e+00 7.830649e+03 0.000000e+00 0.000000e+00 7.830649e+03 0.000000e+00 0.000000e+00 
2.033569e+16 2.864120e-40 1.000000e+01 1.878169e+04 4.397133e-12 4.271350e+15 0.000000e+00 8.326537e+03 0.000000e+00 0.000000e+00 8.326537e+03 0.000000e+00 0.000000e+00 
2.162348e+16 1.577131e-41 1.000000e+01 1.878169e+04 4.010233e-12 4.683442e+15 0.000000e+00 8.853828e+03 0.000000e+00 0.000000e+00 8.853828e+03 0.000000e+00 0.000000e+00 
2.299282e+16 8.488153e-43 1.000000e+01 1.878169e+04 3.657376e-12 5.135292e+15 0.000000e+00 9.414511e+03 0.000000e+00 0.000000e+00 9.414511e+03 0.000000e+00 0.000000e+00 
2.444887e+16 4.466859e-44 1.000000e+01 1.878169e+04 3.335567e-12 5.630735e+15 0.000000e+00 1.001070e+04 0.000000e+00 0.000000e+00 1.001070e+04 0.000000e+00 0.000000e+00 
2.599714e+16 2.299342e-45 1.000000e+01 1.878169e+04 3.042073e-12 6.173979e+15 0.000000e+00 1.064464e+04 0.000000e+00 0.000000e+00 1.064464e+04 0.000000e+00 0.000000e+00 
2.764344e+16 1.158193e-46 1.000000e+01 1.878169e+04 2.774403e-12 6.769633e+15 0.000000e+00 1.131873e+04 0.000000e+00 0.000000e+00 1.131873e+04 0.000000e+00 0.000000e+00 
2.939401e+16 5.710736e-48 1.000000e+01 1.878169e+04 2.530286e-12 7.422755e+15 0.000000e+00 1.203551e+04 0.000000e+00 0.000000e+00 1.203551e+04 0.000000e+00 0.000000e+00 
3.125543e+16 2.757345e-49 1.000000e+01 1.878169e+04 2.307648e-12 8.138889e+15 0.000000e+00 1.279768e+04 0.000000e+00 0.000000e+00 1.279768e+04 0.000000e+00 0.000000e+00 
3.323473e+16 1.304150e-50 1.000000e+01 1.878169e+04 2.104600e-12 8.924114e+15 0.000000e+00 1.360811e+04 0.000000e+00 0.000000e+00 1.360811e+04 0.000000e+00 0.000000e+00 
3.533937e+16 6.044317e-52 1.000000e+01 1.878169e+04 1.919418e-12 9.785097e+15 0.000000e+00 1.446986e+04 0.000000e+00 0.000000e+00 1.446986e+04 0.000000e+00 0.000000e+00 
3.757729e+16 2.745949e-53 1.000000e+01 1.878169e+04 1.750530e-12 1.072915e+16 0.000000e+00 1.538619e+04 0.000000e+00 0.000000e+00 1.538619e+04 0.000000e+00 0.000000e+00 
3.995693e+16 1.223215e-54 1.000000e+01 1.878169e+04 1.596503e-12 1.176427e+16 0.000000e+00 1.636054e+04 0.000000e+00 0.000000e+00 1.636054e+04 0.000000e+00 0.000000e+00 
4.248727e+16 5.344604e-56 1.000000e+01 1.878169e+04 1.456028e-12 1.289927e+16 0.000000e+00 1.739660e+04 0.000000e+00 0.000000e+00 1.739660e+04 0.000000e+00 0.000000e+00 
4.517784e+16 2.291213e-57 1.000000e+01 1.878169e+04 1.327913e-12 1.414377e+16 0.000000e+00 1.849827e+04 0.000000e+00 0.000000e+00 1.849827e+04 0.000000e+00 0.000000e+00 
4.803880e+16 9.640211e-59 1.000000e+01 1.878169e+04 1.211071e-12 1.550833e+16 0.000000e+00 1.966970e+04 0.000000e+00 0.000000e+00 1.966970e+04 0.000000e+00 0.000000e+00 
5.108093e+16 3.982090e-60 1.000000e+01 1.878169e+04 1.104510e-12 1.700455e+16 0.000000e+00 2.091532e+04 0.000000e+00 0.000000e+00 2.091532e+04 0.000000e+00 0.000000e+00 
5.431571e+16 1.615367e-61 1.000000e+01 1.878169e+04 1.007325e-12 1.864512e+16 0.000000e+00 2.223981e+04 0.000000e+00 0.000000e+00 2.223981e+04 0.000000e+00 0.000000e+00 
5.775534e+16 6.437233e-63 1.000000e+01 1.878169e+04 9.186913e-13 2.044396e+16 0.000000e+00 2.364818e+04 0.000000e+00 0.000000e+00 2.364818e+04 0.000000e+00 0.000000e+00 
6.141279e+16 2.520738e-64 1.000000e+01 1.878169e+04 8.378565e-13 2.241636e+16 0.000000e+00 2.514574e+04 0.000000e+00 0.000000e+00 2.514574e+04 0.000000e+00 0.000000e+00 
6.530185e+16 9.702659e-66 1.000000e+01 1.878169e+04 7.641342e-13 2.457905e+16 0.000000e+00 2.673813e+04 0.000000e+00 0.000000e+00 2.673813e+04 0.000000e+00 0.000000e+00 
6.943719e+16 3.672182e-67 1.000000e+01 1.878169e+04 6.968986e-13 2.695039e+16 0.000000e+00 2.843137e+04 0.000000e+00 0.000000e+00 2.843137e+04 0.000000e+00 0.000000e+00 
7.383441e+16 1.366993e-68 1.000000e+01 1.878169e+04 6.355791e-13 2.955052e+16 0.000000e+00 3.023183e+04 0.000000e+00 0.000000e+00 3.023183e+04 0.000000e+00 0.000000e+00 
7.851009e+16 5.006774e-70 1.000000e+01 1.878169e+04 5.796550e-13 3.240150e+16 0.000000e+00 3.214631e+04 0.000000e+00 0.000000e+00 3.214631e+04 0.000000e+00 0.000000e+00 
8.348187e+16 1.804865e-71 1.000000e+01 1.878169e+04 5.286517e-13 3.552754e+16 0.000000e+00 3.418202e+04 0.000000e+00 0.000000e+00 3.418202e+04 0.000000e+00 0.000000e+00 
8.876849e+16 6.405823e-73 1.000000e+01 1.878169e+04 4.821361e-13 3.895517e+16 0.000000e+00 3.634665e+04 0.000000e+00 0.000000e+00 3.634665e+04 0.000000e+00 0.000000e+00 
9.438989e+16 2.239250e-74 1.000000e+01 1.878169e+04 4.397133e-13 4.271350e+16 0.000000e+00 3.864836e+04 0.000000e+00 0.000000e+00 3.864836e+04 0.000000e+00 0.000000e+00 
1.003673e+17 7.712336e-76 1.000000e+01 1.878169e+04 4.010233e-13 4.683442e+16 0.000000e+00 4.109583e+04 0.000000e+00 0.000000e+00 4.109583e+04 0.000000e+00 0.000000e+00 
1.067232e+17 2.618115e-77 1.000000e+01 1.878169e+04 3.657376e-13 5.135292e+16 0.000000e+00 4.369829e+04 0.000000e+00 0.000000e+00 4.369829e+04 0.000000e+00 0.000000e+00 
1.134816e+17 8.763539e-79 1.000000e+01 1.878169e+04 3.335567e-13 5.630735e+16 0.000000e+00 4.646555e+04 0.000000e+00 0.000000e+00 4.646555e+04 0.000000e+00 0.000000e+00 
1.206680e+17 2.893554e-80 1.000000e+01 1.878169e+04 3.042073e-13 6.173979e+16 0.000000e+00 4.940806e+04 0.000000e+00 0.000000e+00 4.940806e+04 0.000000e+00 0.000000e+00 
1.283095e+17 9.428067e-82 1.000000e+01 1.878169e+04 2.774403e-13 6.769633e+16 0.000000e+00 5.253690e+04 0.000000e+00 0.000000e+00 5.253690e+04 0.000000e+00 0.000000e+00 
1.364349e+17 3.032726e-83 1.000000e+01 1.878169e+04 2.530286e-13 7.422755e+16 0.000000e+00 5.586388e+04 0.000000e+00 0.000000e+00 5.586388e+04 0.000000e+00 0.000000e+00 
1.450749e+17 9.989251e-85 1.000000e+01 1.878169e+04 2.307648e-13 8.138889e+16 0.000000e+00 5.940155e+04 0.000000e+00 0.000000e+00 5.940155e+04 0.000000e+00 0.000000e+00 
