time(s)          = 5.680246e+12
time(solar year) = 1.800000e+05
star mass (g)    = 1.531648e+33
star mass (Msun) = 7.702919e-01
total mass (g)   = 1.865980e+33
mdot (g/s)       = 1.924129e+20
mdot (Msun/yr)   = 3.053692e-06
1.542620e+13 4.278171e+04 1.480393e+02 7.226421e+04 1.669803e-07 4.327708e+11 2.863574e-02 -1.771533e+01 -1.691488e+01 1.539096e+03 -1.016096e+00 4.642811e+02 -2.076045e+01 
1.640308e+13 3.861240e+04 1.441944e+02 7.131961e+04 1.524849e-07 4.677160e+11 2.907523e-02 -1.501443e+01 -1.410958e+01 3.443158e+03 -1.117082e+00 3.901427e+02 -2.183184e+01 
1.744183e+13 3.484185e+04 1.404494e+02 7.038736e+04 1.392509e-07 5.054714e+11 2.941948e-02 7.237642e-01 1.902097e+00 3.461304e+03 -1.228304e+00 3.347703e+02 -6.132957e+00 
1.854637e+13 3.141283e+04 1.368016e+02 6.946729e+04 1.271684e-07 5.462622e+11 2.940913e-02 -8.832080e+00 -7.622087e+00 3.469613e+03 -1.350835e+00 3.018665e+02 -1.570524e+01 
1.972084e+13 2.836547e+04 1.332486e+02 6.855925e+04 1.161370e-07 5.903309e+11 3.002468e-02 -7.785520e+00 -6.429406e+00 3.474492e+03 -1.485865e+00 2.728229e+02 -1.466829e+01 
2.096970e+13 2.557311e+04 1.297879e+02 6.766309e+04 1.060650e-07 6.379398e+11 2.997876e-02 -1.751761e+01 -1.610541e+01 3.485294e+03 -1.634719e+00 2.463263e+02 -2.442168e+01 
2.229764e+13 2.310841e+04 1.264170e+02 6.677863e+04 9.686889e-08 6.893713e+11 3.087013e-02 -1.102707e+01 -9.386971e+00 3.489956e+03 -1.798871e+00 2.228811e+02 -1.794029e+01 
2.370967e+13 2.082540e+04 1.231337e+02 6.590574e+04 8.847227e-08 7.449310e+11 3.063396e-02 -1.948886e+01 -1.774830e+01 3.505166e+03 -1.979964e+00 2.012071e+02 -2.643208e+01 
2.521112e+13 1.882943e+04 1.199357e+02 6.504426e+04 8.080553e-08 8.049481e+11 3.176534e-02 -1.493652e+01 -1.295052e+01 3.505239e+03 -2.179830e+00 1.821771e+02 -2.187981e+01 
2.680766e+13 1.696491e+04 1.168207e+02 6.419403e+04 7.380504e-08 8.697784e+11 3.139140e-02 -2.575378e+01 -2.365053e+01 3.522411e+03 -2.400518e+00 1.644299e+02 -3.273095e+01 
2.850529e+13 1.534996e+04 1.137866e+02 6.335492e+04 6.741282e-08 9.398053e+11 3.282742e-02 -1.896519e+01 -1.655030e+01 3.519770e+03 -2.644319e+00 1.489822e+02 -2.593704e+01 
3.031043e+13 1.382472e+04 1.108314e+02 6.252678e+04 6.157586e-08 1.015443e+12 3.225197e-02 -2.968905e+01 -2.710722e+01 3.540958e+03 -2.913804e+00 1.344177e+02 -3.670274e+01 
3.222989e+13 1.251721e+04 1.079529e+02 6.170947e+04 5.624584e-08 1.097138e+12 3.398888e-02 -2.258197e+01 -1.963036e+01 3.534355e+03 -3.211861e+00 1.218664e+02 -2.958250e+01 
3.427090e+13 1.126914e+04 1.051491e+02 6.090284e+04 5.137860e-08 1.185374e+12 3.320121e-02 -3.513961e+01 -3.197838e+01 3.558652e+03 -3.541743e+00 1.099081e+02 -4.218813e+01 
3.644116e+13 1.021105e+04 1.024182e+02 6.010675e+04 4.693389e-08 1.280668e+12 3.528766e-02 -2.670671e+01 -2.309452e+01 3.548168e+03 -3.907122e+00 9.971421e+01 -3.373439e+01 
3.874885e+13 9.188883e+03 9.975815e+01 5.932107e+04 4.287492e-08 1.383584e+12 3.424944e-02 -4.034219e+01 -3.645552e+01 3.576454e+03 -4.312158e+00 8.988629e+01 -4.742576e+01 
4.120268e+13 8.332590e+03 9.716723e+01 5.854565e+04 3.916814e-08 1.494726e+12 3.671250e-02 -3.015369e+01 -2.571370e+01 3.561902e+03 -4.761580e+00 8.160613e+01 -3.720837e+01 
4.381191e+13 7.494582e+03 9.464360e+01 5.778038e+04 3.578289e-08 1.614749e+12 3.537353e-02 -4.536718e+01 -4.057359e+01 3.594387e+03 -5.260783e+00 7.352076e+01 -5.248607e+01 
4.658637e+13 6.801777e+03 9.218552e+01 5.702510e+04 3.269123e-08 1.744355e+12 3.825310e-02 -3.284049e+01 -2.736346e+01 3.575469e+03 -5.815957e+00 6.679686e+01 -3.992186e+01 
4.953652e+13 6.113915e+03 8.979127e+01 5.627970e+04 2.986761e-08 1.884305e+12 3.654711e-02 -4.971590e+01 -4.378186e+01 3.612721e+03 -6.434236e+00 6.013828e+01 -5.687092e+01 
5.267350e+13 5.553569e+03 8.745921e+01 5.554405e+04 2.728875e-08 2.035419e+12 3.988453e-02 -3.406807e+01 -2.728361e+01 3.589115e+03 -7.123907e+00 5.468176e+01 -4.117628e+01 
5.600913e+13 4.988121e+03 8.518772e+01 5.481801e+04 2.493334e-08 2.198583e+12 3.772353e-02 -5.275620e+01 -4.537916e+01 3.631799e+03 -7.894668e+00 4.919354e+01 -5.994881e+01 
5.955600e+13 4.535146e+03 8.297522e+01 5.410146e+04 2.278199e-08 2.374747e+12 4.156350e-02 -3.303885e+01 -2.459535e+01 3.603081e+03 -8.757986e+00 4.477156e+01 -4.017454e+01 
6.332747e+13 4.069503e+03 8.082018e+01 5.339427e+04 2.081694e-08 2.564944e+12 3.883285e-02 -5.356777e+01 -4.434970e+01 3.652087e+03 -9.727585e+00 4.024416e+01 -6.080036e+01 
6.733779e+13 3.703598e+03 7.872112e+01 5.269633e+04 1.902203e-08 2.770279e+12 4.322047e-02 -2.859375e+01 -1.802500e+01 3.617753e+03 -1.082016e+01 3.666578e+01 -3.575830e+01 
7.160206e+13 3.319314e+03 7.667657e+01 5.200751e+04 1.738246e-08 2.991953e+12 3.977145e-02 -5.074859e+01 -3.915275e+01 3.674283e+03 -1.205642e+01 3.292231e+01 -5.802494e+01 
7.613637e+13 3.024041e+03 7.468513e+01 5.132770e+04 1.588477e-08 3.231253e+12 4.474642e-02 -1.900440e+01 -5.672794e+00 3.633770e+03 -1.346279e+01 3.002390e+01 -2.620049e+01 
8.095782e+13 2.706039e+03 7.274540e+01 5.065677e+04 1.451660e-08 3.489576e+12 4.038552e-02 -4.200671e+01 -2.727805e+01 3.699520e+03 -1.507417e+01 2.690894e+01 -4.933286e+01 
8.608461e+13 2.468063e+03 7.085606e+01 4.999462e+04 1.326674e-08 3.768417e+12 4.596852e-02 -1.387108e+00 1.563004e+01 3.652366e+03 -1.693930e+01 2.455384e+01 -8.619892e+00 
9.153605e+13 2.203953e+03 6.901578e+01 4.934111e+04 1.212490e-08 4.069405e+12 4.043730e-02 -2.302157e+01 -4.007391e+00 3.729968e+03 -1.913159e+01 2.196083e+01 -3.040789e+01 
9.733271e+13 2.012399e+03 6.722330e+01 4.869615e+04 1.108172e-08 4.394277e+12 4.659451e-02 2.968977e+01 5.190475e+01 3.676274e+03 -2.177787e+01 2.014101e+01 2.241003e+01 
1.034965e+14 1.791860e+03 6.547737e+01 4.805962e+04 1.012862e-08 4.744933e+12 3.952896e-02 1.255744e+01 3.801838e+01 3.769491e+03 -2.516368e+01 1.791667e+01 5.093063e+00 
1.100505e+14 1.637929e+03 6.377679e+01 4.743142e+04 9.257807e-09 5.123396e+12 4.614714e-02 9.259252e+01 1.244387e+02 3.715365e+03 -3.069869e+01 1.628705e+01 8.523484e+01 
1.170197e+14 1.451132e+03 6.212038e+01 4.681142e+04 8.462104e-09 5.531889e+12 3.669551e-02 1.529719e+02 1.901775e+02 3.857230e+03 -3.542879e+01 1.430790e+01 1.453326e+02 
1.244301e+14 1.323592e+03 6.050699e+01 4.619953e+04 7.734997e-09 5.972792e+12 4.182779e-02 9.802181e+01 1.367721e+02 3.745503e+03 -3.750242e+01 1.294919e+01 9.060326e+01 
1.323098e+14 1.174041e+03 5.893550e+01 4.559563e+04 7.070563e-09 6.448656e+12 3.351705e-02 1.525116e+02 1.939902e+02 3.873774e+03 -3.969523e+01 1.138161e+01 1.448383e+02 
1.406886e+14 1.068738e+03 5.740483e+01 4.499963e+04 6.463373e-09 6.962252e+12 3.736098e-02 1.037380e+02 1.470744e+02 3.775506e+03 -4.201404e+01 1.026313e+01 9.625863e+01 
1.495979e+14 9.488294e+02 5.591391e+01 4.441142e+04 5.908485e-09 7.516550e+12 3.004389e-02 1.524620e+02 1.987181e+02 3.893254e+03 -4.446592e+01 9.005093e+00 1.447485e+02 
1.590714e+14 8.620330e+02 5.446171e+01 4.383090e+04 5.401371e-09 8.114773e+12 3.272209e-02 1.100159e+02 1.584686e+02 3.808141e+03 -4.705852e+01 8.069218e+00 1.024701e+02 
1.691449e+14 7.656885e+02 5.304723e+01 4.325797e+04 4.937907e-09 8.760384e+12 2.624460e-02 1.529212e+02 2.045074e+02 3.917244e+03 -4.979973e+01 7.037948e+00 1.451579e+02 
1.798562e+14 6.942657e+02 5.166948e+01 4.269252e+04 4.514318e-09 9.457136e+12 2.788244e-02 1.171310e+02 1.712800e+02 3.845439e+03 -5.269813e+01 6.233112e+00 1.095084e+02 
1.912459e+14 6.165938e+02 5.032752e+01 4.213447e+04 4.127162e-09 1.020907e+13 2.207805e-02 1.539569e+02 2.114696e+02 3.948655e+03 -5.576262e+01 5.361390e+00 1.461274e+02 
2.033569e+14 5.579235e+02 4.902041e+01 4.158371e+04 3.773289e-09 1.102055e+13 2.281014e-02 1.253431e+02 1.858131e+02 3.891423e+03 -5.900281e+01 4.651127e+00 1.176244e+02 
2.162348e+14 4.949210e+02 4.774725e+01 4.104015e+04 3.449825e-09 1.189630e+13 1.749290e-02 1.555475e+02 2.196276e+02 3.993555e+03 -6.242884e+01 3.902476e+00 1.476227e+02 
2.299282e+14 4.468160e+02 4.650716e+01 4.050370e+04 3.154144e-09 1.284142e+13 1.747252e-02 1.348676e+02 2.023339e+02 3.955825e+03 -6.605156e+01 3.285242e+00 1.270135e+02 
2.444887e+14 3.950314e+02 4.529928e+01 3.997425e+04 2.883841e-09 1.386146e+13 1.242573e-02 1.574689e+02 2.288263e+02 4.067382e+03 -6.988275e+01 2.664624e+00 1.493884e+02 
2.599714e+14 3.556613e+02 4.412276e+01 3.945173e+04 2.636728e-09 1.496238e+13 1.184193e-02 1.457519e+02 2.209758e+02 4.072237e+03 -7.393477e+01 2.173711e+00 1.376567e+02 
2.764344e+14 3.114203e+02 4.297680e+01 3.893604e+04 2.410783e-09 1.615079e+13 6.794851e-03 1.590079e+02 2.384760e+02 4.227506e+03 -7.822220e+01 1.700672e+00 1.505986e+02 
2.939401e+14 2.791775e+02 4.186061e+01 3.842709e+04 2.204180e-09 1.743373e+13 5.914592e-03 1.568231e+02 2.406818e+02 4.676282e+03 -8.275961e+01 1.336940e+00 1.475149e+02 
3.125543e+14 2.264816e+02 4.077340e+01 3.792479e+04 2.015084e-09 1.882045e+13 4.411325e-04 1.577061e+02 2.460135e+02 1.177817e+04 -8.757764e+01 7.511542e-01 1.342274e+02 
3.323473e+14 2.478984e+01 3.971444e+01 3.742906e+04 1.840153e-09 2.034019e+13 1.000000e-05 4.355343e+01 1.364371e+02 9.445119e+04 -9.288367e+01 0.000000e+00 -1.453489e+02 
3.533937e+14 1.025823e-01 3.868297e+01 3.693981e+04 1.678479e-09 2.200791e+13 1.000000e-05 -1.658037e+01 8.215716e+01 2.512727e+06 -9.873753e+01 0.000000e+00 -5.042030e+03 
3.757729e+14 3.906784e-04 3.767830e+01 3.645695e+04 1.530792e-09 2.381574e+13 1.000000e-05 -1.532878e+01 8.966131e+01 2.742619e+06 -1.049901e+02 0.000000e+00 -5.500562e+03 
3.995693e+14 9.728727e-07 3.669971e+01 3.598041e+04 1.396099e-09 2.577210e+13 1.000000e-05 2.608772e+01 1.377265e+02 4.212880e+06 -1.116388e+02 0.000000e+00 -8.399663e+03 
4.248727e+14 5.662399e-09 3.574655e+01 3.551009e+04 1.273257e-09 2.788917e+13 1.000000e-05 -5.952477e+01 5.918369e+01 1.810372e+06 -1.187085e+02 0.000000e+00 -3.680265e+03 
4.517784e+14 3.691896e-11 3.481814e+01 3.504592e+04 1.161225e-09 3.018014e+13 1.000000e-05 -7.321482e+01 5.301104e+01 1.622097e+06 -1.262259e+02 0.000000e+00 -3.317406e+03 
4.803880e+14 4.898277e-12 3.391384e+01 3.458782e+04 1.059049e-09 3.265931e+13 1.000000e-05 -1.316586e+02 2.560752e+00 7.892415e+04 -1.342193e+02 0.000000e+00 -2.895067e+02 
5.108093e+14 6.801916e-13 3.303303e+01 3.413571e+04 9.658645e-10 3.534213e+13 1.000000e-05 -1.402658e+02 2.453137e+00 7.565180e+04 -1.427190e+02 0.000000e+00 -2.915693e+02 
5.431571e+14 9.711722e-14 3.217509e+01 3.368951e+04 8.808789e-10 3.824533e+13 1.000000e-05 -1.493620e+02 2.394845e+00 7.386977e+04 -1.517569e+02 0.000000e+00 -2.971014e+02 
5.775534e+14 1.382874e-14 3.133944e+01 3.324914e+04 8.033711e-10 4.138702e+13 1.000000e-05 -1.589525e+02 2.414592e+00 7.445092e+04 -1.613671e+02 0.000000e+00 -3.078542e+02 
6.141279e+14 1.887537e-15 3.052549e+01 3.281452e+04 7.326832e-10 4.478678e+13 1.000000e-05 -1.690389e+02 2.546983e+00 7.835649e+04 -1.715859e+02 0.000000e+00 -3.257518e+02 
6.530185e+14 1.940885e-16 2.973268e+01 3.238559e+04 6.682150e-10 4.846582e+13 1.000000e-05 -1.789973e+02 3.454581e+00 1.056707e+05 -1.824519e+02 0.000000e+00 -3.903384e+02 
6.943719e+14 2.221698e-22 1.000000e+01 1.878169e+04 6.094193e-10 3.081900e+13 0.000000e+00 -1.940059e+02 0.000000e+00 0.000000e+00 -1.940059e+02 0.000000e+00 0.000000e+00 
7.383441e+14 0.000000e+00 1.000000e+01 1.878169e+04 5.557970e-10 3.379236e+13 0.000000e+00 -2.062917e+02 0.000000e+00 0.000000e+00 -2.062917e+02 0.000000e+00 0.000000e+00 
7.851009e+14 0.000000e+00 1.000000e+01 1.878169e+04 5.068929e-10 3.705259e+13 0.000000e+00 -2.193554e+02 0.000000e+00 0.000000e+00 -2.193554e+02 0.000000e+00 0.000000e+00 
8.348187e+14 0.000000e+00 1.000000e+01 1.878169e+04 4.622918e-10 4.062735e+13 0.000000e+00 -2.332464e+02 0.000000e+00 0.000000e+00 -2.332464e+02 0.000000e+00 0.000000e+00 
8.876849e+14 0.000000e+00 1.000000e+01 1.878169e+04 4.216152e-10 4.454701e+13 0.000000e+00 -2.480171e+02 0.000000e+00 0.000000e+00 -2.480171e+02 0.000000e+00 0.000000e+00 
9.438989e+14 0.000000e+00 1.000000e+01 1.878169e+04 3.845176e-10 4.884482e+13 0.000000e+00 -2.637232e+02 0.000000e+00 0.000000e+00 -2.637232e+02 0.000000e+00 0.000000e+00 
1.003673e+15 0.000000e+00 1.000000e+01 1.878169e+04 3.506842e-10 5.355728e+13 0.000000e+00 -2.804239e+02 0.000000e+00 0.000000e+00 -2.804239e+02 0.000000e+00 0.000000e+00 
1.067232e+15 0.000000e+00 1.000000e+01 1.878169e+04 3.198278e-10 5.872439e+13 0.000000e+00 -2.981822e+02 0.000000e+00 0.000000e+00 -2.981822e+02 0.000000e+00 0.000000e+00 
1.134816e+15 0.000000e+00 1.000000e+01 1.878169e+04 2.916864e-10 6.439001e+13 0.000000e+00 -3.170650e+02 0.000000e+00 0.000000e+00 -3.170650e+02 0.000000e+00 0.000000e+00 
1.206680e+15 0.000000e+00 1.000000e+01 1.878169e+04 2.660212e-10 7.060225e+13 0.000000e+00 -3.371437e+02 0.000000e+00 0.000000e+00 -3.371437e+02 0.000000e+00 0.000000e+00 
1.283095e+15 0.000000e+00 1.000000e+01 1.878169e+04 2.426142e-10 7.741382e+13 0.000000e+00 -3.584938e+02 0.000000e+00 0.000000e+00 -3.584938e+02 0.000000e+00 0.000000e+00 
1.364349e+15 0.000000e+00 1.000000e+01 1.878169e+04 2.212668e-10 8.488257e+13 0.000000e+00 -3.811960e+02 0.000000e+00 0.000000e+00 -3.811960e+02 0.000000e+00 0.000000e+00 
1.450749e+15 0.000000e+00 1.000000e+01 1.878169e+04 2.017977e-10 9.307189e+13 0.000000e+00 -4.053358e+02 0.000000e+00 0.000000e+00 -4.053358e+02 0.000000e+00 0.000000e+00 
1.542620e+15 0.000000e+00 1.000000e+01 1.878169e+04 1.840417e-10 1.020513e+14 0.000000e+00 -4.310044e+02 0.000000e+00 0.000000e+00 -4.310044e+02 0.000000e+00 0.000000e+00 
1.640308e+15 0.000000e+00 1.000000e+01 1.878169e+04 1.678480e-10 1.118970e+14 0.000000e+00 -4.582984e+02 0.000000e+00 0.000000e+00 -4.582984e+02 0.000000e+00 0.000000e+00 
1.744183e+15 0.000000e+00 1.000000e+01 1.878169e+04 1.530792e-10 1.226926e+14 0.000000e+00 -4.873209e+02 0.000000e+00 0.000000e+00 -4.873209e+02 0.000000e+00 0.000000e+00 
1.854637e+15 0.000000e+00 1.000000e+01 1.878169e+04 1.396099e-10 1.345298e+14 0.000000e+00 -5.181812e+02 0.000000e+00 0.000000e+00 -5.181812e+02 0.000000e+00 0.000000e+00 
1.972084e+15 0.000000e+00 1.000000e+01 1.878169e+04 1.273257e-10 1.475090e+14 0.000000e+00 -5.509959e+02 0.000000e+00 0.000000e+00 -5.509959e+02 0.000000e+00 0.000000e+00 
2.096970e+15 0.000000e+00 1.000000e+01 1.878169e+04 1.161225e-10 1.617404e+14 0.000000e+00 -5.858885e+02 0.000000e+00 0.000000e+00 -5.858885e+02 0.000000e+00 0.000000e+00 
2.229764e+15 0.000000e+00 1.000000e+01 1.878169e+04 1.059049e-10 1.773448e+14 0.000000e+00 -6.229909e+02 0.000000e+00 0.000000e+00 -6.229909e+02 0.000000e+00 0.000000e+00 
2.370967e+15 0.000000e+00 1.000000e+01 1.878169e+04 9.658645e-11 1.944547e+14 0.000000e+00 -6.624427e+02 0.000000e+00 0.000000e+00 -6.624427e+02 0.000000e+00 0.000000e+00 
2.521112e+15 0.000000e+00 1.000000e+01 1.878169e+04 8.808789e-11 2.132154e+14 0.000000e+00 -7.043930e+02 0.000000e+00 0.000000e+00 -7.043930e+02 0.000000e+00 0.000000e+00 
2.680766e+15 0.000000e+00 1.000000e+01 1.878169e+04 8.033711e-11 2.337860e+14 0.000000e+00 -7.489997e+02 0.000000e+00 0.000000e+00 -7.489997e+02 0.000000e+00 0.000000e+00 
2.850529e+15 0.000000e+00 1.000000e+01 1.878169e+04 7.326832e-11 2.563413e+14 0.000000e+00 -7.964313e+02 0.000000e+00 0.000000e+00 -7.964313e+02 0.000000e+00 0.000000e+00 
3.031043e+15 0.000000e+00 1.000000e+01 1.878169e+04 6.682150e-11 2.810726e+14 0.000000e+00 -8.468666e+02 0.000000e+00 0.000000e+00 -8.468666e+02 0.000000e+00 0.000000e+00 
3.222989e+15 0.000000e+00 1.000000e+01 1.878169e+04 6.094193e-11 3.081900e+14 0.000000e+00 -9.004958e+02 0.000000e+00 0.000000e+00 -9.004958e+02 0.000000e+00 0.000000e+00 
3.427090e+15 0.000000e+00 1.000000e+01 1.878169e+04 5.557970e-11 3.379236e+14 0.000000e+00 -9.575211e+02 0.000000e+00 0.000000e+00 -9.575211e+02 0.000000e+00 0.000000e+00 
3.644116e+15 0.000000e+00 1.000000e+01 1.878169e+04 5.068929e-11 3.705259e+14 0.000000e+00 -1.018158e+03 0.000000e+00 0.000000e+00 -1.018158e+03 0.000000e+00 0.000000e+00 
3.874885e+15 0.000000e+00 1.000000e+01 1.878169e+04 4.622918e-11 4.062735e+14 0.000000e+00 -1.082634e+03 0.000000e+00 0.000000e+00 -1.082634e+03 0.000000e+00 0.000000e+00 
4.120268e+15 0.000000e+00 1.000000e+01 1.878169e+04 4.216152e-11 4.454701e+14 0.000000e+00 -1.151194e+03 0.000000e+00 0.000000e+00 -1.151194e+03 0.000000e+00 0.000000e+00 
4.381191e+15 0.000000e+00 1.000000e+01 1.878169e+04 3.845176e-11 4.884482e+14 0.000000e+00 -1.224095e+03 0.000000e+00 0.000000e+00 -1.224095e+03 0.000000e+00 0.000000e+00 
4.658637e+15 0.000000e+00 1.000000e+01 1.878169e+04 3.506842e-11 5.355728e+14 0.000000e+00 -1.301612e+03 0.000000e+00 0.000000e+00 -1.301612e+03 0.000000e+00 0.000000e+00 
4.953652e+15 0.000000e+00 1.000000e+01 1.878169e+04 3.198278e-11 5.872439e+14 0.000000e+00 -1.384039e+03 0.000000e+00 0.000000e+00 -1.384039e+03 0.000000e+00 0.000000e+00 
5.267350e+15 0.000000e+00 1.000000e+01 1.878169e+04 2.916864e-11 6.439001e+14 0.000000e+00 -1.471685e+03 0.000000e+00 0.000000e+00 -1.471685e+03 0.000000e+00 0.000000e+00 
5.600913e+15 0.000000e+00 1.000000e+01 1.878169e+04 2.660212e-11 7.060225e+14 0.000000e+00 -1.564882e+03 0.000000e+00 0.000000e+00 -1.564882e+03 0.000000e+00 0.000000e+00 
5.955600e+15 0.000000e+00 1.000000e+01 1.878169e+04 2.426142e-11 7.741382e+14 0.000000e+00 -1.663981e+03 0.000000e+00 0.000000e+00 -1.663981e+03 0.000000e+00 0.000000e+00 
6.332747e+15 0.000000e+00 1.000000e+01 1.878169e+04 2.212668e-11 8.488257e+14 0.000000e+00 -1.769355e+03 0.000000e+00 0.000000e+00 -1.769355e+03 0.000000e+00 0.000000e+00 
6.733779e+15 0.000000e+00 1.000000e+01 1.878169e+04 2.017977e-11 9.307189e+14 0.000000e+00 -1.881402e+03 0.000000e+00 0.000000e+00 -1.881402e+03 0.000000e+00 0.000000e+00 
7.160206e+15 0.000000e+00 1.000000e+01 1.878169e+04 1.840417e-11 1.020513e+15 0.000000e+00 -2.000545e+03 0.000000e+00 0.000000e+00 -2.000545e+03 0.000000e+00 0.000000e+00 
7.613637e+15 0.000000e+00 1.000000e+01 1.878169e+04 1.678480e-11 1.118970e+15 0.000000e+00 -2.127233e+03 0.000000e+00 0.000000e+00 -2.127233e+03 0.000000e+00 0.000000e+00 
8.095782e+15 0.000000e+00 1.000000e+01 1.878169e+04 1.530792e-11 1.226926e+15 0.000000e+00 -2.261943e+03 0.000000e+00 0.000000e+00 -2.261943e+03 0.000000e+00 0.000000e+00 
8.608461e+15 0.000000e+00 1.000000e+01 1.878169e+04 1.396099e-11 1.345298e+15 0.000000e+00 -2.405184e+03 0.000000e+00 0.000000e+00 -2.405184e+03 0.000000e+00 0.000000e+00 
9.153605e+15 0.000000e+00 1.000000e+01 1.878169e+04 1.273257e-11 1.475090e+15 0.000000e+00 -2.557496e+03 0.000000e+00 0.000000e+00 -2.557496e+03 0.000000e+00 0.000000e+00 
9.733271e+15 0.000000e+00 1.000000e+01 1.878169e+04 1.161225e-11 1.617404e+15 0.000000e+00 -2.719454e+03 0.000000e+00 0.000000e+00 -2.719454e+03 0.000000e+00 0.000000e+00 
1.034965e+16 0.000000e+00 1.000000e+01 1.878169e+04 1.059049e-11 1.773448e+15 0.000000e+00 -2.891667e+03 0.000000e+00 0.000000e+00 -2.891667e+03 0.000000e+00 0.000000e+00 
1.100505e+16 0.000000e+00 1.000000e+01 1.878169e+04 9.658645e-12 1.944547e+15 0.000000e+00 -3.074787e+03 0.000000e+00 0.000000e+00 -3.074787e+03 0.000000e+00 0.000000e+00 
1.170197e+16 0.000000e+00 1.000000e+01 1.878169e+04 8.808789e-12 2.132154e+15 0.000000e+00 -3.269502e+03 0.000000e+00 0.000000e+00 -3.269502e+03 0.000000e+00 0.000000e+00 
1.244301e+16 0.000000e+00 1.000000e+01 1.878169e+04 8.033711e-12 2.337860e+15 0.000000e+00 -3.476549e+03 0.000000e+00 0.000000e+00 -3.476549e+03 0.000000e+00 0.000000e+00 
1.323098e+16 0.000000e+00 1.000000e+01 1.878169e+04 7.326832e-12 2.563413e+15 0.000000e+00 -3.696707e+03 0.000000e+00 0.000000e+00 -3.696707e+03 0.000000e+00 0.000000e+00 
1.406886e+16 0.000000e+00 1.000000e+01 1.878169e+04 6.682150e-12 2.810726e+15 0.000000e+00 -3.930807e+03 0.000000e+00 0.000000e+00 -3.930807e+03 0.000000e+00 0.000000e+00 
1.495979e+16 0.000000e+00 1.000000e+01 1.878169e+04 6.094193e-12 3.081900e+15 0.000000e+00 -4.179731e+03 0.000000e+00 0.000000e+00 -4.179731e+03 0.000000e+00 0.000000e+00 
1.590714e+16 0.000000e+00 1.000000e+01 1.878169e+04 5.557970e-12 3.379236e+15 0.000000e+00 -4.444419e+03 0.000000e+00 0.000000e+00 -4.444419e+03 0.000000e+00 0.000000e+00 
1.691449e+16 0.000000e+00 1.000000e+01 1.878169e+04 5.068929e-12 3.705259e+15 0.000000e+00 -4.725869e+03 0.000000e+00 0.000000e+00 -4.725869e+03 0.000000e+00 0.000000e+00 
1.798562e+16 0.000000e+00 1.000000e+01 1.878169e+04 4.622918e-12 4.062735e+15 0.000000e+00 -5.025142e+03 0.000000e+00 0.000000e+00 -5.025142e+03 0.000000e+00 0.000000e+00 
1.912459e+16 0.000000e+00 1.000000e+01 1.878169e+04 4.216152e-12 4.454701e+15 0.000000e+00 -5.343367e+03 0.000000e+00 0.000000e+00 -5.343367e+03 0.000000e+00 0.000000e+00 
2.033569e+16 0.000000e+00 1.000000e+01 1.878169e+04 3.845176e-12 4.884482e+15 0.000000e+00 -5.681744e+03 0.000000e+00 0.000000e+00 -5.681744e+03 0.000000e+00 0.000000e+00 
2.162348e+16 0.000000e+00 1.000000e+01 1.878169e+04 3.506842e-12 5.355728e+15 0.000000e+00 -6.041549e+03 0.000000e+00 0.000000e+00 -6.041549e+03 0.000000e+00 0.000000e+00 
2.299282e+16 0.000000e+00 1.000000e+01 1.878169e+04 3.198278e-12 5.872439e+15 0.000000e+00 -6.424140e+03 0.000000e+00 0.000000e+00 -6.424140e+03 0.000000e+00 0.000000e+00 
2.444887e+16 0.000000e+00 1.000000e+01 1.878169e+04 2.916864e-12 6.439001e+15 0.000000e+00 -6.830959e+03 0.000000e+00 0.000000e+00 -6.830959e+03 0.000000e+00 0.000000e+00 
2.599714e+16 0.000000e+00 1.000000e+01 1.878169e+04 2.660212e-12 7.060225e+15 0.000000e+00 -7.263540e+03 0.000000e+00 0.000000e+00 -7.263540e+03 0.000000e+00 0.000000e+00 
2.764344e+16 0.000000e+00 1.000000e+01 1.878169e+04 2.426142e-12 7.741382e+15 0.000000e+00 -7.723515e+03 0.000000e+00 0.000000e+00 -7.723515e+03 0.000000e+00 0.000000e+00 
2.939401e+16 0.000000e+00 1.000000e+01 1.878169e+04 2.212668e-12 8.488257e+15 0.000000e+00 -8.212619e+03 0.000000e+00 0.000000e+00 -8.212619e+03 0.000000e+00 0.000000e+00 
3.125543e+16 0.000000e+00 1.000000e+01 1.878169e+04 2.017977e-12 9.307189e+15 0.000000e+00 -8.732696e+03 0.000000e+00 0.000000e+00 -8.732696e+03 0.000000e+00 0.000000e+00 
3.323473e+16 0.000000e+00 1.000000e+01 1.878169e+04 1.840417e-12 1.020513e+16 0.000000e+00 -9.285708e+03 0.000000e+00 0.000000e+00 -9.285708e+03 0.000000e+00 0.000000e+00 
3.533937e+16 0.000000e+00 1.000000e+01 1.878169e+04 1.678480e-12 1.118970e+16 0.000000e+00 -9.873740e+03 0.000000e+00 0.000000e+00 -9.873740e+03 0.000000e+00 0.000000e+00 
3.757729e+16 0.000000e+00 1.000000e+01 1.878169e+04 1.530792e-12 1.226926e+16 0.000000e+00 -1.049901e+04 0.000000e+00 0.000000e+00 -1.049901e+04 0.000000e+00 0.000000e+00 
3.995693e+16 0.000000e+00 1.000000e+01 1.878169e+04 1.396099e-12 1.345298e+16 0.000000e+00 -1.116388e+04 0.000000e+00 0.000000e+00 -1.116388e+04 0.000000e+00 0.000000e+00 
4.248727e+16 0.000000e+00 1.000000e+01 1.878169e+04 1.273257e-12 1.475090e+16 0.000000e+00 -1.187085e+04 0.000000e+00 0.000000e+00 -1.187085e+04 0.000000e+00 0.000000e+00 
4.517784e+16 0.000000e+00 1.000000e+01 1.878169e+04 1.161225e-12 1.617404e+16 0.000000e+00 -1.262259e+04 0.000000e+00 0.000000e+00 -1.262259e+04 0.000000e+00 0.000000e+00 
4.803880e+16 0.000000e+00 1.000000e+01 1.878169e+04 1.059049e-12 1.773448e+16 0.000000e+00 -1.342193e+04 0.000000e+00 0.000000e+00 -1.342193e+04 0.000000e+00 0.000000e+00 
5.108093e+16 0.000000e+00 1.000000e+01 1.878169e+04 9.658645e-13 1.944547e+16 0.000000e+00 -1.427190e+04 0.000000e+00 0.000000e+00 -1.427190e+04 0.000000e+00 0.000000e+00 
5.431571e+16 0.000000e+00 1.000000e+01 1.878169e+04 8.808789e-13 2.132154e+16 0.000000e+00 -1.517569e+04 0.000000e+00 0.000000e+00 -1.517569e+04 0.000000e+00 0.000000e+00 
5.775534e+16 0.000000e+00 1.000000e+01 1.878169e+04 8.033711e-13 2.337860e+16 0.000000e+00 -1.613671e+04 0.000000e+00 0.000000e+00 -1.613671e+04 0.000000e+00 0.000000e+00 
6.141279e+16 0.000000e+00 1.000000e+01 1.878169e+04 7.326832e-13 2.563413e+16 0.000000e+00 -1.715859e+04 0.000000e+00 0.000000e+00 -1.715859e+04 0.000000e+00 0.000000e+00 
6.530185e+16 0.000000e+00 1.000000e+01 1.878169e+04 6.682150e-13 2.810726e+16 0.000000e+00 -1.824519e+04 0.000000e+00 0.000000e+00 -1.824519e+04 0.000000e+00 0.000000e+00 
6.943719e+16 0.000000e+00 1.000000e+01 1.878169e+04 6.094193e-13 3.081900e+16 0.000000e+00 -1.940059e+04 0.000000e+00 0.000000e+00 -1.940059e+04 0.000000e+00 0.000000e+00 
7.383441e+16 0.000000e+00 1.000000e+01 1.878169e+04 5.557970e-13 3.379236e+16 0.000000e+00 -2.062917e+04 0.000000e+00 0.000000e+00 -2.062917e+04 0.000000e+00 0.000000e+00 
7.851009e+16 0.000000e+00 1.000000e+01 1.878169e+04 5.068929e-13 3.705259e+16 0.000000e+00 -2.193554e+04 0.000000e+00 0.000000e+00 -2.193554e+04 0.000000e+00 0.000000e+00 
8.348187e+16 0.000000e+00 1.000000e+01 1.878169e+04 4.622918e-13 4.062735e+16 0.000000e+00 -2.332464e+04 0.000000e+00 0.000000e+00 -2.332464e+04 0.000000e+00 0.000000e+00 
8.876849e+16 0.000000e+00 1.000000e+01 1.878169e+04 4.216152e-13 4.454701e+16 0.000000e+00 -2.480171e+04 0.000000e+00 0.000000e+00 -2.480171e+04 0.000000e+00 0.000000e+00 
9.438989e+16 0.000000e+00 1.000000e+01 1.878169e+04 3.845176e-13 4.884482e+16 0.000000e+00 -2.637232e+04 0.000000e+00 0.000000e+00 -2.637232e+04 0.000000e+00 0.000000e+00 
1.003673e+17 0.000000e+00 1.000000e+01 1.878169e+04 3.506842e-13 5.355728e+16 0.000000e+00 -2.804239e+04 0.000000e+00 0.000000e+00 -2.804239e+04 0.000000e+00 0.000000e+00 
1.067232e+17 0.000000e+00 1.000000e+01 1.878169e+04 3.198278e-13 5.872439e+16 0.000000e+00 -2.981822e+04 0.000000e+00 0.000000e+00 -2.981822e+04 0.000000e+00 0.000000e+00 
1.134816e+17 0.000000e+00 1.000000e+01 1.878169e+04 2.916864e-13 6.439001e+16 0.000000e+00 -3.170650e+04 0.000000e+00 0.000000e+00 -3.170650e+04 0.000000e+00 0.000000e+00 
1.206680e+17 0.000000e+00 1.000000e+01 1.878169e+04 2.660212e-13 7.060225e+16 0.000000e+00 -3.371437e+04 0.000000e+00 0.000000e+00 -3.371437e+04 0.000000e+00 0.000000e+00 
1.283095e+17 0.000000e+00 1.000000e+01 1.878169e+04 2.426142e-13 7.741382e+16 0.000000e+00 -3.584938e+04 0.000000e+00 0.000000e+00 -3.584938e+04 0.000000e+00 0.000000e+00 
1.364349e+17 0.000000e+00 1.000000e+01 1.878169e+04 2.212668e-13 8.488257e+16 0.000000e+00 -3.811960e+04 0.000000e+00 0.000000e+00 -3.811960e+04 0.000000e+00 0.000000e+00 
1.450749e+17 0.000000e+00 1.000000e+01 1.878169e+04 2.017977e-13 9.307189e+16 0.000000e+00 -4.053358e+04 0.000000e+00 0.000000e+00 -4.053358e+04 0.000000e+00 0.000000e+00 
