time(s)          = 4.733539e+12
time(solar year) = 1.500000e+05
star mass (g)    = 1.139555e+33
star mass (Msun) = 5.731015e-01
total mass (g)   = 1.328874e+33
mdot (g/s)       = 2.126240e+20
mdot (Msun/yr)   = 3.374451e-06
1.542620e+13 3.617139e+04 1.480393e+02 7.226421e+04 1.440427e-07 5.016860e+11 2.040044e-02 -1.035087e+02 -1.023351e+02 1.754563e+03 -2.305843e+00 3.906569e+02 -1.069802e+02 
1.640308e+13 3.276476e+04 1.441944e+02 7.131961e+04 1.315619e-07 5.420992e+11 2.183208e-02 -1.002212e+02 -9.875532e+01 3.919771e+03 -2.540985e+00 3.329062e+02 -1.079817e+02 
1.744183e+13 2.965919e+04 1.404494e+02 7.038736e+04 1.201662e-07 5.857499e+11 2.309557e-02 -1.098455e+02 -1.081671e+02 3.930292e+03 -2.801063e+00 2.890129e+02 -1.176301e+02 
1.854637e+13 2.687551e+04 1.368016e+02 6.946729e+04 1.097611e-07 6.328955e+11 2.476233e-02 -1.082224e+02 -1.062357e+02 3.939635e+03 -3.088913e+00 2.613714e+02 -1.160257e+02 
1.972084e+13 2.431957e+04 1.332486e+02 6.855925e+04 1.002601e-07 6.838141e+11 2.598617e-02 -7.177008e+01 -6.910862e+01 3.976414e+03 -3.407741e+00 2.367991e+02 -7.964615e+01 
2.096970e+13 2.197899e+04 1.297879e+02 6.766309e+04 9.158425e-08 7.388071e+11 2.675951e-02 -6.588872e+01 -6.281405e+01 3.995753e+03 -3.761182e+00 2.141576e+02 -7.380305e+01 
2.229764e+13 1.987918e+04 1.264170e+02 6.677863e+04 8.366169e-08 7.981984e+11 2.783667e-02 -5.825742e+01 -5.471351e+01 4.007093e+03 -4.153364e+00 1.939541e+02 -6.619411e+01 
2.370967e+13 1.795684e+04 1.231337e+02 6.590574e+04 7.642680e-08 8.623380e+11 2.841873e-02 -9.037900e+01 -8.670996e+01 4.007874e+03 -4.588997e+00 1.754420e+02 -9.831710e+01 
2.521112e+13 1.627137e+04 1.199357e+02 6.504426e+04 6.981983e-08 9.316015e+11 3.026742e-02 -3.840580e+01 -3.374078e+01 4.029991e+03 -5.073477e+00 1.591602e+02 -4.638766e+01 
2.680766e+13 1.465270e+04 1.168207e+02 6.419403e+04 6.378594e-08 1.006398e+12 2.958461e-02 -5.583444e+01 -5.079677e+01 4.057852e+03 -5.613038e+00 1.435976e+02 -6.387132e+01 
2.850529e+13 1.328978e+04 1.137866e+02 6.335492e+04 5.827533e-08 1.087165e+12 3.185082e-02 -2.556662e+01 -1.962486e+01 4.052211e+03 -6.214908e+00 1.303948e+02 -3.359227e+01 
3.031043e+13 1.194783e+04 1.108314e+02 6.252678e+04 5.324242e-08 1.174379e+12 3.041874e-02 -5.532202e+01 -4.899495e+01 4.085201e+03 -6.887551e+00 1.174890e+02 -6.341281e+01 
3.222989e+13 1.085389e+04 1.079529e+02 6.170947e+04 4.864575e-08 1.268548e+12 3.339666e-02 -2.411878e+01 -1.672399e+01 4.065792e+03 -7.640965e+00 1.068330e+02 -3.217109e+01 
3.427090e+13 9.741871e+03 1.051491e+02 6.090284e+04 4.444731e-08 1.370225e+12 3.118742e-02 -4.399337e+01 -3.594176e+01 4.116643e+03 -8.487118e+00 9.609391e+01 -5.214620e+01 
3.644116e+13 8.858983e+03 1.024182e+02 6.010675e+04 4.061256e-08 1.480004e+12 3.464164e-02 -1.512047e+01 -5.820771e+00 4.084735e+03 -9.440560e+00 8.745455e+01 -2.321006e+01 
3.874885e+13 7.939423e+03 9.975815e+01 5.932107e+04 3.710982e-08 1.598528e+12 3.170017e-02 -3.723390e+01 -2.706518e+01 4.144975e+03 -1.051932e+01 7.855223e+01 -4.544260e+01 
4.120268e+13 7.228214e+03 9.716723e+01 5.854565e+04 3.391031e-08 1.726485e+12 3.568366e-02 -3.384799e+00 8.358774e+00 4.103996e+03 -1.174640e+01 7.156062e+01 -1.151233e+01 
4.381191e+13 6.466336e+03 9.464360e+01 5.778038e+04 3.098764e-08 1.864626e+12 3.187848e-02 -2.470144e+01 -1.175134e+01 4.176510e+03 -1.315214e+01 6.419001e+01 -3.297233e+01 
4.658637e+13 5.893893e+03 9.218552e+01 5.702510e+04 2.831782e-08 2.013753e+12 3.637433e-02 1.518971e+01 3.018001e+01 4.126191e+03 -1.477881e+01 5.863933e+01 7.018597e+00 
4.953652e+13 5.260987e+03 8.979127e+01 5.627970e+04 2.587884e-08 2.174738e+12 3.154046e-02 -5.261147e+00 1.145408e+01 4.212463e+03 -1.668999e+01 5.243601e+01 -1.360293e+01 
5.267350e+13 4.801128e+03 8.745921e+01 5.554405e+04 2.365071e-08 2.348514e+12 3.653326e-02 4.331605e+01 6.284543e+01 4.153015e+03 -1.899497e+01 4.793612e+01 3.509208e+01 
5.600913e+13 4.272965e+03 8.518772e+01 5.481801e+04 2.161508e-08 2.536100e+12 3.042742e-02 2.915608e+01 5.151552e+01 4.258155e+03 -2.193743e+01 4.284854e+01 2.072428e+01 
5.955600e+13 3.903879e+03 8.297522e+01 5.410146e+04 1.975530e-08 2.738580e+12 3.577734e-02 1.020959e+02 1.300829e+02 4.198328e+03 -2.679149e+01 3.889734e+01 9.378196e+01 
6.332747e+13 3.456647e+03 8.082018e+01 5.339427e+04 1.805601e-08 2.957147e+12 2.771738e-02 1.600605e+02 1.928107e+02 4.358473e+03 -3.095834e+01 3.407237e+01 1.514285e+02 
6.733779e+13 3.151498e+03 7.872112e+01 5.269633e+04 1.650330e-08 3.193079e+12 3.180877e-02 1.097638e+02 1.438413e+02 4.235678e+03 -3.277526e+01 3.073226e+01 1.013741e+02 
7.160206e+13 2.792508e+03 7.667657e+01 5.200751e+04 1.508450e-08 3.447745e+12 2.466374e-02 1.618923e+02 1.983920e+02 4.383099e+03 -3.469704e+01 2.687889e+01 1.532095e+02 
7.613637e+13 2.541148e+03 7.468513e+01 5.132770e+04 1.378801e-08 3.722633e+12 2.766856e-02 1.171451e+02 1.552491e+02 4.274154e+03 -3.672975e+01 2.411946e+01 1.086771e+02 
8.095782e+13 2.252381e+03 7.274540e+01 5.065677e+04 1.260325e-08 4.019341e+12 2.131801e-02 1.633591e+02 2.040353e+02 4.412828e+03 -3.887966e+01 2.098299e+01 1.546147e+02 
8.608461e+13 2.045757e+03 7.085606e+01 4.999462e+04 1.152056e-08 4.339601e+12 2.335369e-02 1.238230e+02 1.663939e+02 4.317398e+03 -4.115355e+01 1.861328e+01 1.152659e+02 
9.153605e+13 1.812762e+03 6.901578e+01 4.934111e+04 1.053110e-08 4.685275e+12 1.768251e-02 1.639770e+02 2.092788e+02 4.450512e+03 -4.355853e+01 1.595543e+01 1.551535e+02 
9.733271e+13 1.643262e+03 6.722330e+01 4.869615e+04 9.626823e-09 5.058383e+12 1.887152e-02 1.292686e+02 1.767688e+02 4.369303e+03 -4.610219e+01 1.383497e+01 1.206028e+02 
1.034965e+14 1.454284e+03 6.547737e+01 4.805962e+04 8.800354e-09 5.461101e+12 1.376978e-02 1.631515e+02 2.135469e+02 4.502108e+03 -4.879260e+01 1.151976e+01 1.542179e+02 
1.100505e+14 1.315509e+03 6.377679e+01 4.743142e+04 8.044969e-09 5.895786e+12 1.424258e-02 1.329465e+02 1.858660e+02 4.439445e+03 -5.163832e+01 9.625756e+00 1.241320e+02 
1.170197e+14 1.160536e+03 6.212038e+01 4.681142e+04 7.354513e-09 6.364992e+12 9.601181e-03 1.602633e+02 2.162686e+02 4.583028e+03 -5.464868e+01 7.675798e+00 1.511573e+02 
1.244301e+14 1.047058e+03 6.050699e+01 4.619953e+04 6.723379e-09 6.871474e+12 9.501521e-03 1.344207e+02 1.933220e+02 4.560921e+03 -5.783344e+01 6.127372e+00 1.253518e+02 
1.323098e+14 9.158043e+02 5.893550e+01 4.559563e+04 6.146401e-09 7.418265e+12 5.198365e-03 1.548139e+02 2.170629e+02 4.751232e+03 -6.120391e+01 4.649676e+00 1.453592e+02 
1.406886e+14 8.226449e+02 5.740483e+01 4.499963e+04 5.618902e-09 8.008616e+12 4.697626e-03 1.329364e+02 1.985038e+02 5.089379e+03 -6.477159e+01 3.504643e+00 1.228007e+02 
1.495979e+14 6.798775e+02 5.591391e+01 4.441142e+04 5.136313e-09 8.646557e+12 5.422386e-04 1.465525e+02 2.155687e+02 1.274011e+04 -6.855694e+01 1.661909e+00 1.211343e+02 
1.590714e+14 9.160965e+01 5.446171e+01 4.383090e+04 4.690364e-09 9.344881e+12 1.000000e-05 8.042037e+01 1.531325e+02 8.618719e+04 -7.271247e+01 1.405927e-03 -9.195134e+01 
1.691449e+14 8.689267e-01 5.304723e+01 4.325797e+04 4.278392e-09 1.011080e+13 1.000000e-05 -3.700288e+01 4.028787e+01 1.232152e+06 -7.729075e+01 0.000000e+00 -2.501304e+03 
1.798562e+14 2.517225e-03 5.166948e+01 4.269252e+04 3.901947e-09 1.094134e+13 1.000000e-05 5.030621e+01 1.324912e+02 4.052735e+06 -8.218501e+01 0.000000e+00 -8.055156e+03 
1.912459e+14 1.414806e-05 5.032752e+01 4.213447e+04 3.558618e-09 1.184012e+13 1.000000e-05 -1.880052e+01 6.858899e+01 2.098055e+06 -8.738951e+01 0.000000e+00 -4.214906e+03 
2.033569e+14 4.850684e-08 4.902041e+01 4.158371e+04 3.245498e-09 1.281273e+13 1.000000e-05 2.001391e+01 1.129375e+02 3.454595e+06 -9.292358e+01 0.000000e+00 -6.889170e+03 
2.162348e+14 4.358097e-24 1.000000e+01 1.878169e+04 2.959930e-09 6.345317e+12 0.000000e+00 -9.880812e+01 0.000000e+00 0.000000e+00 -9.880812e+01 0.000000e+00 0.000000e+00 
2.299282e+14 0.000000e+00 1.000000e+01 1.878169e+04 2.699488e-09 6.957502e+12 0.000000e+00 -1.050653e+02 0.000000e+00 0.000000e+00 -1.050653e+02 0.000000e+00 0.000000e+00 
2.444887e+14 0.000000e+00 1.000000e+01 1.878169e+04 2.461962e-09 7.628749e+12 0.000000e+00 -1.117187e+02 0.000000e+00 0.000000e+00 -1.117187e+02 0.000000e+00 0.000000e+00 
2.599714e+14 0.000000e+00 1.000000e+01 1.878169e+04 2.245336e-09 8.364757e+12 0.000000e+00 -1.187935e+02 0.000000e+00 0.000000e+00 -1.187935e+02 0.000000e+00 0.000000e+00 
2.764344e+14 0.000000e+00 1.000000e+01 1.878169e+04 2.047771e-09 9.171774e+12 0.000000e+00 -1.263163e+02 0.000000e+00 0.000000e+00 -1.263163e+02 0.000000e+00 0.000000e+00 
2.939401e+14 0.000000e+00 1.000000e+01 1.878169e+04 1.867589e-09 1.005665e+13 0.000000e+00 -1.343154e+02 0.000000e+00 0.000000e+00 -1.343154e+02 0.000000e+00 0.000000e+00 
3.125543e+14 0.000000e+00 1.000000e+01 1.878169e+04 1.703262e-09 1.102690e+13 0.000000e+00 -1.428212e+02 0.000000e+00 0.000000e+00 -1.428212e+02 0.000000e+00 0.000000e+00 
3.323473e+14 0.000000e+00 1.000000e+01 1.878169e+04 1.553393e-09 1.209075e+13 0.000000e+00 -1.518656e+02 0.000000e+00 0.000000e+00 -1.518656e+02 0.000000e+00 0.000000e+00 
3.533937e+14 0.000000e+00 1.000000e+01 1.878169e+04 1.416711e-09 1.325725e+13 0.000000e+00 -1.614827e+02 0.000000e+00 0.000000e+00 -1.614827e+02 0.000000e+00 0.000000e+00 
3.757729e+14 0.000000e+00 1.000000e+01 1.878169e+04 1.292056e-09 1.453628e+13 0.000000e+00 -1.717088e+02 0.000000e+00 0.000000e+00 -1.717088e+02 0.000000e+00 0.000000e+00 
3.995693e+14 0.000000e+00 1.000000e+01 1.878169e+04 1.178369e-09 1.593872e+13 0.000000e+00 -1.825826e+02 0.000000e+00 0.000000e+00 -1.825826e+02 0.000000e+00 0.000000e+00 
4.248727e+14 0.000000e+00 1.000000e+01 1.878169e+04 1.074686e-09 1.747646e+13 0.000000e+00 -1.941449e+02 0.000000e+00 0.000000e+00 -1.941449e+02 0.000000e+00 0.000000e+00 
4.517784e+14 0.000000e+00 1.000000e+01 1.878169e+04 9.801248e-10 1.916255e+13 0.000000e+00 -2.064394e+02 0.000000e+00 0.000000e+00 -2.064394e+02 0.000000e+00 0.000000e+00 
4.803880e+14 0.000000e+00 1.000000e+01 1.878169e+04 8.938845e-10 2.101132e+13 0.000000e+00 -2.195125e+02 0.000000e+00 0.000000e+00 -2.195125e+02 0.000000e+00 0.000000e+00 
5.108093e+14 0.000000e+00 1.000000e+01 1.878169e+04 8.152323e-10 2.303845e+13 0.000000e+00 -2.334135e+02 0.000000e+00 0.000000e+00 -2.334135e+02 0.000000e+00 0.000000e+00 
5.431571e+14 0.000000e+00 1.000000e+01 1.878169e+04 7.435007e-10 2.526116e+13 0.000000e+00 -2.481948e+02 0.000000e+00 0.000000e+00 -2.481948e+02 0.000000e+00 0.000000e+00 
5.775534e+14 0.000000e+00 1.000000e+01 1.878169e+04 6.780807e-10 2.769831e+13 0.000000e+00 -2.639121e+02 0.000000e+00 0.000000e+00 -2.639121e+02 0.000000e+00 0.000000e+00 
6.141279e+14 0.000000e+00 1.000000e+01 1.878169e+04 6.184170e-10 3.037060e+13 0.000000e+00 -2.806247e+02 0.000000e+00 0.000000e+00 -2.806247e+02 0.000000e+00 0.000000e+00 
6.530185e+14 0.000000e+00 1.000000e+01 1.878169e+04 5.640030e-10 3.330070e+13 0.000000e+00 -2.983957e+02 0.000000e+00 0.000000e+00 -2.983957e+02 0.000000e+00 0.000000e+00 
6.943719e+14 0.000000e+00 1.000000e+01 1.878169e+04 5.143768e-10 3.651349e+13 0.000000e+00 -3.172921e+02 0.000000e+00 0.000000e+00 -3.172921e+02 0.000000e+00 0.000000e+00 
7.383441e+14 0.000000e+00 1.000000e+01 1.878169e+04 4.691172e-10 4.003625e+13 0.000000e+00 -3.373851e+02 0.000000e+00 0.000000e+00 -3.373851e+02 0.000000e+00 0.000000e+00 
7.851009e+14 0.000000e+00 1.000000e+01 1.878169e+04 4.278400e-10 4.389887e+13 0.000000e+00 -3.587506e+02 0.000000e+00 0.000000e+00 -3.587506e+02 0.000000e+00 0.000000e+00 
8.348187e+14 0.000000e+00 1.000000e+01 1.878169e+04 3.901947e-10 4.813415e+13 0.000000e+00 -3.814690e+02 0.000000e+00 0.000000e+00 -3.814690e+02 0.000000e+00 0.000000e+00 
8.876849e+14 0.000000e+00 1.000000e+01 1.878169e+04 3.558618e-10 5.277805e+13 0.000000e+00 -4.056262e+02 0.000000e+00 0.000000e+00 -4.056262e+02 0.000000e+00 0.000000e+00 
9.438989e+14 0.000000e+00 1.000000e+01 1.878169e+04 3.245498e-10 5.786998e+13 0.000000e+00 -4.313131e+02 0.000000e+00 0.000000e+00 -4.313131e+02 0.000000e+00 0.000000e+00 
1.003673e+15 0.000000e+00 1.000000e+01 1.878169e+04 2.959930e-10 6.345317e+13 0.000000e+00 -4.586267e+02 0.000000e+00 0.000000e+00 -4.586267e+02 0.000000e+00 0.000000e+00 
1.067232e+15 0.000000e+00 1.000000e+01 1.878169e+04 2.699488e-10 6.957502e+13 0.000000e+00 -4.876699e+02 0.000000e+00 0.000000e+00 -4.876699e+02 0.000000e+00 0.000000e+00 
1.134816e+15 0.000000e+00 1.000000e+01 1.878169e+04 2.461962e-10 7.628749e+13 0.000000e+00 -5.185524e+02 0.000000e+00 0.000000e+00 -5.185524e+02 0.000000e+00 0.000000e+00 
1.206680e+15 0.000000e+00 1.000000e+01 1.878169e+04 2.245336e-10 8.364757e+13 0.000000e+00 -5.513905e+02 0.000000e+00 0.000000e+00 -5.513905e+02 0.000000e+00 0.000000e+00 
1.283095e+15 0.000000e+00 1.000000e+01 1.878169e+04 2.047771e-10 9.171774e+13 0.000000e+00 -5.863082e+02 0.000000e+00 0.000000e+00 -5.863082e+02 0.000000e+00 0.000000e+00 
1.364349e+15 0.000000e+00 1.000000e+01 1.878169e+04 1.867589e-10 1.005665e+14 0.000000e+00 -6.234371e+02 0.000000e+00 0.000000e+00 -6.234371e+02 0.000000e+00 0.000000e+00 
1.450749e+15 0.000000e+00 1.000000e+01 1.878169e+04 1.703262e-10 1.102690e+14 0.000000e+00 -6.629172e+02 0.000000e+00 0.000000e+00 -6.629172e+02 0.000000e+00 0.000000e+00 
1.542620e+15 0.000000e+00 1.000000e+01 1.878169e+04 1.553393e-10 1.209075e+14 0.000000e+00 -7.048975e+02 0.000000e+00 0.000000e+00 -7.048975e+02 0.000000e+00 0.000000e+00 
1.640308e+15 0.000000e+00 1.000000e+01 1.878169e+04 1.416711e-10 1.325725e+14 0.000000e+00 -7.495362e+02 0.000000e+00 0.000000e+00 -7.495362e+02 0.000000e+00 0.000000e+00 
1.744183e+15 0.000000e+00 1.000000e+01 1.878169e+04 1.292056e-10 1.453628e+14 0.000000e+00 -7.970018e+02 0.000000e+00 0.000000e+00 -7.970018e+02 0.000000e+00 0.000000e+00 
1.854637e+15 0.000000e+00 1.000000e+01 1.878169e+04 1.178369e-10 1.593872e+14 0.000000e+00 -8.474732e+02 0.000000e+00 0.000000e+00 -8.474732e+02 0.000000e+00 0.000000e+00 
1.972084e+15 0.000000e+00 1.000000e+01 1.878169e+04 1.074686e-10 1.747646e+14 0.000000e+00 -9.011407e+02 0.000000e+00 0.000000e+00 -9.011407e+02 0.000000e+00 0.000000e+00 
2.096970e+15 0.000000e+00 1.000000e+01 1.878169e+04 9.801248e-11 1.916255e+14 0.000000e+00 -9.582069e+02 0.000000e+00 0.000000e+00 -9.582069e+02 0.000000e+00 0.000000e+00 
2.229764e+15 0.000000e+00 1.000000e+01 1.878169e+04 8.938845e-11 2.101132e+14 0.000000e+00 -1.018887e+03 0.000000e+00 0.000000e+00 -1.018887e+03 0.000000e+00 0.000000e+00 
2.370967e+15 0.000000e+00 1.000000e+01 1.878169e+04 8.152323e-11 2.303845e+14 0.000000e+00 -1.083409e+03 0.000000e+00 0.000000e+00 -1.083409e+03 0.000000e+00 0.000000e+00 
2.521112e+15 0.000000e+00 1.000000e+01 1.878169e+04 7.435007e-11 2.526116e+14 0.000000e+00 -1.152018e+03 0.000000e+00 0.000000e+00 -1.152018e+03 0.000000e+00 0.000000e+00 
2.680766e+15 0.000000e+00 1.000000e+01 1.878169e+04 6.780807e-11 2.769831e+14 0.000000e+00 -1.224971e+03 0.000000e+00 0.000000e+00 -1.224971e+03 0.000000e+00 0.000000e+00 
2.850529e+15 0.000000e+00 1.000000e+01 1.878169e+04 6.184170e-11 3.037060e+14 0.000000e+00 -1.302545e+03 0.000000e+00 0.000000e+00 -1.302545e+03 0.000000e+00 0.000000e+00 
3.031043e+15 0.000000e+00 1.000000e+01 1.878169e+04 5.640030e-11 3.330070e+14 0.000000e+00 -1.385030e+03 0.000000e+00 0.000000e+00 -1.385030e+03 0.000000e+00 0.000000e+00 
3.222989e+15 0.000000e+00 1.000000e+01 1.878169e+04 5.143768e-11 3.651349e+14 0.000000e+00 -1.472740e+03 0.000000e+00 0.000000e+00 -1.472740e+03 0.000000e+00 0.000000e+00 
3.427090e+15 0.000000e+00 1.000000e+01 1.878169e+04 4.691172e-11 4.003625e+14 0.000000e+00 -1.566003e+03 0.000000e+00 0.000000e+00 -1.566003e+03 0.000000e+00 0.000000e+00 
3.644116e+15 0.000000e+00 1.000000e+01 1.878169e+04 4.278400e-11 4.389887e+14 0.000000e+00 -1.665173e+03 0.000000e+00 0.000000e+00 -1.665173e+03 0.000000e+00 0.000000e+00 
3.874885e+15 0.000000e+00 1.000000e+01 1.878169e+04 3.901947e-11 4.813415e+14 0.000000e+00 -1.770622e+03 0.000000e+00 0.000000e+00 -1.770622e+03 0.000000e+00 0.000000e+00 
4.120268e+15 0.000000e+00 1.000000e+01 1.878169e+04 3.558618e-11 5.277805e+14 0.000000e+00 -1.882750e+03 0.000000e+00 0.000000e+00 -1.882750e+03 0.000000e+00 0.000000e+00 
4.381191e+15 0.000000e+00 1.000000e+01 1.878169e+04 3.245498e-11 5.786998e+14 0.000000e+00 -2.001978e+03 0.000000e+00 0.000000e+00 -2.001978e+03 0.000000e+00 0.000000e+00 
4.658637e+15 0.000000e+00 1.000000e+01 1.878169e+04 2.959930e-11 6.345317e+14 0.000000e+00 -2.128756e+03 0.000000e+00 0.000000e+00 -2.128756e+03 0.000000e+00 0.000000e+00 
4.953652e+15 0.000000e+00 1.000000e+01 1.878169e+04 2.699488e-11 6.957502e+14 0.000000e+00 -2.263563e+03 0.000000e+00 0.000000e+00 -2.263563e+03 0.000000e+00 0.000000e+00 
5.267350e+15 0.000000e+00 1.000000e+01 1.878169e+04 2.461962e-11 7.628749e+14 0.000000e+00 -2.406907e+03 0.000000e+00 0.000000e+00 -2.406907e+03 0.000000e+00 0.000000e+00 
5.600913e+15 0.000000e+00 1.000000e+01 1.878169e+04 2.245336e-11 8.364757e+14 0.000000e+00 -2.559328e+03 0.000000e+00 0.000000e+00 -2.559328e+03 0.000000e+00 0.000000e+00 
5.955600e+15 0.000000e+00 1.000000e+01 1.878169e+04 2.047771e-11 9.171774e+14 0.000000e+00 -2.721402e+03 0.000000e+00 0.000000e+00 -2.721402e+03 0.000000e+00 0.000000e+00 
6.332747e+15 0.000000e+00 1.000000e+01 1.878169e+04 1.867589e-11 1.005665e+15 0.000000e+00 -2.893739e+03 0.000000e+00 0.000000e+00 -2.893739e+03 0.000000e+00 0.000000e+00 
6.733779e+15 0.000000e+00 1.000000e+01 1.878169e+04 1.703262e-11 1.102690e+15 0.000000e+00 -3.076989e+03 0.000000e+00 0.000000e+00 -3.076989e+03 0.000000e+00 0.000000e+00 
7.160206e+15 0.000000e+00 1.000000e+01 1.878169e+04 1.553393e-11 1.209075e+15 0.000000e+00 -3.271844e+03 0.000000e+00 0.000000e+00 -3.271844e+03 0.000000e+00 0.000000e+00 
7.613637e+15 0.000000e+00 1.000000e+01 1.878169e+04 1.416711e-11 1.325725e+15 0.000000e+00 -3.479039e+03 0.000000e+00 0.000000e+00 -3.479039e+03 0.000000e+00 0.000000e+00 
8.095782e+15 0.000000e+00 1.000000e+01 1.878169e+04 1.292056e-11 1.453628e+15 0.000000e+00 -3.699355e+03 0.000000e+00 0.000000e+00 -3.699355e+03 0.000000e+00 0.000000e+00 
8.608461e+15 0.000000e+00 1.000000e+01 1.878169e+04 1.178369e-11 1.593872e+15 0.000000e+00 -3.933622e+03 0.000000e+00 0.000000e+00 -3.933622e+03 0.000000e+00 0.000000e+00 
9.153605e+15 0.000000e+00 1.000000e+01 1.878169e+04 1.074686e-11 1.747646e+15 0.000000e+00 -4.182725e+03 0.000000e+00 0.000000e+00 -4.182725e+03 0.000000e+00 0.000000e+00 
9.733271e+15 0.000000e+00 1.000000e+01 1.878169e+04 9.801248e-12 1.916255e+15 0.000000e+00 -4.447602e+03 0.000000e+00 0.000000e+00 -4.447602e+03 0.000000e+00 0.000000e+00 
1.034965e+16 0.000000e+00 1.000000e+01 1.878169e+04 8.938845e-12 2.101132e+15 0.000000e+00 -4.729254e+03 0.000000e+00 0.000000e+00 -4.729254e+03 0.000000e+00 0.000000e+00 
1.100505e+16 0.000000e+00 1.000000e+01 1.878169e+04 8.152323e-12 2.303845e+15 0.000000e+00 -5.028741e+03 0.000000e+00 0.000000e+00 -5.028741e+03 0.000000e+00 0.000000e+00 
1.170197e+16 0.000000e+00 1.000000e+01 1.878169e+04 7.435007e-12 2.526116e+15 0.000000e+00 -5.347194e+03 0.000000e+00 0.000000e+00 -5.347194e+03 0.000000e+00 0.000000e+00 
1.244301e+16 0.000000e+00 1.000000e+01 1.878169e+04 6.780807e-12 2.769831e+15 0.000000e+00 -5.685814e+03 0.000000e+00 0.000000e+00 -5.685814e+03 0.000000e+00 0.000000e+00 
1.323098e+16 0.000000e+00 1.000000e+01 1.878169e+04 6.184170e-12 3.037060e+15 0.000000e+00 -6.045877e+03 0.000000e+00 0.000000e+00 -6.045877e+03 0.000000e+00 0.000000e+00 
1.406886e+16 0.000000e+00 1.000000e+01 1.878169e+04 5.640030e-12 3.330070e+15 0.000000e+00 -6.428741e+03 0.000000e+00 0.000000e+00 -6.428741e+03 0.000000e+00 0.000000e+00 
1.495979e+16 0.000000e+00 1.000000e+01 1.878169e+04 5.143768e-12 3.651349e+15 0.000000e+00 -6.835852e+03 0.000000e+00 0.000000e+00 -6.835852e+03 0.000000e+00 0.000000e+00 
1.590714e+16 0.000000e+00 1.000000e+01 1.878169e+04 4.691172e-12 4.003625e+15 0.000000e+00 -7.268743e+03 0.000000e+00 0.000000e+00 -7.268743e+03 0.000000e+00 0.000000e+00 
1.691449e+16 0.000000e+00 1.000000e+01 1.878169e+04 4.278400e-12 4.389887e+15 0.000000e+00 -7.729047e+03 0.000000e+00 0.000000e+00 -7.729047e+03 0.000000e+00 0.000000e+00 
1.798562e+16 0.000000e+00 1.000000e+01 1.878169e+04 3.901947e-12 4.813415e+15 0.000000e+00 -8.218501e+03 0.000000e+00 0.000000e+00 -8.218501e+03 0.000000e+00 0.000000e+00 
1.912459e+16 0.000000e+00 1.000000e+01 1.878169e+04 3.558618e-12 5.277805e+15 0.000000e+00 -8.738951e+03 0.000000e+00 0.000000e+00 -8.738951e+03 0.000000e+00 0.000000e+00 
2.033569e+16 0.000000e+00 1.000000e+01 1.878169e+04 3.245498e-12 5.786998e+15 0.000000e+00 -9.292358e+03 0.000000e+00 0.000000e+00 -9.292358e+03 0.000000e+00 0.000000e+00 
2.162348e+16 0.000000e+00 1.000000e+01 1.878169e+04 2.959930e-12 6.345317e+15 0.000000e+00 -9.880812e+03 0.000000e+00 0.000000e+00 -9.880812e+03 0.000000e+00 0.000000e+00 
2.299282e+16 0.000000e+00 1.000000e+01 1.878169e+04 2.699488e-12 6.957502e+15 0.000000e+00 -1.050653e+04 0.000000e+00 0.000000e+00 -1.050653e+04 0.000000e+00 0.000000e+00 
2.444887e+16 0.000000e+00 1.000000e+01 1.878169e+04 2.461962e-12 7.628749e+15 0.000000e+00 -1.117187e+04 0.000000e+00 0.000000e+00 -1.117187e+04 0.000000e+00 0.000000e+00 
2.599714e+16 0.000000e+00 1.000000e+01 1.878169e+04 2.245336e-12 8.364757e+15 0.000000e+00 -1.187935e+04 0.000000e+00 0.000000e+00 -1.187935e+04 0.000000e+00 0.000000e+00 
2.764344e+16 0.000000e+00 1.000000e+01 1.878169e+04 2.047771e-12 9.171774e+15 0.000000e+00 -1.263163e+04 0.000000e+00 0.000000e+00 -1.263163e+04 0.000000e+00 0.000000e+00 
2.939401e+16 0.000000e+00 1.000000e+01 1.878169e+04 1.867589e-12 1.005665e+16 0.000000e+00 -1.343154e+04 0.000000e+00 0.000000e+00 -1.343154e+04 0.000000e+00 0.000000e+00 
3.125543e+16 0.000000e+00 1.000000e+01 1.878169e+04 1.703262e-12 1.102690e+16 0.000000e+00 -1.428212e+04 0.000000e+00 0.000000e+00 -1.428212e+04 0.000000e+00 0.000000e+00 
3.323473e+16 0.000000e+00 1.000000e+01 1.878169e+04 1.553393e-12 1.209075e+16 0.000000e+00 -1.518656e+04 0.000000e+00 0.000000e+00 -1.518656e+04 0.000000e+00 0.000000e+00 
3.533937e+16 0.000000e+00 1.000000e+01 1.878169e+04 1.416711e-12 1.325725e+16 0.000000e+00 -1.614827e+04 0.000000e+00 0.000000e+00 -1.614827e+04 0.000000e+00 0.000000e+00 
3.757729e+16 0.000000e+00 1.000000e+01 1.878169e+04 1.292056e-12 1.453628e+16 0.000000e+00 -1.717088e+04 0.000000e+00 0.000000e+00 -1.717088e+04 0.000000e+00 0.000000e+00 
3.995693e+16 0.000000e+00 1.000000e+01 1.878169e+04 1.178369e-12 1.593872e+16 0.000000e+00 -1.825826e+04 0.000000e+00 0.000000e+00 -1.825826e+04 0.000000e+00 0.000000e+00 
4.248727e+16 0.000000e+00 1.000000e+01 1.878169e+04 1.074686e-12 1.747646e+16 0.000000e+00 -1.941449e+04 0.000000e+00 0.000000e+00 -1.941449e+04 0.000000e+00 0.000000e+00 
4.517784e+16 0.000000e+00 1.000000e+01 1.878169e+04 9.801248e-13 1.916255e+16 0.000000e+00 -2.064394e+04 0.000000e+00 0.000000e+00 -2.064394e+04 0.000000e+00 0.000000e+00 
4.803880e+16 0.000000e+00 1.000000e+01 1.878169e+04 8.938845e-13 2.101132e+16 0.000000e+00 -2.195125e+04 0.000000e+00 0.000000e+00 -2.195125e+04 0.000000e+00 0.000000e+00 
5.108093e+16 0.000000e+00 1.000000e+01 1.878169e+04 8.152323e-13 2.303845e+16 0.000000e+00 -2.334135e+04 0.000000e+00 0.000000e+00 -2.334135e+04 0.000000e+00 0.000000e+00 
5.431571e+16 0.000000e+00 1.000000e+01 1.878169e+04 7.435007e-13 2.526116e+16 0.000000e+00 -2.481948e+04 0.000000e+00 0.000000e+00 -2.481948e+04 0.000000e+00 0.000000e+00 
5.775534e+16 0.000000e+00 1.000000e+01 1.878169e+04 6.780807e-13 2.769831e+16 0.000000e+00 -2.639121e+04 0.000000e+00 0.000000e+00 -2.639121e+04 0.000000e+00 0.000000e+00 
6.141279e+16 0.000000e+00 1.000000e+01 1.878169e+04 6.184170e-13 3.037060e+16 0.000000e+00 -2.806247e+04 0.000000e+00 0.000000e+00 -2.806247e+04 0.000000e+00 0.000000e+00 
6.530185e+16 0.000000e+00 1.000000e+01 1.878169e+04 5.640030e-13 3.330070e+16 0.000000e+00 -2.983957e+04 0.000000e+00 0.000000e+00 -2.983957e+04 0.000000e+00 0.000000e+00 
6.943719e+16 0.000000e+00 1.000000e+01 1.878169e+04 5.143768e-13 3.651349e+16 0.000000e+00 -3.172921e+04 0.000000e+00 0.000000e+00 -3.172921e+04 0.000000e+00 0.000000e+00 
7.383441e+16 0.000000e+00 1.000000e+01 1.878169e+04 4.691172e-13 4.003625e+16 0.000000e+00 -3.373851e+04 0.000000e+00 0.000000e+00 -3.373851e+04 0.000000e+00 0.000000e+00 
7.851009e+16 0.000000e+00 1.000000e+01 1.878169e+04 4.278400e-13 4.389887e+16 0.000000e+00 -3.587506e+04 0.000000e+00 0.000000e+00 -3.587506e+04 0.000000e+00 0.000000e+00 
8.348187e+16 0.000000e+00 1.000000e+01 1.878169e+04 3.901947e-13 4.813415e+16 0.000000e+00 -3.814690e+04 0.000000e+00 0.000000e+00 -3.814690e+04 0.000000e+00 0.000000e+00 
8.876849e+16 0.000000e+00 1.000000e+01 1.878169e+04 3.558618e-13 5.277805e+16 0.000000e+00 -4.056262e+04 0.000000e+00 0.000000e+00 -4.056262e+04 0.000000e+00 0.000000e+00 
9.438989e+16 0.000000e+00 1.000000e+01 1.878169e+04 3.245498e-13 5.786998e+16 0.000000e+00 -4.313131e+04 0.000000e+00 0.000000e+00 -4.313131e+04 0.000000e+00 0.000000e+00 
1.003673e+17 0.000000e+00 1.000000e+01 1.878169e+04 2.959930e-13 6.345317e+16 0.000000e+00 -4.586267e+04 0.000000e+00 0.000000e+00 -4.586267e+04 0.000000e+00 0.000000e+00 
1.067232e+17 0.000000e+00 1.000000e+01 1.878169e+04 2.699488e-13 6.957502e+16 0.000000e+00 -4.876699e+04 0.000000e+00 0.000000e+00 -4.876699e+04 0.000000e+00 0.000000e+00 
1.134816e+17 0.000000e+00 1.000000e+01 1.878169e+04 2.461962e-13 7.628749e+16 0.000000e+00 -5.185524e+04 0.000000e+00 0.000000e+00 -5.185524e+04 0.000000e+00 0.000000e+00 
1.206680e+17 0.000000e+00 1.000000e+01 1.878169e+04 2.245336e-13 8.364757e+16 0.000000e+00 -5.513905e+04 0.000000e+00 0.000000e+00 -5.513905e+04 0.000000e+00 0.000000e+00 
1.283095e+17 0.000000e+00 1.000000e+01 1.878169e+04 2.047771e-13 9.171774e+16 0.000000e+00 -5.863082e+04 0.000000e+00 0.000000e+00 -5.863082e+04 0.000000e+00 0.000000e+00 
1.364349e+17 0.000000e+00 1.000000e+01 1.878169e+04 1.867589e-13 1.005665e+17 0.000000e+00 -6.234371e+04 0.000000e+00 0.000000e+00 -6.234371e+04 0.000000e+00 0.000000e+00 
1.450749e+17 0.000000e+00 1.000000e+01 1.878169e+04 1.703262e-13 1.102690e+17 0.000000e+00 -6.629172e+04 0.000000e+00 0.000000e+00 -6.629172e+04 0.000000e+00 0.000000e+00 
