time(s)          = 2.429883e+13
time(solar year) = 7.700000e+05
star mass (g)    = 2.294085e+33
star mass (Msun) = 1.153734e+00
total mass (g)   = 2.300610e+33
mdot (g/s)       = 0.000000e+00
mdot (Msun/yr)   = 0.000000e+00
1.542620e+13 9.593016e-316 1.000000e+01 1.878169e+04 2.042265e-07 9.196500e+10 0.000000e+00 6.051217e-319 0.000000e+00 0.000000e+00 6.051217e-319 4.353324e+02 0.000000e+00 
1.640308e+13 1.092959e-315 1.000000e+01 1.878169e+04 1.862568e-07 1.008376e+11 0.000000e+00 2.042823e-318 0.000000e+00 0.000000e+00 2.042823e-318 3.898018e+02 0.000000e+00 
1.744183e+13 1.408724e-315 1.000000e+01 1.878169e+04 1.698682e-07 1.105662e+11 0.000000e+00 4.044352e-318 0.000000e+00 0.000000e+00 4.044352e-318 3.492334e+02 0.000000e+00 
1.854637e+13 1.456866e-315 1.000000e+01 1.878169e+04 1.549217e-07 1.212335e+11 0.000000e+00 6.647920e-318 0.000000e+00 0.000000e+00 6.647920e-318 3.177791e+02 0.000000e+00 
1.972084e+13 1.641217e-315 1.000000e+01 1.878169e+04 1.412902e-07 1.329299e+11 0.000000e+00 9.853497e-318 0.000000e+00 0.000000e+00 9.853497e-318 2.890759e+02 0.000000e+00 
2.096970e+13 1.564706e-315 1.000000e+01 1.878169e+04 1.288582e-07 1.457547e+11 0.000000e+00 1.363296e-317 0.000000e+00 0.000000e+00 1.363296e-317 2.628843e+02 0.000000e+00 
2.229764e+13 2.097378e-315 1.000000e+01 1.878169e+04 1.175201e-07 1.598169e+11 0.000000e+00 1.845878e-317 0.000000e+00 0.000000e+00 1.845878e-317 2.388512e+02 0.000000e+00 
2.370967e+13 1.946855e-315 1.000000e+01 1.878169e+04 1.071796e-07 1.752357e+11 0.000000e+00 2.441245e-317 0.000000e+00 0.000000e+00 2.441245e-317 2.169766e+02 0.000000e+00 
2.521112e+13 2.525658e-315 1.000000e+01 1.878169e+04 9.774897e-08 1.921421e+11 0.000000e+00 3.177521e-317 0.000000e+00 0.000000e+00 3.177521e-317 1.969598e+02 0.000000e+00 
2.680766e+13 2.612145e-315 1.000000e+01 1.878169e+04 8.914812e-08 2.106796e+11 0.000000e+00 4.110152e-317 0.000000e+00 0.000000e+00 4.110152e-317 1.787748e+02 0.000000e+00 
2.850529e+13 2.594931e-315 1.000000e+01 1.878169e+04 8.130405e-08 2.310056e+11 0.000000e+00 5.182970e-317 0.000000e+00 0.000000e+00 5.182970e-317 1.621690e+02 0.000000e+00 
3.031043e+13 3.276307e-315 1.000000e+01 1.878169e+04 7.415017e-08 2.532926e+11 0.000000e+00 6.517596e-317 0.000000e+00 0.000000e+00 6.517596e-317 1.471041e+02 0.000000e+00 
3.222989e+13 3.306525e-315 1.000000e+01 1.878169e+04 6.762576e-08 2.777299e+11 0.000000e+00 8.165468e-317 0.000000e+00 0.000000e+00 8.165468e-317 1.333622e+02 0.000000e+00 
3.427090e+13 3.814398e-315 1.000000e+01 1.878169e+04 6.167543e-08 3.045247e+11 0.000000e+00 1.014906e-316 0.000000e+00 0.000000e+00 1.014906e-316 1.209117e+02 0.000000e+00 
3.644116e+13 4.271174e-315 1.000000e+01 1.878169e+04 5.624866e-08 3.339047e+11 0.000000e+00 1.261717e-316 0.000000e+00 0.000000e+00 1.261717e-316 1.095662e+02 0.000000e+00 
3.874885e+13 4.782551e-315 1.000000e+01 1.878169e+04 5.129939e-08 3.661193e+11 0.000000e+00 1.565734e-316 0.000000e+00 0.000000e+00 1.565734e-316 9.929541e+01 0.000000e+00 
4.120268e+13 5.258830e-315 1.000000e+01 1.878169e+04 4.678560e-08 4.014418e+11 0.000000e+00 1.937395e-316 0.000000e+00 0.000000e+00 1.937395e-316 8.994300e+01 0.000000e+00 
4.381191e+13 5.549354e-315 1.000000e+01 1.878169e+04 4.266897e-08 4.401722e+11 0.000000e+00 2.381600e-316 0.000000e+00 0.000000e+00 2.381600e-316 8.148193e+01 0.000000e+00 
4.658637e+13 6.144002e-315 1.000000e+01 1.878169e+04 3.891456e-08 4.826392e+11 0.000000e+00 2.913966e-316 0.000000e+00 0.000000e+00 2.913966e-316 7.378191e+01 0.000000e+00 
4.953652e+13 6.530576e-315 1.000000e+01 1.878169e+04 3.549050e-08 5.292033e+11 0.000000e+00 3.551820e-316 0.000000e+00 0.000000e+00 3.551820e-316 6.681946e+01 0.000000e+00 
5.267350e+13 7.601150e-315 1.000000e+01 1.878169e+04 3.236772e-08 5.802599e+11 0.000000e+00 4.331333e-316 0.000000e+00 0.000000e+00 4.331333e-316 6.048636e+01 0.000000e+00 
5.600913e+13 8.352597e-315 1.000000e+01 1.878169e+04 2.951972e-08 6.362423e+11 0.000000e+00 5.291817e-316 0.000000e+00 0.000000e+00 5.291817e-316 5.476246e+01 0.000000e+00 
5.955600e+13 8.911404e-315 1.000000e+01 1.878169e+04 2.692230e-08 6.976259e+11 0.000000e+00 6.440936e-316 0.000000e+00 0.000000e+00 6.440936e-316 4.955813e+01 0.000000e+00 
6.332747e+13 9.632070e-315 1.000000e+01 1.878169e+04 2.455343e-08 7.649315e+11 0.000000e+00 7.807603e-316 0.000000e+00 0.000000e+00 7.807603e-316 4.485621e+01 0.000000e+00 
6.733779e+13 1.100931e-314 1.000000e+01 1.878169e+04 2.239299e-08 8.387308e+11 0.000000e+00 9.472755e-316 0.000000e+00 0.000000e+00 9.472755e-316 4.058269e+01 0.000000e+00 
7.160206e+13 1.183476e-314 1.000000e+01 1.878169e+04 2.042265e-08 9.196500e+11 0.000000e+00 1.149262e-315 0.000000e+00 0.000000e+00 1.149262e-315 3.672295e+01 0.000000e+00 
7.613637e+13 1.291108e-314 1.000000e+01 1.878169e+04 1.862568e-08 1.008376e+12 0.000000e+00 1.390721e-315 0.000000e+00 0.000000e+00 1.390721e-315 3.321606e+01 0.000000e+00 
8.095782e+13 1.417352e-314 1.000000e+01 1.878169e+04 1.698682e-08 1.105662e+12 0.000000e+00 1.681234e-315 0.000000e+00 0.000000e+00 1.681234e-315 3.004960e+01 0.000000e+00 
8.608461e+13 1.575178e-314 1.000000e+01 1.878169e+04 1.549217e-08 1.212335e+12 0.000000e+00 2.032980e-315 0.000000e+00 0.000000e+00 2.032980e-315 2.717350e+01 0.000000e+00 
9.153605e+13 1.727836e-314 1.000000e+01 1.878169e+04 1.412902e-08 1.329299e+12 0.000000e+00 2.458539e-315 0.000000e+00 0.000000e+00 2.458539e-315 2.457718e+01 0.000000e+00 
9.733271e+13 1.881687e-314 1.000000e+01 1.878169e+04 1.288582e-08 1.457547e+12 0.000000e+00 2.969865e-315 0.000000e+00 0.000000e+00 2.969865e-315 2.221964e+01 0.000000e+00 
1.034965e+14 2.072258e-314 1.000000e+01 1.878169e+04 1.175201e-08 1.598169e+12 0.000000e+00 3.585128e-315 0.000000e+00 0.000000e+00 3.585128e-315 2.009183e+01 0.000000e+00 
1.100505e+14 2.290100e-314 1.000000e+01 1.878169e+04 1.071796e-08 1.752357e+12 0.000000e+00 4.328965e-315 0.000000e+00 0.000000e+00 4.328965e-315 1.816026e+01 0.000000e+00 
1.170197e+14 2.495690e-314 1.000000e+01 1.878169e+04 9.774897e-09 1.921421e+12 0.000000e+00 5.224703e-315 0.000000e+00 0.000000e+00 5.224703e-315 1.641718e+01 0.000000e+00 
1.244301e+14 2.725286e-314 1.000000e+01 1.878169e+04 8.914812e-09 2.106796e+12 0.000000e+00 6.299125e-315 0.000000e+00 0.000000e+00 6.299125e-315 1.483529e+01 0.000000e+00 
1.323098e+14 3.003152e-314 1.000000e+01 1.878169e+04 8.130405e-09 2.310056e+12 0.000000e+00 7.592630e-315 0.000000e+00 0.000000e+00 7.592630e-315 1.340792e+01 0.000000e+00 
1.406886e+14 3.309154e-314 1.000000e+01 1.878169e+04 7.415017e-09 2.532926e+12 0.000000e+00 9.154336e-315 0.000000e+00 0.000000e+00 9.154336e-315 1.211286e+01 0.000000e+00 
1.495979e+14 3.641643e-314 1.000000e+01 1.878169e+04 6.762576e-09 2.777299e+12 0.000000e+00 1.103909e-314 0.000000e+00 0.000000e+00 1.103909e-314 1.094436e+01 0.000000e+00 
1.590714e+14 3.986068e-314 1.000000e+01 1.878169e+04 6.167543e-09 3.045247e+12 0.000000e+00 1.330840e-314 0.000000e+00 0.000000e+00 1.330840e-314 9.884369e+00 0.000000e+00 
1.691449e+14 4.353300e-314 1.000000e+01 1.878169e+04 5.624866e-09 3.339047e+12 0.000000e+00 1.603351e-314 0.000000e+00 0.000000e+00 1.603351e-314 8.927904e+00 0.000000e+00 
1.798562e+14 4.805245e-314 1.000000e+01 1.878169e+04 5.129939e-09 3.661193e+12 0.000000e+00 1.931573e-314 0.000000e+00 0.000000e+00 1.931573e-314 8.060414e+00 0.000000e+00 
1.912459e+14 5.250089e-314 1.000000e+01 1.878169e+04 4.678560e-09 4.014418e+12 0.000000e+00 2.326766e-314 0.000000e+00 0.000000e+00 2.326766e-314 7.277582e+00 0.000000e+00 
2.033569e+14 7.493072e-296 1.000000e+01 1.878169e+04 4.266897e-09 4.401722e+12 0.000000e+00 2.262280e-297 0.000000e+00 0.000000e+00 2.262280e-297 6.567803e+00 0.000000e+00 
2.162348e+14 1.233251e-269 1.000000e+01 1.878169e+04 3.891456e-09 4.826392e+12 0.000000e+00 4.082611e-271 0.000000e+00 0.000000e+00 4.082611e-271 5.927205e+00 0.000000e+00 
2.299282e+14 9.733888e-246 1.000000e+01 1.878169e+04 3.549050e-09 5.292033e+12 0.000000e+00 3.533237e-247 0.000000e+00 0.000000e+00 3.533237e-247 5.346464e+00 0.000000e+00 
2.444887e+14 5.914920e-224 1.000000e+01 1.878169e+04 3.236772e-09 5.802599e+12 0.000000e+00 2.354156e-225 0.000000e+00 0.000000e+00 2.354156e-225 4.821861e+00 0.000000e+00 
2.599714e+14 4.255730e-204 1.000000e+01 1.878169e+04 2.951972e-09 6.362423e+12 0.000000e+00 1.857208e-205 0.000000e+00 0.000000e+00 1.857208e-205 4.346789e+00 0.000000e+00 
2.764344e+14 5.369682e-186 1.000000e+01 1.878169e+04 2.692230e-09 6.976259e+12 0.000000e+00 2.569419e-187 0.000000e+00 0.000000e+00 2.569419e-187 3.918072e+00 0.000000e+00 
2.939401e+14 1.698387e-169 1.000000e+01 1.878169e+04 2.455343e-09 7.649315e+12 0.000000e+00 8.910932e-171 0.000000e+00 0.000000e+00 8.910932e-171 3.529334e+00 0.000000e+00 
3.125543e+14 1.865671e-154 1.000000e+01 1.878169e+04 2.239299e-09 8.387308e+12 0.000000e+00 1.073301e-155 0.000000e+00 0.000000e+00 1.073301e-155 3.176504e+00 0.000000e+00 
3.323473e+14 9.576128e-141 1.000000e+01 1.878169e+04 2.042265e-09 9.196500e+12 0.000000e+00 6.040548e-142 0.000000e+00 0.000000e+00 6.040548e-142 2.855810e+00 0.000000e+00 
3.533937e+14 3.010720e-128 1.000000e+01 1.878169e+04 1.862568e-09 1.008376e+13 0.000000e+00 2.082365e-129 0.000000e+00 0.000000e+00 2.082365e-129 2.565475e+00 0.000000e+00 
3.757729e+14 7.418365e-117 1.000000e+01 1.878169e+04 1.698682e-09 1.105662e+13 0.000000e+00 5.625933e-118 0.000000e+00 0.000000e+00 5.625933e-118 2.302238e+00 0.000000e+00 
3.995693e+14 1.793699e-106 1.000000e+01 1.878169e+04 1.549217e-09 1.212335e+13 0.000000e+00 1.491543e-107 0.000000e+00 0.000000e+00 1.491543e-107 2.063169e+00 0.000000e+00 
4.248727e+14 5.223009e-97 1.000000e+01 1.878169e+04 1.412902e-09 1.329299e+13 0.000000e+00 4.762195e-98 0.000000e+00 0.000000e+00 4.762195e-98 1.845695e+00 0.000000e+00 
4.517784e+14 2.207680e-88 1.000000e+01 1.878169e+04 1.288582e-09 1.457547e+13 0.000000e+00 2.207103e-89 0.000000e+00 0.000000e+00 2.207103e-89 1.648278e+00 0.000000e+00 
4.803880e+14 1.605792e-80 1.000000e+01 1.878169e+04 1.175201e-09 1.598169e+13 0.000000e+00 1.760255e-81 0.000000e+00 0.000000e+00 1.760255e-81 1.469485e+00 0.000000e+00 
5.108093e+14 2.347355e-73 1.000000e+01 1.878169e+04 1.071796e-09 1.752357e+13 0.000000e+00 2.821403e-74 0.000000e+00 0.000000e+00 2.821403e-74 1.307938e+00 0.000000e+00 
5.431571e+14 7.943425e-67 1.000000e+01 1.878169e+04 9.774897e-10 1.921421e+13 0.000000e+00 1.046874e-67 0.000000e+00 0.000000e+00 1.046874e-67 1.162006e+00 0.000000e+00 
5.775534e+14 7.079370e-61 1.000000e+01 1.878169e+04 8.914812e-10 2.106796e+13 0.000000e+00 1.023015e-61 0.000000e+00 0.000000e+00 1.023015e-61 1.030092e+00 0.000000e+00 
6.141279e+14 1.868751e-55 1.000000e+01 1.878169e+04 8.130405e-10 2.310056e+13 0.000000e+00 2.961018e-56 0.000000e+00 0.000000e+00 2.961018e-56 9.105330e-01 0.000000e+00 
6.530185e+14 1.626502e-50 1.000000e+01 1.878169e+04 7.415017e-10 2.532926e+13 0.000000e+00 2.825860e-51 0.000000e+00 0.000000e+00 2.825860e-51 8.019589e-01 0.000000e+00 
6.943719e+14 5.145841e-46 1.000000e+01 1.878169e+04 6.762576e-10 2.777299e+13 0.000000e+00 9.803233e-47 0.000000e+00 0.000000e+00 9.803233e-47 7.030400e-01 0.000000e+00 
7.383441e+14 6.469861e-42 1.000000e+01 1.878169e+04 6.167543e-10 3.045247e+13 0.000000e+00 1.351601e-42 0.000000e+00 0.000000e+00 1.351601e-42 6.129410e-01 0.000000e+00 
7.851009e+14 3.504988e-38 1.000000e+01 1.878169e+04 5.624866e-10 3.339047e+13 0.000000e+00 8.030238e-39 0.000000e+00 0.000000e+00 8.030238e-39 5.308596e-01 0.000000e+00 
8.348187e+14 8.810640e-35 1.000000e+01 1.878169e+04 5.129939e-10 3.661193e+13 0.000000e+00 2.214261e-35 0.000000e+00 0.000000e+00 2.214261e-35 4.565544e-01 0.000000e+00 
8.876849e+14 1.098651e-31 1.000000e+01 1.878169e+04 4.678560e-10 4.014418e+13 0.000000e+00 3.029852e-32 0.000000e+00 0.000000e+00 3.029852e-32 3.896870e-01 0.000000e+00 
9.438989e+14 7.215019e-29 1.000000e+01 1.878169e+04 4.266897e-10 4.401722e+13 0.000000e+00 2.184769e-29 0.000000e+00 0.000000e+00 2.184769e-29 3.307676e-01 0.000000e+00 
1.003673e+15 2.630275e-26 1.000000e+01 1.878169e+04 3.891456e-10 4.826392e+13 0.000000e+00 8.753774e-27 0.000000e+00 0.000000e+00 8.753774e-27 2.803439e-01 0.000000e+00 
1.067232e+15 5.508893e-24 1.000000e+01 1.878169e+04 3.549050e-10 5.292033e+13 0.000000e+00 2.018202e-24 0.000000e+00 0.000000e+00 2.018202e-24 2.341280e-01 0.000000e+00 
1.134816e+15 6.743717e-22 1.000000e+01 1.878169e+04 3.236772e-10 5.802599e+13 0.000000e+00 2.726743e-22 0.000000e+00 0.000000e+00 2.726743e-22 1.857510e-01 0.000000e+00 
1.206680e+15 4.910150e-20 2.285327e+01 2.839285e+04 2.951972e-10 9.618266e+13 1.000000e-05 -2.761059e-16 -1.800542e+01 -3.678952e+05 2.200332e-20 1.340412e-01 -6.573680e-18 
1.283095e+15 2.179400e-18 2.225973e+01 2.802171e+04 2.692230e-10 1.040836e+14 1.000000e-05 -1.207024e-14 -1.134065e+01 -2.316407e+05 1.089035e-18 8.568994e-02 -2.873441e-16 
1.364349e+15 6.070144e-17 2.168160e+01 2.765543e+04 2.455343e-10 1.126337e+14 1.000000e-05 -3.873162e-13 -7.361675e+00 -1.502942e+05 3.411513e-17 4.825868e-02 -9.225654e-15 
1.450749e+15 1.093753e-15 2.111848e+01 2.729393e+04 2.239299e-10 1.218860e+14 1.000000e-05 -9.463923e-12 -4.921797e+00 -1.003735e+05 6.993650e-16 2.376754e-02 -2.257957e-13 
1.542620e+15 1.314692e-14 2.056999e+01 2.693716e+04 2.042265e-10 1.318984e+14 1.000000e-05 -1.814933e-10 -3.383847e+00 -6.885276e+04 9.705699e-15 1.021961e-02 -4.343409e-12 
1.640308e+15 1.086611e-13 2.003575e+01 2.658505e+04 1.862568e-10 1.427333e+14 1.000000e-05 -2.796541e-09 -2.385652e+00 -4.832467e+04 9.429389e-14 3.847926e-03 -6.727380e-11 
1.744183e+15 6.360068e-13 1.951538e+01 2.623755e+04 1.698682e-10 1.544582e+14 1.000000e-05 -3.521556e-08 -1.716739e+00 -3.448139e+04 6.625142e-13 1.276476e-03 -8.547062e-10 
1.854637e+15 2.711251e-12 1.900852e+01 2.589458e+04 1.549217e-10 1.671463e+14 1.000000e-05 -3.663891e-07 -1.252220e+00 -2.476428e+04 3.471878e-12 3.757702e-04 -9.031524e-09 
1.972084e+15 8.640649e-12 1.851483e+01 2.555610e+04 1.412902e-10 1.808766e+14 1.000000e-05 -3.162130e-06 -9.165565e-01 -1.762359e+04 1.396735e-11 9.881845e-05 -8.012912e-08 
2.096970e+15 2.108521e-11 1.803397e+01 2.522205e+04 1.288582e-10 1.957349e+14 1.000000e-05 -2.246864e-05 -6.631438e-01 -1.210160e+04 4.430876e-11 2.333520e-05 -5.991386e-07 
2.229764e+15 4.025882e-11 1.756559e+01 2.489236e+04 1.175201e-10 2.118136e+14 1.000000e-05 -1.268744e-04 -4.626178e-01 -7.593584e+03 1.136607e-10 4.965788e-06 -3.749410e-06 
2.370967e+15 6.132624e-11 1.710937e+01 2.456698e+04 1.071796e-10 2.292132e+14 1.000000e-05 -4.957294e-04 -2.960822e-01 -3.709535e+03 2.414955e-10 9.543138e-07 -1.899478e-05 
2.521112e+15 7.584595e-11 1.666501e+01 2.424586e+04 9.774897e-11 2.480421e+14 1.000000e-05 -2.482599e-04 -1.512744e-01 -1.959078e+02 4.351258e-10 1.657887e-07 -6.909186e-05 
2.680766e+15 7.739711e-11 1.623218e+01 2.392893e+04 8.914812e-11 2.684176e+14 1.000000e-05 1.822404e-02 -2.102097e-02 3.094584e+03 6.808128e-10 2.604070e-08 -1.166417e-04 
2.850529e+15 6.632335e-11 1.581060e+01 2.361614e+04 8.130405e-11 2.904670e+14 1.000000e-05 2.158946e-01 9.642792e-02 6.185312e+03 9.479405e-10 3.696604e-09 -2.143433e-03 
3.031043e+15 4.898729e-11 1.539997e+01 2.330744e+04 7.415017e-11 3.143276e+14 1.000000e-05 1.569785e+00 2.062678e-01 9.126268e+03 1.204821e-09 4.736570e-10 -1.410198e-01 
3.222989e+15 3.136069e-11 1.500000e+01 2.300278e+04 6.762576e-11 3.401482e+14 1.000000e-05 5.906295e+00 3.328315e-01 1.249240e+04 1.431357e-09 5.475973e-11 -3.191901e+00 
3.427090e+15 1.640318e-11 1.461042e+01 2.270210e+04 6.167543e-11 3.680899e+14 1.000000e-05 7.120231e+00 5.039509e-01 1.729404e+04 1.619786e-09 5.939083e-12 -1.827353e+01 
3.644116e+15 6.943273e-12 1.423096e+01 2.240535e+04 5.624866e-11 3.983269e+14 1.000000e-05 4.270492e+00 6.901990e-01 2.278663e+04 1.774695e-09 6.662338e-13 -3.731266e+01 
3.874885e+15 2.607703e-12 1.386135e+01 2.211248e+04 5.129939e-11 4.310477e+14 1.000000e-05 2.342661e+00 8.143411e-01 2.646948e+04 1.910538e-09 8.134331e-14 -4.899485e+01 
4.120268e+15 9.084335e-13 1.350134e+01 2.182344e+04 4.678560e-11 4.664564e+14 1.000000e-05 1.546085e+00 9.059613e-01 2.915585e+04 2.040990e-09 1.036415e-14 -5.610779e+01 
4.381191e+15 2.916186e-13 1.315069e+01 2.153818e+04 4.266897e-11 5.047738e+14 1.000000e-05 1.295434e+00 1.011660e+00 3.227332e+04 2.173779e-09 1.314358e-15 -6.296153e+01 
4.658637e+15 8.573586e-14 1.280914e+01 2.125664e+04 3.891456e-11 5.462387e+14 1.000000e-05 1.266781e+00 1.132573e+00 3.586561e+04 2.312657e-09 1.636119e-16 -7.032775e+01 
4.953652e+15 2.308777e-14 1.247646e+01 2.097879e+04 3.549050e-11 5.911099e+14 1.000000e-05 1.330496e+00 1.262840e+00 3.975596e+04 2.459496e-09 1.999697e-17 -7.811254e+01 
5.267350e+15 5.712150e-15 1.215242e+01 2.070456e+04 3.236772e-11 6.396670e+14 1.000000e-05 1.435338e+00 1.399008e+00 4.383888e+04 2.615359e-09 2.407302e-18 -8.620539e+01 
5.600913e+15 1.304400e-15 1.183679e+01 2.043393e+04 2.951972e-11 6.922128e+14 1.000000e-05 1.559170e+00 1.538345e+00 4.803134e+04 2.781011e-09 2.875011e-19 -9.448226e+01 
5.955600e+15 2.768030e-16 1.152937e+01 2.016682e+04 2.692230e-11 7.490751e+14 1.000000e-05 1.687784e+00 1.674943e+00 5.216403e+04 2.957130e-09 3.463246e-20 -1.026271e+02 
6.332747e+15 5.574484e-17 1.122993e+01 1.990321e+04 2.455343e-11 8.106083e+14 1.000000e-05 1.789028e+00 1.780506e+00 5.536786e+04 3.144396e-09 4.360798e-21 -1.089379e+02 
6.733779e+15 1.087456e-17 1.093826e+01 1.964305e+04 2.239299e-11 8.771963e+14 1.000000e-05 1.857194e+00 1.851262e+00 5.751398e+04 3.343521e-09 5.700645e-22 -1.131646e+02 
7.160206e+15 2.069631e-18 1.065418e+01 1.938629e+04 2.042265e-11 9.492541e+14 1.000000e-05 1.914067e+00 1.909992e+00 5.929497e+04 3.555254e-09 7.228627e-23 -1.166716e+02 
7.613637e+15 3.853163e-19 1.037746e+01 1.913288e+04 1.862568e-11 1.027231e+15 1.000000e-05 1.970428e+00 1.967875e+00 6.101973e+04 3.780397e-09 8.192323e-24 -1.200663e+02 
8.095782e+15 6.766637e-20 1.010794e+01 1.888279e+04 1.698682e-11 1.111614e+15 1.000000e-05 2.102561e+00 2.101281e+00 6.510717e+04 4.019796e-09 6.759267e-25 -1.281103e+02 
8.608461e+15 1.156303e-20 1.000000e+01 1.878169e+04 1.549217e-11 1.212335e+15 1.000000e-05 2.252507e+00 2.252190e+00 6.942997e+04 4.274356e-09 2.688788e-26 -1.366070e+02 
9.153605e+15 1.474452e-21 1.000000e+01 1.878169e+04 1.412902e-11 1.329299e+15 0.000000e+00 4.545036e-09 0.000000e+00 0.000000e+00 4.545036e-09 1.705410e-27 0.000000e+00 
9.733271e+15 1.447137e-22 1.000000e+01 1.878169e+04 1.288582e-11 1.457547e+15 0.000000e+00 4.832858e-09 0.000000e+00 0.000000e+00 4.832858e-09 0.000000e+00 0.000000e+00 
1.034965e+16 2.133631e-23 1.000000e+01 1.878169e+04 1.175201e-11 1.598169e+15 0.000000e+00 5.138906e-09 0.000000e+00 0.000000e+00 5.138906e-09 0.000000e+00 0.000000e+00 
1.100505e+16 2.695304e-24 1.000000e+01 1.878169e+04 1.071796e-11 1.752357e+15 0.000000e+00 5.464336e-09 0.000000e+00 0.000000e+00 5.464336e-09 0.000000e+00 0.000000e+00 
1.170197e+16 3.162595e-25 1.000000e+01 1.878169e+04 9.774897e-12 1.921421e+15 0.000000e+00 5.810373e-09 0.000000e+00 0.000000e+00 5.810373e-09 0.000000e+00 0.000000e+00 
1.244301e+16 4.045652e-26 1.000000e+01 1.878169e+04 8.914812e-12 2.106796e+15 0.000000e+00 6.178324e-09 0.000000e+00 0.000000e+00 6.178324e-09 0.000000e+00 0.000000e+00 
1.323098e+16 3.940982e-27 1.000000e+01 1.878169e+04 8.130405e-12 2.310056e+15 0.000000e+00 6.569576e-09 0.000000e+00 0.000000e+00 6.569576e-09 0.000000e+00 0.000000e+00 
1.406886e+16 3.506722e-28 1.000000e+01 1.878169e+04 7.415017e-12 2.532926e+15 0.000000e+00 6.985605e-09 0.000000e+00 0.000000e+00 6.985605e-09 0.000000e+00 0.000000e+00 
1.495979e+16 3.043773e-29 1.000000e+01 1.878169e+04 6.762576e-12 2.777299e+15 0.000000e+00 7.427979e-09 0.000000e+00 0.000000e+00 7.427979e-09 0.000000e+00 0.000000e+00 
1.590714e+16 2.578424e-30 1.000000e+01 1.878169e+04 6.167543e-12 3.045247e+15 0.000000e+00 7.898368e-09 0.000000e+00 0.000000e+00 7.898368e-09 0.000000e+00 0.000000e+00 
1.691449e+16 2.132755e-31 1.000000e+01 1.878169e+04 5.624866e-12 3.339047e+15 0.000000e+00 8.398544e-09 0.000000e+00 0.000000e+00 8.398544e-09 0.000000e+00 0.000000e+00 
1.798562e+16 1.723373e-32 1.000000e+01 1.878169e+04 5.129939e-12 3.661193e+15 0.000000e+00 8.930395e-09 0.000000e+00 0.000000e+00 8.930395e-09 0.000000e+00 0.000000e+00 
1.912459e+16 1.361035e-33 1.000000e+01 1.878169e+04 4.678560e-12 4.014418e+15 0.000000e+00 9.495927e-09 0.000000e+00 0.000000e+00 9.495927e-09 0.000000e+00 0.000000e+00 
2.033569e+16 1.051000e-34 1.000000e+01 1.878169e+04 4.266897e-12 4.401722e+15 0.000000e+00 1.009727e-08 0.000000e+00 0.000000e+00 1.009727e-08 0.000000e+00 0.000000e+00 
2.162348e+16 7.938991e-36 1.000000e+01 1.878169e+04 3.891456e-12 4.826392e+15 0.000000e+00 1.073670e-08 0.000000e+00 0.000000e+00 1.073670e-08 0.000000e+00 0.000000e+00 
2.299282e+16 5.868601e-37 1.000000e+01 1.878169e+04 3.549050e-12 5.292033e+15 0.000000e+00 1.141662e-08 0.000000e+00 0.000000e+00 1.141662e-08 0.000000e+00 0.000000e+00 
2.444887e+16 4.246995e-38 1.000000e+01 1.878169e+04 3.236772e-12 5.802599e+15 0.000000e+00 1.213959e-08 0.000000e+00 0.000000e+00 1.213959e-08 0.000000e+00 0.000000e+00 
2.599714e+16 3.010036e-39 1.000000e+01 1.878169e+04 2.951972e-12 6.362423e+15 0.000000e+00 1.290835e-08 0.000000e+00 0.000000e+00 1.290835e-08 0.000000e+00 0.000000e+00 
2.764344e+16 2.090080e-40 1.000000e+01 1.878169e+04 2.692230e-12 6.976259e+15 0.000000e+00 1.372579e-08 0.000000e+00 0.000000e+00 1.372579e-08 0.000000e+00 0.000000e+00 
2.939401e+16 1.422357e-41 1.000000e+01 1.878169e+04 2.455343e-12 7.649315e+15 0.000000e+00 1.459500e-08 0.000000e+00 0.000000e+00 1.459500e-08 0.000000e+00 0.000000e+00 
3.125543e+16 9.489778e-43 1.000000e+01 1.878169e+04 2.239299e-12 8.387308e+15 0.000000e+00 1.551925e-08 0.000000e+00 0.000000e+00 1.551925e-08 0.000000e+00 0.000000e+00 
3.323473e+16 6.209371e-44 1.000000e+01 1.878169e+04 2.042265e-12 9.196500e+15 0.000000e+00 1.650203e-08 0.000000e+00 0.000000e+00 1.650203e-08 0.000000e+00 0.000000e+00 
3.533937e+16 3.985849e-45 1.000000e+01 1.878169e+04 1.862568e-12 1.008376e+16 0.000000e+00 1.754705e-08 0.000000e+00 0.000000e+00 1.754705e-08 0.000000e+00 0.000000e+00 
3.757729e+16 2.510779e-46 1.000000e+01 1.878169e+04 1.698682e-12 1.105662e+16 0.000000e+00 1.865824e-08 0.000000e+00 0.000000e+00 1.865824e-08 0.000000e+00 0.000000e+00 
3.995693e+16 1.552528e-47 1.000000e+01 1.878169e+04 1.549217e-12 1.212335e+16 0.000000e+00 1.983980e-08 0.000000e+00 0.000000e+00 1.983980e-08 0.000000e+00 0.000000e+00 
4.248727e+16 9.426226e-49 1.000000e+01 1.878169e+04 1.412902e-12 1.329299e+16 0.000000e+00 2.109619e-08 0.000000e+00 0.000000e+00 2.109619e-08 0.000000e+00 0.000000e+00 
4.517784e+16 5.621139e-50 1.000000e+01 1.878169e+04 1.288582e-12 1.457547e+16 0.000000e+00 2.243214e-08 0.000000e+00 0.000000e+00 2.243214e-08 0.000000e+00 0.000000e+00 
4.803880e+16 3.293182e-51 1.000000e+01 1.878169e+04 1.175201e-12 1.598169e+16 0.000000e+00 2.385269e-08 0.000000e+00 0.000000e+00 2.385269e-08 0.000000e+00 0.000000e+00 
5.108093e+16 1.895943e-52 1.000000e+01 1.878169e+04 1.071796e-12 1.752357e+16 0.000000e+00 2.536320e-08 0.000000e+00 0.000000e+00 2.536320e-08 0.000000e+00 0.000000e+00 
5.431571e+16 1.072909e-53 1.000000e+01 1.878169e+04 9.774897e-13 1.921421e+16 0.000000e+00 2.696936e-08 0.000000e+00 0.000000e+00 2.696936e-08 0.000000e+00 0.000000e+00 
5.775534e+16 5.969470e-55 1.000000e+01 1.878169e+04 8.914812e-13 2.106796e+16 0.000000e+00 2.867724e-08 0.000000e+00 0.000000e+00 2.867724e-08 0.000000e+00 0.000000e+00 
6.141279e+16 3.266234e-56 1.000000e+01 1.878169e+04 8.130405e-13 2.310056e+16 0.000000e+00 3.049327e-08 0.000000e+00 0.000000e+00 3.049327e-08 0.000000e+00 0.000000e+00 
6.530185e+16 1.757918e-57 1.000000e+01 1.878169e+04 7.415017e-13 2.532926e+16 0.000000e+00 3.242431e-08 0.000000e+00 0.000000e+00 3.242431e-08 0.000000e+00 0.000000e+00 
6.943719e+16 9.308680e-59 1.000000e+01 1.878169e+04 6.762576e-13 2.777299e+16 0.000000e+00 3.447763e-08 0.000000e+00 0.000000e+00 3.447763e-08 0.000000e+00 0.000000e+00 
7.383441e+16 4.850775e-60 1.000000e+01 1.878169e+04 6.167543e-13 3.045247e+16 0.000000e+00 3.666098e-08 0.000000e+00 0.000000e+00 3.666098e-08 0.000000e+00 0.000000e+00 
7.851009e+16 2.488062e-61 1.000000e+01 1.878169e+04 5.624866e-13 3.339047e+16 0.000000e+00 3.898259e-08 0.000000e+00 0.000000e+00 3.898259e-08 0.000000e+00 0.000000e+00 
8.348187e+16 1.256404e-62 1.000000e+01 1.878169e+04 5.129939e-13 3.661193e+16 0.000000e+00 4.145122e-08 0.000000e+00 0.000000e+00 4.145122e-08 0.000000e+00 0.000000e+00 
8.876849e+16 6.247464e-64 1.000000e+01 1.878169e+04 4.678560e-13 4.014418e+16 0.000000e+00 4.407619e-08 0.000000e+00 0.000000e+00 4.407619e-08 0.000000e+00 0.000000e+00 
9.438989e+16 3.059651e-65 1.000000e+01 1.878169e+04 4.266897e-13 4.401722e+16 0.000000e+00 4.686738e-08 0.000000e+00 0.000000e+00 4.686738e-08 0.000000e+00 0.000000e+00 
1.003673e+17 1.476108e-66 1.000000e+01 1.878169e+04 3.891456e-13 4.826392e+16 0.000000e+00 4.983533e-08 0.000000e+00 0.000000e+00 4.983533e-08 0.000000e+00 0.000000e+00 
1.067232e+17 7.016580e-68 1.000000e+01 1.878169e+04 3.549050e-13 5.292033e+16 0.000000e+00 5.299123e-08 0.000000e+00 0.000000e+00 5.299123e-08 0.000000e+00 0.000000e+00 
1.134816e+17 3.286816e-69 1.000000e+01 1.878169e+04 3.236772e-13 5.802599e+16 0.000000e+00 5.634699e-08 0.000000e+00 0.000000e+00 5.634699e-08 0.000000e+00 0.000000e+00 
1.206680e+17 1.517565e-70 1.000000e+01 1.878169e+04 2.951972e-13 6.362423e+16 0.000000e+00 5.991525e-08 0.000000e+00 0.000000e+00 5.991525e-08 0.000000e+00 0.000000e+00 
1.283095e+17 6.907483e-72 1.000000e+01 1.878169e+04 2.692230e-13 6.976259e+16 0.000000e+00 6.370947e-08 0.000000e+00 0.000000e+00 6.370947e-08 0.000000e+00 0.000000e+00 
1.364349e+17 3.100056e-73 1.000000e+01 1.878169e+04 2.455343e-13 7.649315e+16 0.000000e+00 6.774398e-08 0.000000e+00 0.000000e+00 6.774398e-08 0.000000e+00 0.000000e+00 
1.450749e+17 1.443243e-74 1.000000e+01 1.878169e+04 2.239299e-13 8.387308e+16 0.000000e+00 7.203397e-08 0.000000e+00 0.000000e+00 7.203397e-08 0.000000e+00 0.000000e+00 
