time(s)          = 1.893416e+13
time(solar year) = 6.000000e+05
star mass (g)    = 2.294085e+33
star mass (Msun) = 1.153734e+00
total mass (g)   = 2.300610e+33
mdot (g/s)       = 0.000000e+00
mdot (Msun/yr)   = 0.000000e+00
1.542620e+13 9.593016e-316 1.000000e+01 1.878169e+04 2.042265e-07 9.196500e+10 0.000000e+00 6.051217e-319 0.000000e+00 0.000000e+00 6.051217e-319 4.353324e+02 0.000000e+00 
1.640308e+13 1.092959e-315 1.000000e+01 1.878169e+04 1.862568e-07 1.008376e+11 0.000000e+00 2.042823e-318 0.000000e+00 0.000000e+00 2.042823e-318 3.898018e+02 0.000000e+00 
1.744183e+13 1.408724e-315 1.000000e+01 1.878169e+04 1.698682e-07 1.105662e+11 0.000000e+00 4.044352e-318 0.000000e+00 0.000000e+00 4.044352e-318 3.492334e+02 0.000000e+00 
1.854637e+13 1.456866e-315 1.000000e+01 1.878169e+04 1.549217e-07 1.212335e+11 0.000000e+00 6.647920e-318 0.000000e+00 0.000000e+00 6.647920e-318 3.177791e+02 0.000000e+00 
1.972084e+13 1.641217e-315 1.000000e+01 1.878169e+04 1.412902e-07 1.329299e+11 0.000000e+00 9.853497e-318 0.000000e+00 0.000000e+00 9.853497e-318 2.890759e+02 0.000000e+00 
2.096970e+13 1.564706e-315 1.000000e+01 1.878169e+04 1.288582e-07 1.457547e+11 0.000000e+00 1.363296e-317 0.000000e+00 0.000000e+00 1.363296e-317 2.628843e+02 0.000000e+00 
2.229764e+13 2.097378e-315 1.000000e+01 1.878169e+04 1.175201e-07 1.598169e+11 0.000000e+00 1.845878e-317 0.000000e+00 0.000000e+00 1.845878e-317 2.388512e+02 0.000000e+00 
2.370967e+13 1.946855e-315 1.000000e+01 1.878169e+04 1.071796e-07 1.752357e+11 0.000000e+00 2.441245e-317 0.000000e+00 0.000000e+00 2.441245e-317 2.169766e+02 0.000000e+00 
2.521112e+13 2.525658e-315 1.000000e+01 1.878169e+04 9.774897e-08 1.921421e+11 0.000000e+00 3.177521e-317 0.000000e+00 0.000000e+00 3.177521e-317 1.969598e+02 0.000000e+00 
2.680766e+13 2.612145e-315 1.000000e+01 1.878169e+04 8.914812e-08 2.106796e+11 0.000000e+00 4.110152e-317 0.000000e+00 0.000000e+00 4.110152e-317 1.787748e+02 0.000000e+00 
2.850529e+13 2.594931e-315 1.000000e+01 1.878169e+04 8.130405e-08 2.310056e+11 0.000000e+00 5.182970e-317 0.000000e+00 0.000000e+00 5.182970e-317 1.621690e+02 0.000000e+00 
3.031043e+13 3.276307e-315 1.000000e+01 1.878169e+04 7.415017e-08 2.532926e+11 0.000000e+00 6.517596e-317 0.000000e+00 0.000000e+00 6.517596e-317 1.471041e+02 0.000000e+00 
3.222989e+13 3.306525e-315 1.000000e+01 1.878169e+04 6.762576e-08 2.777299e+11 0.000000e+00 8.165468e-317 0.000000e+00 0.000000e+00 8.165468e-317 1.333622e+02 0.000000e+00 
3.427090e+13 3.814398e-315 1.000000e+01 1.878169e+04 6.167543e-08 3.045247e+11 0.000000e+00 1.014906e-316 0.000000e+00 0.000000e+00 1.014906e-316 1.209117e+02 0.000000e+00 
3.644116e+13 4.271174e-315 1.000000e+01 1.878169e+04 5.624866e-08 3.339047e+11 0.000000e+00 1.261717e-316 0.000000e+00 0.000000e+00 1.261717e-316 1.095662e+02 0.000000e+00 
3.874885e+13 4.782551e-315 1.000000e+01 1.878169e+04 5.129939e-08 3.661193e+11 0.000000e+00 1.565734e-316 0.000000e+00 0.000000e+00 1.565734e-316 9.929541e+01 0.000000e+00 
4.120268e+13 5.258830e-315 1.000000e+01 1.878169e+04 4.678560e-08 4.014418e+11 0.000000e+00 1.937395e-316 0.000000e+00 0.000000e+00 1.937395e-316 8.994300e+01 0.000000e+00 
4.381191e+13 5.549354e-315 1.000000e+01 1.878169e+04 4.266897e-08 4.401722e+11 0.000000e+00 2.381600e-316 0.000000e+00 0.000000e+00 2.381600e-316 8.148193e+01 0.000000e+00 
4.658637e+13 6.144002e-315 1.000000e+01 1.878169e+04 3.891456e-08 4.826392e+11 0.000000e+00 2.913966e-316 0.000000e+00 0.000000e+00 2.913966e-316 7.378191e+01 0.000000e+00 
4.953652e+13 6.530576e-315 1.000000e+01 1.878169e+04 3.549050e-08 5.292033e+11 0.000000e+00 3.551820e-316 0.000000e+00 0.000000e+00 3.551820e-316 6.681946e+01 0.000000e+00 
5.267350e+13 7.601150e-315 1.000000e+01 1.878169e+04 3.236772e-08 5.802599e+11 0.000000e+00 4.331333e-316 0.000000e+00 0.000000e+00 4.331333e-316 6.048636e+01 0.000000e+00 
5.600913e+13 8.352597e-315 1.000000e+01 1.878169e+04 2.951972e-08 6.362423e+11 0.000000e+00 5.291817e-316 0.000000e+00 0.000000e+00 5.291817e-316 5.476246e+01 0.000000e+00 
5.955600e+13 8.911404e-315 1.000000e+01 1.878169e+04 2.692230e-08 6.976259e+11 0.000000e+00 6.440936e-316 0.000000e+00 0.000000e+00 6.440936e-316 4.955813e+01 0.000000e+00 
6.332747e+13 9.632070e-315 1.000000e+01 1.878169e+04 2.455343e-08 7.649315e+11 0.000000e+00 7.807603e-316 0.000000e+00 0.000000e+00 7.807603e-316 4.485621e+01 0.000000e+00 
6.733779e+13 1.100931e-314 1.000000e+01 1.878169e+04 2.239299e-08 8.387308e+11 0.000000e+00 9.472755e-316 0.000000e+00 0.000000e+00 9.472755e-316 4.058269e+01 0.000000e+00 
7.160206e+13 1.183476e-314 1.000000e+01 1.878169e+04 2.042265e-08 9.196500e+11 0.000000e+00 1.149262e-315 0.000000e+00 0.000000e+00 1.149262e-315 3.672295e+01 0.000000e+00 
7.613637e+13 1.291108e-314 1.000000e+01 1.878169e+04 1.862568e-08 1.008376e+12 0.000000e+00 1.390721e-315 0.000000e+00 0.000000e+00 1.390721e-315 3.321606e+01 0.000000e+00 
8.095782e+13 1.417352e-314 1.000000e+01 1.878169e+04 1.698682e-08 1.105662e+12 0.000000e+00 1.681234e-315 0.000000e+00 0.000000e+00 1.681234e-315 3.004960e+01 0.000000e+00 
8.608461e+13 1.575178e-314 1.000000e+01 1.878169e+04 1.549217e-08 1.212335e+12 0.000000e+00 2.032980e-315 0.000000e+00 0.000000e+00 2.032980e-315 2.717350e+01 0.000000e+00 
9.153605e+13 1.727836e-314 1.000000e+01 1.878169e+04 1.412902e-08 1.329299e+12 0.000000e+00 2.458539e-315 0.000000e+00 0.000000e+00 2.458539e-315 2.457718e+01 0.000000e+00 
9.733271e+13 1.881687e-314 1.000000e+01 1.878169e+04 1.288582e-08 1.457547e+12 0.000000e+00 2.969865e-315 0.000000e+00 0.000000e+00 2.969865e-315 2.221964e+01 0.000000e+00 
1.034965e+14 2.072258e-314 1.000000e+01 1.878169e+04 1.175201e-08 1.598169e+12 0.000000e+00 3.585128e-315 0.000000e+00 0.000000e+00 3.585128e-315 2.009183e+01 0.000000e+00 
1.100505e+14 2.290100e-314 1.000000e+01 1.878169e+04 1.071796e-08 1.752357e+12 0.000000e+00 4.328965e-315 0.000000e+00 0.000000e+00 4.328965e-315 1.816026e+01 0.000000e+00 
1.170197e+14 2.495690e-314 1.000000e+01 1.878169e+04 9.774897e-09 1.921421e+12 0.000000e+00 5.224703e-315 0.000000e+00 0.000000e+00 5.224703e-315 1.641718e+01 0.000000e+00 
1.244301e+14 2.725286e-314 1.000000e+01 1.878169e+04 8.914812e-09 2.106796e+12 0.000000e+00 6.299125e-315 0.000000e+00 0.000000e+00 6.299125e-315 1.483529e+01 0.000000e+00 
1.323098e+14 3.003152e-314 1.000000e+01 1.878169e+04 8.130405e-09 2.310056e+12 0.000000e+00 7.592630e-315 0.000000e+00 0.000000e+00 7.592630e-315 1.340792e+01 0.000000e+00 
1.406886e+14 3.309154e-314 1.000000e+01 1.878169e+04 7.415017e-09 2.532926e+12 0.000000e+00 9.154336e-315 0.000000e+00 0.000000e+00 9.154336e-315 1.211286e+01 0.000000e+00 
1.495979e+14 2.265177e-312 1.000000e+01 1.878169e+04 6.762576e-09 2.777299e+12 0.000000e+00 5.349615e-314 0.000000e+00 0.000000e+00 5.349615e-314 1.094436e+01 0.000000e+00 
1.590714e+14 1.197293e-284 1.000000e+01 1.878169e+04 6.167543e-09 3.045247e+12 0.000000e+00 2.500845e-286 0.000000e+00 0.000000e+00 2.500845e-286 9.884369e+00 0.000000e+00 
1.691449e+14 2.209182e-259 1.000000e+01 1.878169e+04 5.624866e-09 3.339047e+12 0.000000e+00 5.059621e-261 0.000000e+00 0.000000e+00 5.059621e-261 8.927904e+00 0.000000e+00 
1.798562e+14 2.352675e-236 1.000000e+01 1.878169e+04 5.129939e-09 3.661193e+12 0.000000e+00 5.908108e-238 0.000000e+00 0.000000e+00 5.908108e-238 8.060414e+00 0.000000e+00 
1.912459e+14 2.287187e-215 1.000000e+01 1.878169e+04 4.678560e-09 4.014418e+12 0.000000e+00 6.297789e-217 0.000000e+00 0.000000e+00 6.297789e-217 7.277582e+00 0.000000e+00 
2.033569e+14 3.078089e-196 1.000000e+01 1.878169e+04 4.266897e-09 4.401722e+12 0.000000e+00 9.293248e-198 0.000000e+00 0.000000e+00 9.293248e-198 6.567803e+00 0.000000e+00 
2.162348e+14 8.386061e-179 1.000000e+01 1.878169e+04 3.891456e-09 4.826392e+12 0.000000e+00 2.776159e-180 0.000000e+00 0.000000e+00 2.776159e-180 5.927205e+00 0.000000e+00 
2.299282e+14 6.532083e-163 1.000000e+01 1.878169e+04 3.549050e-09 5.292033e+12 0.000000e+00 2.371036e-164 0.000000e+00 0.000000e+00 2.371036e-164 5.346464e+00 0.000000e+00 
2.444887e+14 1.993708e-148 1.000000e+01 1.878169e+04 3.236772e-09 5.802599e+12 0.000000e+00 7.935018e-150 0.000000e+00 0.000000e+00 7.935018e-150 4.821861e+00 0.000000e+00 
2.599714e+14 3.175108e-135 1.000000e+01 1.878169e+04 2.951972e-09 6.362423e+12 0.000000e+00 1.385622e-136 0.000000e+00 0.000000e+00 1.385622e-136 4.346789e+00 0.000000e+00 
2.764344e+14 3.427165e-123 1.000000e+01 1.878169e+04 2.692230e-09 6.976259e+12 0.000000e+00 1.639915e-124 0.000000e+00 0.000000e+00 1.639915e-124 3.918072e+00 0.000000e+00 
2.939401e+14 3.180019e-112 1.000000e+01 1.878169e+04 2.455343e-09 7.649315e+12 0.000000e+00 1.668461e-113 0.000000e+00 0.000000e+00 1.668461e-113 3.529334e+00 0.000000e+00 
3.125543e+14 3.151571e-102 1.000000e+01 1.878169e+04 2.239299e-09 8.387308e+12 0.000000e+00 1.813065e-103 0.000000e+00 0.000000e+00 1.813065e-103 3.176504e+00 0.000000e+00 
3.323473e+14 4.064071e-93 1.000000e+01 1.878169e+04 2.042265e-09 9.196500e+12 0.000000e+00 2.563585e-94 0.000000e+00 0.000000e+00 2.563585e-94 2.855810e+00 0.000000e+00 
3.533937e+14 8.166084e-85 1.000000e+01 1.878169e+04 1.862568e-09 1.008376e+13 0.000000e+00 5.648072e-86 0.000000e+00 0.000000e+00 5.648072e-86 2.565475e+00 0.000000e+00 
3.757729e+14 3.012389e-77 1.000000e+01 1.878169e+04 1.698682e-09 1.105662e+13 0.000000e+00 2.284533e-78 0.000000e+00 0.000000e+00 2.284533e-78 2.302238e+00 0.000000e+00 
3.995693e+14 2.369549e-70 1.000000e+01 1.878169e+04 1.549217e-09 1.212335e+13 0.000000e+00 1.970390e-71 0.000000e+00 0.000000e+00 1.970390e-71 2.063169e+00 0.000000e+00 
4.248727e+14 4.554701e-64 1.000000e+01 1.878169e+04 1.412902e-09 1.329299e+13 0.000000e+00 4.152854e-65 0.000000e+00 0.000000e+00 4.152854e-65 1.845695e+00 0.000000e+00 
4.517784e+14 2.422675e-58 1.000000e+01 1.878169e+04 1.288582e-09 1.457547e+13 0.000000e+00 2.422050e-59 0.000000e+00 0.000000e+00 2.422050e-59 1.648278e+00 0.000000e+00 
4.803880e+14 3.993471e-53 1.000000e+01 1.878169e+04 1.175201e-09 1.598169e+13 0.000000e+00 4.377660e-54 0.000000e+00 0.000000e+00 4.377660e-54 1.469485e+00 0.000000e+00 
5.108093e+14 2.262011e-48 1.000000e+01 1.878169e+04 1.071796e-09 1.752357e+13 0.000000e+00 2.718917e-49 0.000000e+00 0.000000e+00 2.718917e-49 1.307938e+00 0.000000e+00 
5.431571e+14 4.837178e-44 1.000000e+01 1.878169e+04 9.774897e-10 1.921421e+13 0.000000e+00 6.375553e-45 0.000000e+00 0.000000e+00 6.375553e-45 1.162006e+00 0.000000e+00 
5.775534e+14 4.255356e-40 1.000000e+01 1.878169e+04 8.914812e-10 2.106796e+13 0.000000e+00 6.150607e-41 0.000000e+00 0.000000e+00 6.150607e-41 1.030092e+00 0.000000e+00 
6.141279e+14 1.665202e-36 1.000000e+01 1.878169e+04 8.130405e-10 2.310056e+13 0.000000e+00 2.639786e-37 0.000000e+00 0.000000e+00 2.639786e-37 9.105330e-01 0.000000e+00 
6.530185e+14 3.113131e-33 1.000000e+01 1.878169e+04 7.415017e-10 2.532926e+13 0.000000e+00 5.414199e-34 0.000000e+00 0.000000e+00 5.414199e-34 8.019589e-01 0.000000e+00 
6.943719e+14 2.966801e-30 1.000000e+01 1.878169e+04 6.762576e-10 2.777299e+13 0.000000e+00 5.663153e-31 0.000000e+00 0.000000e+00 5.663153e-31 7.030400e-01 0.000000e+00 
7.383441e+14 1.529465e-27 1.000000e+01 1.878169e+04 6.167543e-10 3.045247e+13 0.000000e+00 3.206702e-28 0.000000e+00 0.000000e+00 3.206702e-28 6.129410e-01 0.000000e+00 
7.851009e+14 4.500589e-25 1.000000e+01 1.878169e+04 5.624866e-10 3.339047e+13 0.000000e+00 1.037563e-25 0.000000e+00 0.000000e+00 1.037563e-25 5.308596e-01 0.000000e+00 
8.348187e+14 7.941397e-23 1.000000e+01 1.878169e+04 5.129939e-10 3.661193e+13 0.000000e+00 2.016260e-23 0.000000e+00 0.000000e+00 2.016260e-23 4.565544e-01 0.000000e+00 
8.876849e+14 8.782446e-21 1.000000e+01 1.878169e+04 4.678560e-10 4.014418e+13 0.000000e+00 2.460899e-21 0.000000e+00 0.000000e+00 2.460899e-21 3.896870e-01 0.000000e+00 
9.438989e+14 6.331039e-19 2.539000e+01 2.992720e+04 4.266897e-10 7.013809e+13 1.000000e-05 -1.552369e-15 -1.937525e+01 -3.958843e+05 1.963325e-19 3.307676e-01 -3.688876e-17 
1.003673e+15 3.077374e-17 2.473057e+01 2.953601e+04 3.891456e-10 7.589962e+13 1.000000e-05 -6.129300e-14 -1.334300e+01 -2.725615e+05 1.059949e-17 2.803439e-01 -1.454080e-15 
1.067232e+15 1.026143e-15 2.408827e+01 2.914993e+04 3.549050e-10 8.213445e+13 1.000000e-05 -1.687326e-12 -9.202865e+00 -1.879363e+05 3.945760e-16 2.341280e-01 -3.994002e-14 
1.134816e+15 2.350977e-14 2.346265e+01 2.876890e+04 3.236772e-10 8.888143e+13 1.000000e-05 -3.367275e-11 -6.363899e+00 -1.298826e+05 1.017259e-14 1.857510e-01 -7.952813e-13 
1.206680e+15 3.712840e-13 2.285327e+01 2.839285e+04 2.951972e-10 9.618266e+13 1.000000e-05 -5.142552e-10 -4.446509e+00 -9.063809e+04 1.827952e-13 1.340412e-01 -1.213370e-11 
1.283095e+15 4.089102e-12 2.225973e+01 2.802171e+04 2.692230e-10 1.040836e+14 1.000000e-05 -6.266788e-09 -3.152830e+00 -6.411034e+04 2.323316e-12 8.568994e-02 -1.481290e-10 
1.364349e+15 3.194804e-11 2.168160e+01 2.765543e+04 2.455343e-10 1.126337e+14 1.000000e-05 -6.231449e-08 -2.270102e+00 -4.594520e+04 2.131319e-11 4.825868e-02 -1.481532e-09 
1.450749e+15 1.805940e-10 2.111848e+01 2.729393e+04 2.239299e-10 1.218860e+14 1.000000e-05 -5.175370e-07 -1.656482e+00 -3.323714e+04 1.443804e-10 2.376754e-02 -1.244214e-08 
1.542620e+15 7.541458e-10 2.056999e+01 2.693716e+04 2.042265e-10 1.318984e+14 1.000000e-05 -3.644614e-06 -1.219511e+00 -2.408979e+04 7.397060e-10 1.021961e-02 -8.925255e-08 
1.640308e+15 2.376621e-09 2.003575e+01 2.658505e+04 1.862568e-10 1.427333e+14 1.000000e-05 -2.187812e-05 -8.988585e-01 -1.726412e+04 2.936174e-09 3.847926e-03 -5.522185e-07 
1.744183e+15 5.773682e-09 1.951538e+01 2.623755e+04 1.698682e-10 1.544582e+14 1.000000e-05 -1.110023e-04 -6.548272e-01 -1.194420e+04 9.248637e-09 1.276476e-03 -2.952126e-06 
1.854637e+15 1.103752e-08 1.900852e+01 2.589458e+04 1.549217e-10 1.671463e+14 1.000000e-05 -4.593725e-04 -4.611382e-01 -7.589912e+03 2.366845e-08 3.757702e-04 -1.350788e-05 
1.972084e+15 1.692809e-08 1.851483e+01 2.555610e+04 1.412902e-10 1.808766e+14 1.000000e-05 -1.367605e-03 -3.003535e-01 -3.843038e+03 5.036129e-08 9.881845e-05 -5.116739e-05 
2.096970e+15 2.120199e-08 1.803397e+01 2.522205e+04 1.288582e-10 1.957349e+14 1.000000e-05 -9.941676e-04 -1.609646e-01 -4.675868e+02 9.115892e-08 2.333521e-05 -1.452553e-04 
2.229764e+15 2.204450e-08 1.756559e+01 2.489236e+04 1.175201e-10 2.118136e+14 1.000000e-05 2.343473e-02 -3.585278e-02 2.680956e+03 1.436354e-07 4.965791e-06 -2.630492e-04 
2.370967e+15 1.934576e-08 1.710937e+01 2.456698e+04 1.071796e-10 2.292132e+14 1.000000e-05 2.220183e-01 7.821915e-02 5.660256e+03 2.016793e-07 9.542939e-07 -2.914937e-03 
2.521112e+15 1.462112e-08 1.666501e+01 2.424586e+04 9.774897e-11 2.480421e+14 1.000000e-05 1.281924e+00 1.843110e-01 8.503330e+03 2.584454e-07 1.657268e-07 -9.683585e-02 
2.680766e+15 9.648059e-09 1.623218e+01 2.392893e+04 8.914812e-11 2.684176e+14 1.000000e-05 4.617591e+00 2.957168e-01 1.149203e+04 3.092436e-07 2.599317e-08 -1.604178e+00 
2.850529e+15 5.411671e-09 1.581060e+01 2.361614e+04 8.130405e-11 2.904670e+14 1.000000e-05 7.652100e+00 4.341381e-01 1.531003e+04 3.522265e-07 3.727427e-09 -1.047941e+01 
3.031043e+15 2.508144e-09 1.539997e+01 2.330744e+04 7.415017e-11 3.143276e+14 1.000000e-05 6.162359e+00 5.981173e-01 2.004861e+04 3.880070e-07 5.148726e-10 -2.710558e+01 
3.222989e+15 9.992882e-10 1.500000e+01 2.300278e+04 6.762576e-11 3.401482e+14 1.000000e-05 3.763041e+00 7.430801e-01 2.432864e+04 4.191152e-07 7.254167e-11 -4.160107e+01 
3.427090e+15 3.615314e-10 1.461042e+01 2.270210e+04 6.167543e-11 3.680899e+14 1.000000e-05 2.332153e+00 8.504293e-01 2.749226e+04 4.484357e-07 1.048255e-11 -5.110296e+01 
3.644116e+15 1.204482e-10 1.423096e+01 2.240535e+04 5.624866e-11 3.983269e+14 1.000000e-05 1.687068e+00 9.518842e-01 3.048275e+04 4.779124e-07 1.513132e-12 -5.852199e+01 
3.874885e+15 3.690382e-11 1.386135e+01 2.211248e+04 5.129939e-11 4.310477e+14 1.000000e-05 1.443592e+00 1.062301e+00 3.375573e+04 5.085629e-07 2.142426e-13 -6.567813e+01 
4.120268e+15 1.039604e-11 1.350134e+01 2.182344e+04 4.678560e-11 4.664564e+14 1.000000e-05 1.388986e+00 1.181181e+00 3.729810e+04 5.408957e-07 2.959567e-14 -7.299539e+01 
4.381191e+15 2.698580e-12 1.315069e+01 2.153818e+04 4.266897e-11 5.047738e+14 1.000000e-05 1.425023e+00 1.306065e+00 4.103477e+04 5.751873e-07 3.986638e-15 -8.052337e+01 
4.658637e+15 6.476323e-13 1.280914e+01 2.125664e+04 3.891456e-11 5.462387e+14 1.000000e-05 1.506736e+00 1.435341e+00 4.491554e+04 6.116228e-07 5.239248e-16 -8.825163e+01 
4.953652e+15 1.442384e-13 1.247646e+01 2.097879e+04 3.549050e-11 5.911099e+14 1.000000e-05 1.612872e+00 1.568048e+00 4.890987e+04 6.503575e-07 6.723340e-17 -9.616119e+01 
5.267350e+15 2.992726e-14 1.215242e+01 2.070456e+04 3.236772e-11 6.396670e+14 1.000000e-05 1.732831e+00 1.703439e+00 5.299436e+04 6.915431e-07 8.439329e-18 -1.042259e+02 
5.600913e+15 5.810029e-15 1.183679e+01 2.043393e+04 2.951972e-11 6.922128e+14 1.000000e-05 1.859855e+00 1.839718e+00 5.711474e+04 7.353363e-07 1.041334e-18 -1.123491e+02 
5.955600e+15 1.062114e-15 1.152937e+01 2.016682e+04 2.692230e-11 7.490751e+14 1.000000e-05 1.984938e+00 1.970478e+00 6.108790e+04 7.819027e-07 1.277896e-19 -1.201760e+02 
6.332747e+15 1.871880e-16 1.122993e+01 1.990321e+04 2.455343e-11 8.106083e+14 1.000000e-05 2.067886e+00 2.057105e+00 6.372873e+04 8.314179e-07 1.609578e-20 -1.253785e+02 
6.733779e+15 3.248481e-17 1.093826e+01 1.964305e+04 2.239299e-11 8.771963e+14 1.000000e-05 2.108631e+00 2.100486e+00 6.504953e+04 8.840688e-07 2.067171e-21 -1.279820e+02 
7.160206e+15 5.569748e-18 1.065418e+01 1.938629e+04 2.042265e-11 9.492541e+14 1.000000e-05 2.143219e+00 2.137238e+00 6.616793e+04 9.400538e-07 2.558391e-22 -1.301864e+02 
7.613637e+15 9.439015e-19 1.037746e+01 1.913288e+04 1.862568e-11 1.027231e+15 1.000000e-05 2.181151e+00 2.177105e+00 6.734646e+04 9.995842e-07 2.881387e-23 -1.325075e+02 
8.095782e+15 1.510361e-19 1.010794e+01 1.888279e+04 1.698682e-11 1.111614e+15 1.000000e-05 2.323830e+00 2.321509e+00 7.176621e+04 1.062884e-06 2.482354e-24 -1.412061e+02 
8.608461e+15 2.340830e-20 1.000000e+01 1.878169e+04 1.549217e-11 1.212335e+15 1.000000e-05 2.483874e+00 2.483218e+00 7.655204e+04 1.130193e-06 1.017903e-25 -1.506194e+02 
9.153605e+15 2.878917e-21 1.000000e+01 1.878169e+04 1.412902e-11 1.329299e+15 0.000000e+00 1.201765e-06 0.000000e+00 0.000000e+00 1.201765e-06 3.345337e-27 0.000000e+00 
9.733271e+15 2.888637e-22 1.000000e+01 1.878169e+04 1.288582e-11 1.457547e+15 0.000000e+00 1.277868e-06 0.000000e+00 0.000000e+00 1.277868e-06 0.000000e+00 0.000000e+00 
1.034965e+16 4.000696e-23 1.000000e+01 1.878169e+04 1.175201e-11 1.598169e+15 0.000000e+00 1.358791e-06 0.000000e+00 0.000000e+00 1.358791e-06 0.000000e+00 0.000000e+00 
1.100505e+16 4.797934e-24 1.000000e+01 1.878169e+04 1.071796e-11 1.752357e+15 0.000000e+00 1.444839e-06 0.000000e+00 0.000000e+00 1.444839e-06 0.000000e+00 0.000000e+00 
1.170197e+16 4.611312e-25 1.000000e+01 1.878169e+04 9.774897e-12 1.921421e+15 0.000000e+00 1.536335e-06 0.000000e+00 0.000000e+00 1.536335e-06 0.000000e+00 0.000000e+00 
1.244301e+16 4.318252e-26 1.000000e+01 1.878169e+04 8.914812e-12 2.106796e+15 0.000000e+00 1.633626e-06 0.000000e+00 0.000000e+00 1.633626e-06 0.000000e+00 0.000000e+00 
1.323098e+16 3.940982e-27 1.000000e+01 1.878169e+04 8.130405e-12 2.310056e+15 0.000000e+00 1.737078e-06 0.000000e+00 0.000000e+00 1.737078e-06 0.000000e+00 0.000000e+00 
1.406886e+16 3.506722e-28 1.000000e+01 1.878169e+04 7.415017e-12 2.532926e+15 0.000000e+00 1.847081e-06 0.000000e+00 0.000000e+00 1.847081e-06 0.000000e+00 0.000000e+00 
1.495979e+16 3.043773e-29 1.000000e+01 1.878169e+04 6.762576e-12 2.777299e+15 0.000000e+00 1.964051e-06 0.000000e+00 0.000000e+00 1.964051e-06 0.000000e+00 0.000000e+00 
1.590714e+16 2.578424e-30 1.000000e+01 1.878169e+04 6.167543e-12 3.045247e+15 0.000000e+00 2.088427e-06 0.000000e+00 0.000000e+00 2.088427e-06 0.000000e+00 0.000000e+00 
1.691449e+16 2.132755e-31 1.000000e+01 1.878169e+04 5.624866e-12 3.339047e+15 0.000000e+00 2.220680e-06 0.000000e+00 0.000000e+00 2.220680e-06 0.000000e+00 0.000000e+00 
1.798562e+16 1.723373e-32 1.000000e+01 1.878169e+04 5.129939e-12 3.661193e+15 0.000000e+00 2.361308e-06 0.000000e+00 0.000000e+00 2.361308e-06 0.000000e+00 0.000000e+00 
1.912459e+16 1.361035e-33 1.000000e+01 1.878169e+04 4.678560e-12 4.014418e+15 0.000000e+00 2.510842e-06 0.000000e+00 0.000000e+00 2.510842e-06 0.000000e+00 0.000000e+00 
2.033569e+16 1.051000e-34 1.000000e+01 1.878169e+04 4.266897e-12 4.401722e+15 0.000000e+00 2.669845e-06 0.000000e+00 0.000000e+00 2.669845e-06 0.000000e+00 0.000000e+00 
2.162348e+16 7.938991e-36 1.000000e+01 1.878169e+04 3.891456e-12 4.826392e+15 0.000000e+00 2.838917e-06 0.000000e+00 0.000000e+00 2.838917e-06 0.000000e+00 0.000000e+00 
2.299282e+16 5.868601e-37 1.000000e+01 1.878169e+04 3.549050e-12 5.292033e+15 0.000000e+00 3.018696e-06 0.000000e+00 0.000000e+00 3.018696e-06 0.000000e+00 0.000000e+00 
2.444887e+16 4.246995e-38 1.000000e+01 1.878169e+04 3.236772e-12 5.802599e+15 0.000000e+00 3.209860e-06 0.000000e+00 0.000000e+00 3.209860e-06 0.000000e+00 0.000000e+00 
2.599714e+16 3.010036e-39 1.000000e+01 1.878169e+04 2.951972e-12 6.362423e+15 0.000000e+00 3.413129e-06 0.000000e+00 0.000000e+00 3.413129e-06 0.000000e+00 0.000000e+00 
2.764344e+16 2.090080e-40 1.000000e+01 1.878169e+04 2.692230e-12 6.976259e+15 0.000000e+00 3.629271e-06 0.000000e+00 0.000000e+00 3.629271e-06 0.000000e+00 0.000000e+00 
2.939401e+16 1.422357e-41 1.000000e+01 1.878169e+04 2.455343e-12 7.649315e+15 0.000000e+00 3.859100e-06 0.000000e+00 0.000000e+00 3.859100e-06 0.000000e+00 0.000000e+00 
3.125543e+16 9.489777e-43 1.000000e+01 1.878169e+04 2.239299e-12 8.387308e+15 0.000000e+00 4.103484e-06 0.000000e+00 0.000000e+00 4.103484e-06 0.000000e+00 0.000000e+00 
3.323473e+16 6.209371e-44 1.000000e+01 1.878169e+04 2.042265e-12 9.196500e+15 0.000000e+00 4.363343e-06 0.000000e+00 0.000000e+00 4.363343e-06 0.000000e+00 0.000000e+00 
3.533937e+16 3.985849e-45 1.000000e+01 1.878169e+04 1.862568e-12 1.008376e+16 0.000000e+00 4.639659e-06 0.000000e+00 0.000000e+00 4.639659e-06 0.000000e+00 0.000000e+00 
3.757729e+16 2.510779e-46 1.000000e+01 1.878169e+04 1.698682e-12 1.105662e+16 0.000000e+00 4.933473e-06 0.000000e+00 0.000000e+00 4.933473e-06 0.000000e+00 0.000000e+00 
3.995693e+16 1.552528e-47 1.000000e+01 1.878169e+04 1.549217e-12 1.212335e+16 0.000000e+00 5.245892e-06 0.000000e+00 0.000000e+00 5.245892e-06 0.000000e+00 0.000000e+00 
4.248727e+16 9.426225e-49 1.000000e+01 1.878169e+04 1.412902e-12 1.329299e+16 0.000000e+00 5.578097e-06 0.000000e+00 0.000000e+00 5.578097e-06 0.000000e+00 0.000000e+00 
4.517784e+16 5.621139e-50 1.000000e+01 1.878169e+04 1.288582e-12 1.457547e+16 0.000000e+00 5.931339e-06 0.000000e+00 0.000000e+00 5.931339e-06 0.000000e+00 0.000000e+00 
4.803880e+16 3.293181e-51 1.000000e+01 1.878169e+04 1.175201e-12 1.598169e+16 0.000000e+00 6.306950e-06 0.000000e+00 0.000000e+00 6.306950e-06 0.000000e+00 0.000000e+00 
5.108093e+16 1.895943e-52 1.000000e+01 1.878169e+04 1.071796e-12 1.752357e+16 0.000000e+00 6.706347e-06 0.000000e+00 0.000000e+00 6.706347e-06 0.000000e+00 0.000000e+00 
5.431571e+16 1.072909e-53 1.000000e+01 1.878169e+04 9.774897e-13 1.921421e+16 0.000000e+00 7.131037e-06 0.000000e+00 0.000000e+00 7.131037e-06 0.000000e+00 0.000000e+00 
5.775534e+16 5.969470e-55 1.000000e+01 1.878169e+04 8.914812e-13 2.106796e+16 0.000000e+00 7.582622e-06 0.000000e+00 0.000000e+00 7.582622e-06 0.000000e+00 0.000000e+00 
6.141279e+16 3.266234e-56 1.000000e+01 1.878169e+04 8.130405e-13 2.310056e+16 0.000000e+00 8.062803e-06 0.000000e+00 0.000000e+00 8.062803e-06 0.000000e+00 0.000000e+00 
6.530185e+16 1.757918e-57 1.000000e+01 1.878169e+04 7.415017e-13 2.532926e+16 0.000000e+00 8.573393e-06 0.000000e+00 0.000000e+00 8.573393e-06 0.000000e+00 0.000000e+00 
6.943719e+16 9.308679e-59 1.000000e+01 1.878169e+04 6.762576e-13 2.777299e+16 0.000000e+00 9.116316e-06 0.000000e+00 0.000000e+00 9.116316e-06 0.000000e+00 0.000000e+00 
7.383441e+16 4.850775e-60 1.000000e+01 1.878169e+04 6.167543e-13 3.045247e+16 0.000000e+00 9.693621e-06 0.000000e+00 0.000000e+00 9.693621e-06 0.000000e+00 0.000000e+00 
7.851009e+16 2.488062e-61 1.000000e+01 1.878169e+04 5.624866e-13 3.339047e+16 0.000000e+00 1.030749e-05 0.000000e+00 0.000000e+00 1.030749e-05 0.000000e+00 0.000000e+00 
8.348187e+16 1.256403e-62 1.000000e+01 1.878169e+04 5.129939e-13 3.661193e+16 0.000000e+00 1.096022e-05 0.000000e+00 0.000000e+00 1.096022e-05 0.000000e+00 0.000000e+00 
8.876849e+16 6.247464e-64 1.000000e+01 1.878169e+04 4.678560e-13 4.014418e+16 0.000000e+00 1.165430e-05 0.000000e+00 0.000000e+00 1.165430e-05 0.000000e+00 0.000000e+00 
9.438989e+16 3.059650e-65 1.000000e+01 1.878169e+04 4.266897e-13 4.401722e+16 0.000000e+00 1.239232e-05 0.000000e+00 0.000000e+00 1.239232e-05 0.000000e+00 0.000000e+00 
1.003673e+17 1.476108e-66 1.000000e+01 1.878169e+04 3.891456e-13 4.826392e+16 0.000000e+00 1.317709e-05 0.000000e+00 0.000000e+00 1.317709e-05 0.000000e+00 0.000000e+00 
1.067232e+17 7.016580e-68 1.000000e+01 1.878169e+04 3.549050e-13 5.292033e+16 0.000000e+00 1.401155e-05 0.000000e+00 0.000000e+00 1.401155e-05 0.000000e+00 0.000000e+00 
1.134816e+17 3.286816e-69 1.000000e+01 1.878169e+04 3.236772e-13 5.802599e+16 0.000000e+00 1.489885e-05 0.000000e+00 0.000000e+00 1.489885e-05 0.000000e+00 0.000000e+00 
1.206680e+17 1.517565e-70 1.000000e+01 1.878169e+04 2.951972e-13 6.362423e+16 0.000000e+00 1.584234e-05 0.000000e+00 0.000000e+00 1.584234e-05 0.000000e+00 0.000000e+00 
1.283095e+17 6.907483e-72 1.000000e+01 1.878169e+04 2.692230e-13 6.976259e+16 0.000000e+00 1.684558e-05 0.000000e+00 0.000000e+00 1.684558e-05 0.000000e+00 0.000000e+00 
1.364349e+17 3.100055e-73 1.000000e+01 1.878169e+04 2.455343e-13 7.649315e+16 0.000000e+00 1.791236e-05 0.000000e+00 0.000000e+00 1.791236e-05 0.000000e+00 0.000000e+00 
1.450749e+17 1.443243e-74 1.000000e+01 1.878169e+04 2.239299e-13 8.387308e+16 0.000000e+00 1.904668e-05 0.000000e+00 0.000000e+00 1.904668e-05 0.000000e+00 0.000000e+00 
