time(s)          = 1.356948e+13
time(solar year) = 4.300000e+05
star mass (g)    = 2.294085e+33
star mass (Msun) = 1.153734e+00
total mass (g)   = 2.300610e+33
mdot (g/s)       = 0.000000e+00
mdot (Msun/yr)   = 0.000000e+00
1.542620e+13 9.593016e-316 1.000000e+01 1.878169e+04 2.042265e-07 9.196500e+10 0.000000e+00 6.051217e-319 0.000000e+00 0.000000e+00 6.051217e-319 4.353324e+02 0.000000e+00 
1.640308e+13 1.092959e-315 1.000000e+01 1.878169e+04 1.862568e-07 1.008376e+11 0.000000e+00 2.042823e-318 0.000000e+00 0.000000e+00 2.042823e-318 3.898018e+02 0.000000e+00 
1.744183e+13 1.408724e-315 1.000000e+01 1.878169e+04 1.698682e-07 1.105662e+11 0.000000e+00 4.044352e-318 0.000000e+00 0.000000e+00 4.044352e-318 3.492334e+02 0.000000e+00 
1.854637e+13 1.456866e-315 1.000000e+01 1.878169e+04 1.549217e-07 1.212335e+11 0.000000e+00 6.647920e-318 0.000000e+00 0.000000e+00 6.647920e-318 3.177791e+02 0.000000e+00 
1.972084e+13 1.641217e-315 1.000000e+01 1.878169e+04 1.412902e-07 1.329299e+11 0.000000e+00 9.853497e-318 0.000000e+00 0.000000e+00 9.853497e-318 2.890759e+02 0.000000e+00 
2.096970e+13 1.564706e-315 1.000000e+01 1.878169e+04 1.288582e-07 1.457547e+11 0.000000e+00 1.363296e-317 0.000000e+00 0.000000e+00 1.363296e-317 2.628843e+02 0.000000e+00 
2.229764e+13 2.097378e-315 1.000000e+01 1.878169e+04 1.175201e-07 1.598169e+11 0.000000e+00 1.845878e-317 0.000000e+00 0.000000e+00 1.845878e-317 2.388512e+02 0.000000e+00 
2.370967e+13 1.946855e-315 1.000000e+01 1.878169e+04 1.071796e-07 1.752357e+11 0.000000e+00 2.441245e-317 0.000000e+00 0.000000e+00 2.441245e-317 2.169766e+02 0.000000e+00 
2.521112e+13 2.525658e-315 1.000000e+01 1.878169e+04 9.774897e-08 1.921421e+11 0.000000e+00 3.177521e-317 0.000000e+00 0.000000e+00 3.177521e-317 1.969598e+02 0.000000e+00 
2.680766e+13 2.612145e-315 1.000000e+01 1.878169e+04 8.914812e-08 2.106796e+11 0.000000e+00 4.110152e-317 0.000000e+00 0.000000e+00 4.110152e-317 1.787748e+02 0.000000e+00 
2.850529e+13 2.594931e-315 1.000000e+01 1.878169e+04 8.130405e-08 2.310056e+11 0.000000e+00 5.182970e-317 0.000000e+00 0.000000e+00 5.182970e-317 1.621690e+02 0.000000e+00 
3.031043e+13 3.276307e-315 1.000000e+01 1.878169e+04 7.415017e-08 2.532926e+11 0.000000e+00 6.517596e-317 0.000000e+00 0.000000e+00 6.517596e-317 1.471041e+02 0.000000e+00 
3.222989e+13 3.306525e-315 1.000000e+01 1.878169e+04 6.762576e-08 2.777299e+11 0.000000e+00 8.165468e-317 0.000000e+00 0.000000e+00 8.165468e-317 1.333622e+02 0.000000e+00 
3.427090e+13 3.814398e-315 1.000000e+01 1.878169e+04 6.167543e-08 3.045247e+11 0.000000e+00 1.014906e-316 0.000000e+00 0.000000e+00 1.014906e-316 1.209117e+02 0.000000e+00 
3.644116e+13 4.271174e-315 1.000000e+01 1.878169e+04 5.624866e-08 3.339047e+11 0.000000e+00 1.261717e-316 0.000000e+00 0.000000e+00 1.261717e-316 1.095662e+02 0.000000e+00 
3.874885e+13 4.782551e-315 1.000000e+01 1.878169e+04 5.129939e-08 3.661193e+11 0.000000e+00 1.565734e-316 0.000000e+00 0.000000e+00 1.565734e-316 9.929541e+01 0.000000e+00 
4.120268e+13 5.258830e-315 1.000000e+01 1.878169e+04 4.678560e-08 4.014418e+11 0.000000e+00 1.937395e-316 0.000000e+00 0.000000e+00 1.937395e-316 8.994300e+01 0.000000e+00 
4.381191e+13 5.549354e-315 1.000000e+01 1.878169e+04 4.266897e-08 4.401722e+11 0.000000e+00 2.381600e-316 0.000000e+00 0.000000e+00 2.381600e-316 8.148193e+01 0.000000e+00 
4.658637e+13 6.144002e-315 1.000000e+01 1.878169e+04 3.891456e-08 4.826392e+11 0.000000e+00 2.913966e-316 0.000000e+00 0.000000e+00 2.913966e-316 7.378191e+01 0.000000e+00 
4.953652e+13 6.530576e-315 1.000000e+01 1.878169e+04 3.549050e-08 5.292033e+11 0.000000e+00 3.551820e-316 0.000000e+00 0.000000e+00 3.551820e-316 6.681946e+01 0.000000e+00 
5.267350e+13 7.601150e-315 1.000000e+01 1.878169e+04 3.236772e-08 5.802599e+11 0.000000e+00 4.331333e-316 0.000000e+00 0.000000e+00 4.331333e-316 6.048636e+01 0.000000e+00 
5.600913e+13 8.352597e-315 1.000000e+01 1.878169e+04 2.951972e-08 6.362423e+11 0.000000e+00 5.291817e-316 0.000000e+00 0.000000e+00 5.291817e-316 5.476246e+01 0.000000e+00 
5.955600e+13 8.911404e-315 1.000000e+01 1.878169e+04 2.692230e-08 6.976259e+11 0.000000e+00 6.440936e-316 0.000000e+00 0.000000e+00 6.440936e-316 4.955813e+01 0.000000e+00 
6.332747e+13 9.632070e-315 1.000000e+01 1.878169e+04 2.455343e-08 7.649315e+11 0.000000e+00 7.807603e-316 0.000000e+00 0.000000e+00 7.807603e-316 4.485621e+01 0.000000e+00 
6.733779e+13 1.100931e-314 1.000000e+01 1.878169e+04 2.239299e-08 8.387308e+11 0.000000e+00 9.472755e-316 0.000000e+00 0.000000e+00 9.472755e-316 4.058269e+01 0.000000e+00 
7.160206e+13 1.183476e-314 1.000000e+01 1.878169e+04 2.042265e-08 9.196500e+11 0.000000e+00 1.149262e-315 0.000000e+00 0.000000e+00 1.149262e-315 3.672295e+01 0.000000e+00 
7.613637e+13 1.291108e-314 1.000000e+01 1.878169e+04 1.862568e-08 1.008376e+12 0.000000e+00 1.390721e-315 0.000000e+00 0.000000e+00 1.390721e-315 3.321606e+01 0.000000e+00 
8.095782e+13 1.417352e-314 1.000000e+01 1.878169e+04 1.698682e-08 1.105662e+12 0.000000e+00 1.681234e-315 0.000000e+00 0.000000e+00 1.681234e-315 3.004960e+01 0.000000e+00 
8.608461e+13 1.575178e-314 1.000000e+01 1.878169e+04 1.549217e-08 1.212335e+12 0.000000e+00 2.032980e-315 0.000000e+00 0.000000e+00 2.032980e-315 2.717350e+01 0.000000e+00 
9.153605e+13 1.727836e-314 1.000000e+01 1.878169e+04 1.412902e-08 1.329299e+12 0.000000e+00 2.458539e-315 0.000000e+00 0.000000e+00 2.458539e-315 2.457718e+01 0.000000e+00 
9.733271e+13 1.166508e-296 1.000000e+01 1.878169e+04 1.288582e-08 1.457547e+12 0.000000e+00 1.166203e-298 0.000000e+00 0.000000e+00 1.166203e-298 2.221964e+01 0.000000e+00 
1.034965e+14 3.178436e-270 1.000000e+01 1.878169e+04 1.175201e-08 1.598169e+12 0.000000e+00 3.484174e-272 0.000000e+00 0.000000e+00 3.484174e-272 2.009183e+01 0.000000e+00 
1.100505e+14 3.822610e-246 1.000000e+01 1.878169e+04 1.071796e-08 1.752357e+12 0.000000e+00 4.594587e-248 0.000000e+00 0.000000e+00 4.594587e-248 1.816026e+01 0.000000e+00 
1.170197e+14 3.304151e-224 1.000000e+01 1.878169e+04 9.774897e-09 1.921421e+12 0.000000e+00 4.354580e-226 0.000000e+00 0.000000e+00 4.354580e-226 1.641718e+01 0.000000e+00 
1.244301e+14 3.192904e-204 1.000000e+01 1.878169e+04 8.914812e-09 2.106796e+12 0.000000e+00 4.613944e-206 0.000000e+00 0.000000e+00 4.613944e-206 1.483529e+01 0.000000e+00 
1.323098e+14 5.159696e-186 1.000000e+01 1.878169e+04 8.130405e-09 2.310056e+12 0.000000e+00 8.175428e-188 0.000000e+00 0.000000e+00 8.175428e-188 1.340792e+01 0.000000e+00 
1.406886e+14 2.008541e-169 1.000000e+01 1.878169e+04 7.415017e-09 2.532926e+12 0.000000e+00 3.489532e-171 0.000000e+00 0.000000e+00 3.489532e-171 1.211286e+01 0.000000e+00 
1.495979e+14 2.627766e-154 1.000000e+01 1.878169e+04 6.762576e-09 2.777299e+12 0.000000e+00 5.005795e-156 0.000000e+00 0.000000e+00 5.005795e-156 1.094436e+01 0.000000e+00 
1.590714e+14 1.562517e-140 1.000000e+01 1.878169e+04 6.167543e-09 3.045247e+12 0.000000e+00 3.263706e-142 0.000000e+00 0.000000e+00 3.263706e-142 9.884369e+00 0.000000e+00 
1.691449e+14 5.563229e-128 1.000000e+01 1.878169e+04 5.624866e-09 3.339047e+12 0.000000e+00 1.274129e-129 0.000000e+00 0.000000e+00 1.274129e-129 8.927904e+00 0.000000e+00 
1.798562e+14 1.522627e-116 1.000000e+01 1.878169e+04 5.129939e-09 3.661193e+12 0.000000e+00 3.823667e-118 0.000000e+00 0.000000e+00 3.823667e-118 8.060414e+00 0.000000e+00 
1.912459e+14 4.025562e-106 1.000000e+01 1.878169e+04 4.678560e-09 4.014418e+12 0.000000e+00 1.108442e-107 0.000000e+00 0.000000e+00 1.108442e-107 7.277582e+00 0.000000e+00 
2.033569e+14 1.264452e-96 1.000000e+01 1.878169e+04 4.266897e-09 4.401722e+12 0.000000e+00 3.817586e-98 0.000000e+00 0.000000e+00 3.817586e-98 6.567803e+00 0.000000e+00 
2.162348e+14 5.702488e-88 1.000000e+01 1.878169e+04 3.891456e-09 4.826392e+12 0.000000e+00 1.887777e-89 0.000000e+00 0.000000e+00 1.887777e-89 5.927205e+00 0.000000e+00 
2.299282e+14 4.383460e-80 1.000000e+01 1.878169e+04 3.549050e-09 5.292033e+12 0.000000e+00 1.591122e-81 0.000000e+00 0.000000e+00 1.591122e-81 5.346464e+00 0.000000e+00 
2.444887e+14 6.720076e-73 1.000000e+01 1.878169e+04 3.236772e-09 5.802599e+12 0.000000e+00 2.674611e-74 0.000000e+00 0.000000e+00 2.674611e-74 4.821861e+00 0.000000e+00 
2.599714e+14 2.368879e-66 1.000000e+01 1.878169e+04 2.951972e-09 6.362423e+12 0.000000e+00 1.033783e-67 0.000000e+00 0.000000e+00 1.033783e-67 4.346789e+00 0.000000e+00 
2.764344e+14 2.187366e-60 1.000000e+01 1.878169e+04 2.692230e-09 6.976259e+12 0.000000e+00 1.046668e-61 0.000000e+00 0.000000e+00 1.046668e-61 3.918072e+00 0.000000e+00 
2.939401e+14 5.954189e-55 1.000000e+01 1.878169e+04 2.455343e-09 7.649315e+12 0.000000e+00 3.124008e-56 0.000000e+00 0.000000e+00 3.124008e-56 3.529334e+00 0.000000e+00 
3.125543e+14 5.323767e-50 1.000000e+01 1.878169e+04 2.239299e-09 8.387308e+12 0.000000e+00 3.062773e-51 0.000000e+00 0.000000e+00 3.062773e-51 3.176504e+00 0.000000e+00 
3.323473e+14 1.724776e-45 1.000000e+01 1.878169e+04 2.042265e-09 9.196500e+12 0.000000e+00 1.088040e-46 0.000000e+00 0.000000e+00 1.088040e-46 2.855810e+00 0.000000e+00 
3.533937e+14 2.214916e-41 1.000000e+01 1.878169e+04 1.862568e-09 1.008376e+13 0.000000e+00 1.532178e-42 0.000000e+00 0.000000e+00 1.532178e-42 2.565475e+00 0.000000e+00 
3.757729e+14 1.223246e-37 1.000000e+01 1.878169e+04 1.698682e-09 1.105662e+13 0.000000e+00 9.280105e-39 0.000000e+00 0.000000e+00 9.280105e-39 2.302238e+00 0.000000e+00 
3.995693e+14 3.130272e-34 1.000000e+01 1.878169e+04 1.549217e-09 1.212335e+13 0.000000e+00 2.604939e-35 0.000000e+00 0.000000e+00 2.604939e-35 2.063169e+00 0.000000e+00 
4.248727e+14 3.971906e-31 1.000000e+01 1.878169e+04 1.412902e-09 1.329299e+13 0.000000e+00 3.627012e-32 0.000000e+00 0.000000e+00 3.627012e-32 1.845695e+00 0.000000e+00 
4.517784e+14 2.658607e-28 1.000000e+01 1.878169e+04 1.288582e-09 1.457547e+13 0.000000e+00 2.665619e-29 0.000000e+00 0.000000e+00 2.665619e-29 1.648278e+00 0.000000e+00 
4.803880e+14 9.931430e-26 1.000000e+01 1.878169e+04 1.175201e-09 1.598169e+13 0.000000e+00 1.094335e-26 0.000000e+00 0.000000e+00 1.094335e-26 1.469485e+00 0.000000e+00 
5.108093e+14 2.179770e-23 1.000000e+01 1.878169e+04 1.071796e-09 1.752357e+13 0.000000e+00 2.643187e-24 0.000000e+00 0.000000e+00 2.643187e-24 1.307938e+00 0.000000e+00 
5.431571e+14 2.945617e-21 1.000000e+01 1.878169e+04 9.774897e-10 1.921421e+13 0.000000e+00 3.938029e-22 0.000000e+00 0.000000e+00 3.938029e-22 1.162006e+00 0.000000e+00 
5.775534e+14 2.557862e-19 3.133944e+01 3.324914e+04 8.914812e-10 3.729651e+13 1.000000e-05 -2.320546e-16 -2.232592e+01 -4.561738e+05 3.779421e-20 1.030092e+00 -5.506042e-18 
6.141279e+14 1.483825e-17 3.052549e+01 3.281452e+04 8.130405e-10 4.036026e+13 1.000000e-05 -1.058219e-14 -1.551717e+01 -3.169984e+05 2.430579e-18 9.105330e-01 -2.504406e-16 
6.530185e+14 5.958544e-16 2.973268e+01 3.238559e+04 7.415017e-10 4.367568e+13 1.000000e-05 -3.462060e-13 -1.113738e+01 -2.274833e+05 1.086050e-16 8.019589e-01 -8.166454e-15 
6.943719e+14 1.710490e-14 2.896047e+01 3.196226e+04 6.762576e-10 4.726344e+13 1.000000e-05 -8.375584e-12 -8.231736e+00 -1.680810e+05 3.483978e-15 7.030400e-01 -1.967934e-13 
7.383441e+14 3.615633e-13 2.820830e+01 3.154447e+04 6.167543e-10 5.114593e+13 1.000000e-05 -1.539561e-10 -6.244961e+00 -1.274448e+05 8.269088e-14 6.129410e-01 -3.601103e-12 
7.851009e+14 5.778994e-12 2.747568e+01 3.113214e+04 5.624866e-10 5.534734e+13 1.000000e-05 -2.205447e-09 -4.852319e+00 -9.893878e+04 1.491776e-12 5.308596e-01 -5.133108e-11 
8.348187e+14 7.157912e-11 2.676208e+01 3.072520e+04 5.129939e-10 5.989389e+13 1.000000e-05 -2.515939e-08 -3.849105e+00 -7.837962e+04 2.096876e-11 4.565544e-01 -5.824983e-10 
8.876849e+14 7.020551e-10 2.606701e+01 3.032357e+04 4.678560e-10 6.481391e+13 1.000000e-05 -2.328842e-07 -3.106992e+00 -6.314471e+04 2.347216e-10 3.896870e-01 -5.362794e-09 
9.438989e+14 5.555364e-09 2.539000e+01 2.992720e+04 4.266897e-10 7.013809e+13 1.000000e-05 -1.770968e-06 -2.541849e+00 -5.151446e+04 2.132393e-09 3.307676e-01 -4.055887e-08 
1.003673e+15 3.600470e-08 2.473057e+01 2.953601e+04 3.891456e-10 7.589962e+13 1.000000e-05 -1.100495e-05 -2.074454e+00 -4.186895e+04 1.597006e-08 2.803439e-01 -2.504516e-07 
1.067232e+15 1.911394e-07 2.408827e+01 2.914993e+04 3.549050e-10 8.213445e+13 1.000000e-05 -5.566146e-05 -1.661774e+00 -3.331988e+04 9.903570e-08 2.341280e-01 -1.257572e-06 
1.134816e+15 8.195831e-07 2.346265e+01 2.876890e+04 3.236772e-10 8.888143e+13 1.000000e-05 -2.337401e-04 -1.305806e+00 -2.589211e+04 5.052778e-07 1.857509e-01 -5.255255e-06 
1.206680e+15 2.807408e-06 2.285327e+01 2.839285e+04 2.951972e-10 9.618266e+13 1.000000e-05 -8.426954e-04 -1.010885e+00 -1.966321e+04 2.109286e-06 1.340412e-01 -1.904538e-05 
1.283095e+15 7.671688e-06 2.225973e+01 2.802171e+04 2.692230e-10 1.040836e+14 1.000000e-05 -2.654714e-03 -7.699778e-01 -1.448403e+04 7.216543e-06 8.568992e-02 -6.148017e-05 
1.364349e+15 1.681255e-05 2.168160e+01 2.765543e+04 2.455343e-10 1.126337e+14 1.000000e-05 -7.223410e-03 -5.717007e-01 -1.011759e+04 2.039799e-05 4.825866e-02 -1.762504e-04 
1.450749e+15 2.981253e-05 2.111848e+01 2.729393e+04 2.239299e-10 1.218860e+14 1.000000e-05 -1.632082e-02 -4.052125e-01 -6.338488e+03 4.822021e-05 2.376753e-02 -4.395239e-04 
1.542620e+15 4.325240e-05 2.056999e+01 2.693716e+04 2.042265e-10 1.318984e+14 1.000000e-05 -2.589040e-02 -2.617171e-01 -2.964739e+03 9.679404e-05 1.021962e-02 -9.008905e-04 
1.640308e+15 5.200009e-05 2.003575e+01 2.658505e+04 1.862568e-10 1.427333e+14 1.000000e-05 1.909870e-03 -1.347645e-01 1.344981e+02 1.679006e-04 3.847927e-03 -1.676818e-03 
1.744183e+15 5.256190e-05 1.951538e+01 2.623755e+04 1.698682e-10 1.544582e+14 1.000000e-05 2.304898e-01 -2.002860e-02 3.040928e+03 2.566384e-04 1.276431e-03 -1.004874e-02 
1.854637e+15 4.540179e-05 1.900852e+01 2.589458e+04 1.549217e-10 1.671463e+14 1.000000e-05 1.129144e+00 8.629198e-02 5.818331e+03 3.530303e-04 3.756449e-04 -1.256466e-01 
1.972084e+15 3.397138e-05 1.851483e+01 2.555610e+04 1.412903e-10 1.808766e+14 1.000000e-05 3.323676e+00 1.904850e-01 8.594007e+03 4.465052e-04 9.868304e-05 -1.077991e+00 
2.096970e+15 2.203184e-05 1.803397e+01 2.522205e+04 1.288582e-10 1.957349e+14 1.000000e-05 5.944014e+00 3.012441e-01 1.160374e+04 5.297425e-04 2.332471e-05 -5.328964e+00 
2.229764e+15 1.228168e-05 1.756559e+01 2.489236e+04 1.175201e-10 2.118136e+14 1.000000e-05 6.496068e+00 4.225469e-01 1.500044e+04 6.001733e-04 5.053250e-06 -1.475934e+01 
2.370967e+15 5.921225e-06 1.710937e+01 2.456698e+04 1.071796e-10 2.292132e+14 1.000000e-05 5.157303e+00 5.464071e-01 1.855840e+04 6.596128e-04 1.032026e-06 -2.645047e+01 
2.521112e+15 2.526225e-06 1.666501e+01 2.424586e+04 9.774897e-11 2.480420e+14 1.000000e-05 3.627128e+00 6.617124e-01 2.191260e+04 7.122809e-04 2.027314e-07 -3.694230e+01 
2.680766e+15 9.725298e-07 1.623218e+01 2.392893e+04 8.914812e-11 2.684176e+14 1.000000e-05 2.575361e+00 7.691067e-01 2.505609e+04 7.623328e-04 3.848099e-08 -4.562941e+01 
2.850529e+15 3.411990e-07 1.581060e+01 2.361614e+04 8.130406e-11 2.904670e+14 1.000000e-05 1.974276e+00 8.750524e-01 2.817480e+04 8.126437e-04 7.039784e-09 -5.323615e+01 
3.031043e+15 1.096782e-07 1.539997e+01 2.330744e+04 7.415018e-11 3.143276e+14 1.000000e-05 1.665817e+00 9.831030e-01 3.137314e+04 8.648710e-04 1.238542e-09 -6.037976e+01 
3.222989e+15 3.244031e-08 1.500000e+01 2.300278e+04 6.762577e-11 3.401482e+14 1.000000e-05 1.530083e+00 1.094096e+00 3.467448e+04 9.199048e-04 2.094808e-10 -6.737386e+01 
3.427090e+15 8.864752e-09 1.461042e+01 2.270210e+04 6.167543e-11 3.680899e+14 1.000000e-05 1.494850e+00 1.207933e+00 3.807404e+04 9.782434e-04 3.408677e-11 -7.436147e+01 
3.644116e+15 2.246944e-09 1.423096e+01 2.240535e+04 5.624866e-11 3.983269e+14 1.000000e-05 1.518951e+00 1.324339e+00 4.156186e+04 1.040217e-03 5.342728e-12 -8.140751e+01 
3.874885e+15 5.303088e-10 1.386135e+01 2.211248e+04 5.129939e-11 4.310477e+14 1.000000e-05 1.579018e+00 1.443052e+00 4.512855e+04 1.106097e-03 8.077226e-13 -8.854072e+01 
4.120268e+15 1.169663e-10 1.350134e+01 2.182344e+04 4.678560e-11 4.664564e+14 1.000000e-05 1.661598e+00 1.563850e+00 4.876618e+04 1.176144e-03 1.179416e-13 -9.577241e+01 
4.381191e+15 2.419241e-11 1.315069e+01 2.153818e+04 4.266898e-11 5.047737e+14 1.000000e-05 1.758781e+00 1.686550e+00 5.246813e+04 1.250626e-03 1.665455e-14 -1.031052e+02 
4.658637e+15 4.707391e-12 1.280914e+01 2.125664e+04 3.891457e-11 5.462387e+14 1.000000e-05 1.865793e+00 1.810993e+00 5.622874e+04 1.329824e-03 2.277077e-15 -1.105372e+02 
4.953652e+15 8.643095e-13 1.247646e+01 2.097879e+04 3.549051e-11 5.911098e+14 1.000000e-05 1.979661e+00 1.937023e+00 6.004254e+04 1.414037e-03 3.017869e-16 -1.180634e+02 
5.267350e+15 1.501711e-13 1.215242e+01 2.070456e+04 3.236773e-11 6.396669e+14 1.000000e-05 2.098338e+00 2.064341e+00 6.390037e+04 1.503583e-03 3.882731e-17 -1.256692e+02 
5.600913e+15 2.477482e-14 1.183679e+01 2.043393e+04 2.951972e-11 6.922127e+14 1.000000e-05 2.218745e+00 2.190966e+00 6.774276e+04 1.598800e-03 4.867998e-18 -1.332400e+02 
5.955600e+15 3.903068e-15 1.152937e+01 2.016682e+04 2.692230e-11 7.490750e+14 1.000000e-05 2.332354e+00 2.309113e+00 7.134696e+04 1.700046e-03 5.990873e-19 -1.403395e+02 
6.332747e+15 6.039591e-16 1.122993e+01 1.990321e+04 2.455343e-11 8.106083e+14 1.000000e-05 2.381704e+00 2.362305e+00 7.297957e+04 1.807705e-03 7.400715e-20 -1.435594e+02 
6.733779e+15 9.377018e-17 1.093826e+01 1.964305e+04 2.239300e-11 8.771962e+14 1.000000e-05 2.380337e+00 2.364524e+00 7.305047e+04 1.922180e-03 9.063692e-21 -1.437063e+02 
7.160206e+15 1.455575e-17 1.065418e+01 1.938629e+04 2.042266e-11 9.492540e+14 1.000000e-05 2.388129e+00 2.375569e+00 7.338988e+04 2.043905e-03 1.060208e-21 -1.443808e+02 
7.613637e+15 2.254412e-18 1.037746e+01 1.913288e+04 1.862568e-11 1.027231e+15 1.000000e-05 2.405386e+00 2.395772e+00 7.396779e+04 2.173339e-03 1.152608e-22 -1.455225e+02 
8.095782e+15 3.284124e-19 1.010794e+01 1.888279e+04 1.698682e-11 1.111614e+15 1.000000e-05 2.571435e+00 2.564209e+00 7.911764e+04 2.310969e-03 1.036949e-23 -1.556587e+02 
8.608461e+15 4.601441e-20 1.000000e+01 1.878169e+04 1.549217e-11 1.212335e+15 1.000000e-05 2.750905e+00 2.746815e+00 8.467817e+04 2.457315e-03 4.509187e-25 -1.666036e+02 
9.153605e+15 5.225818e-21 1.000000e+01 1.878169e+04 1.412903e-11 1.329299e+15 0.000000e+00 2.612928e-03 0.000000e+00 0.000000e+00 2.612928e-03 7.041173e-27 0.000000e+00 
9.733271e+15 4.826151e-22 1.000000e+01 1.878169e+04 1.288582e-11 1.457547e+15 0.000000e+00 2.778396e-03 0.000000e+00 0.000000e+00 2.778396e-03 0.000000e+00 0.000000e+00 
1.034965e+16 4.865857e-23 1.000000e+01 1.878169e+04 1.175201e-11 1.598168e+15 0.000000e+00 2.954342e-03 0.000000e+00 0.000000e+00 2.954342e-03 0.000000e+00 0.000000e+00 
1.100505e+16 4.797821e-24 1.000000e+01 1.878169e+04 1.071796e-11 1.752357e+15 0.000000e+00 3.141430e-03 0.000000e+00 0.000000e+00 3.141430e-03 0.000000e+00 0.000000e+00 
1.170197e+16 4.611199e-25 1.000000e+01 1.878169e+04 9.774897e-12 1.921421e+15 0.000000e+00 3.340367e-03 0.000000e+00 0.000000e+00 3.340367e-03 0.000000e+00 0.000000e+00 
1.244301e+16 4.318143e-26 1.000000e+01 1.878169e+04 8.914812e-12 2.106796e+15 0.000000e+00 3.551900e-03 0.000000e+00 0.000000e+00 3.551900e-03 0.000000e+00 0.000000e+00 
1.323098e+16 3.940880e-27 1.000000e+01 1.878169e+04 8.130406e-12 2.310056e+15 0.000000e+00 3.776830e-03 0.000000e+00 0.000000e+00 3.776830e-03 0.000000e+00 0.000000e+00 
1.406886e+16 3.506629e-28 1.000000e+01 1.878169e+04 7.415018e-12 2.532926e+15 0.000000e+00 4.016004e-03 0.000000e+00 0.000000e+00 4.016004e-03 0.000000e+00 0.000000e+00 
1.495979e+16 3.043690e-29 1.000000e+01 1.878169e+04 6.762577e-12 2.777298e+15 0.000000e+00 4.270324e-03 0.000000e+00 0.000000e+00 4.270324e-03 0.000000e+00 0.000000e+00 
1.590714e+16 2.578351e-30 1.000000e+01 1.878169e+04 6.167543e-12 3.045247e+15 0.000000e+00 4.540749e-03 0.000000e+00 0.000000e+00 4.540749e-03 0.000000e+00 0.000000e+00 
1.691449e+16 2.132694e-31 1.000000e+01 1.878169e+04 5.624866e-12 3.339047e+15 0.000000e+00 4.828299e-03 0.000000e+00 0.000000e+00 4.828299e-03 0.000000e+00 0.000000e+00 
1.798562e+16 1.723322e-32 1.000000e+01 1.878169e+04 5.129939e-12 3.661192e+15 0.000000e+00 5.134058e-03 0.000000e+00 0.000000e+00 5.134058e-03 0.000000e+00 0.000000e+00 
1.912459e+16 1.360993e-33 1.000000e+01 1.878169e+04 4.678560e-12 4.014417e+15 0.000000e+00 5.459181e-03 0.000000e+00 0.000000e+00 5.459181e-03 0.000000e+00 0.000000e+00 
2.033569e+16 1.050968e-34 1.000000e+01 1.878169e+04 4.266898e-12 4.401721e+15 0.000000e+00 5.804892e-03 0.000000e+00 0.000000e+00 5.804892e-03 0.000000e+00 0.000000e+00 
2.162348e+16 7.938738e-36 1.000000e+01 1.878169e+04 3.891457e-12 4.826391e+15 0.000000e+00 6.172496e-03 0.000000e+00 0.000000e+00 6.172496e-03 0.000000e+00 0.000000e+00 
2.299282e+16 5.868410e-37 1.000000e+01 1.878169e+04 3.549051e-12 5.292033e+15 0.000000e+00 6.563379e-03 0.000000e+00 0.000000e+00 6.563379e-03 0.000000e+00 0.000000e+00 
2.444887e+16 4.246854e-38 1.000000e+01 1.878169e+04 3.236773e-12 5.802599e+15 0.000000e+00 6.979015e-03 0.000000e+00 0.000000e+00 6.979015e-03 0.000000e+00 0.000000e+00 
2.599714e+16 3.009933e-39 1.000000e+01 1.878169e+04 2.951972e-12 6.362423e+15 0.000000e+00 7.420972e-03 0.000000e+00 0.000000e+00 7.420972e-03 0.000000e+00 0.000000e+00 
2.764344e+16 2.090007e-40 1.000000e+01 1.878169e+04 2.692230e-12 6.976258e+15 0.000000e+00 7.890917e-03 0.000000e+00 0.000000e+00 7.890917e-03 0.000000e+00 0.000000e+00 
2.939401e+16 1.422306e-41 1.000000e+01 1.878169e+04 2.455343e-12 7.649315e+15 0.000000e+00 8.390621e-03 0.000000e+00 0.000000e+00 8.390621e-03 0.000000e+00 0.000000e+00 
3.125543e+16 9.489432e-43 1.000000e+01 1.878169e+04 2.239300e-12 8.387307e+15 0.000000e+00 8.921971e-03 0.000000e+00 0.000000e+00 8.921971e-03 0.000000e+00 0.000000e+00 
3.323473e+16 6.209140e-44 1.000000e+01 1.878169e+04 2.042266e-12 9.196499e+15 0.000000e+00 9.486968e-03 0.000000e+00 0.000000e+00 9.486968e-03 0.000000e+00 0.000000e+00 
3.533937e+16 3.985697e-45 1.000000e+01 1.878169e+04 1.862568e-12 1.008376e+16 0.000000e+00 1.008775e-02 0.000000e+00 0.000000e+00 1.008775e-02 0.000000e+00 0.000000e+00 
3.757729e+16 2.510682e-46 1.000000e+01 1.878169e+04 1.698682e-12 1.105662e+16 0.000000e+00 1.072657e-02 0.000000e+00 0.000000e+00 1.072657e-02 0.000000e+00 0.000000e+00 
3.995693e+16 1.552467e-47 1.000000e+01 1.878169e+04 1.549217e-12 1.212335e+16 0.000000e+00 1.140584e-02 0.000000e+00 0.000000e+00 1.140584e-02 0.000000e+00 0.000000e+00 
4.248727e+16 9.425845e-49 1.000000e+01 1.878169e+04 1.412903e-12 1.329299e+16 0.000000e+00 1.212814e-02 0.000000e+00 0.000000e+00 1.212814e-02 0.000000e+00 0.000000e+00 
4.517784e+16 5.620907e-50 1.000000e+01 1.878169e+04 1.288582e-12 1.457547e+16 0.000000e+00 1.289617e-02 0.000000e+00 0.000000e+00 1.289617e-02 0.000000e+00 0.000000e+00 
4.803880e+16 3.293043e-51 1.000000e+01 1.878169e+04 1.175201e-12 1.598168e+16 0.000000e+00 1.371284e-02 0.000000e+00 0.000000e+00 1.371284e-02 0.000000e+00 0.000000e+00 
5.108093e+16 1.895862e-52 1.000000e+01 1.878169e+04 1.071796e-12 1.752357e+16 0.000000e+00 1.458123e-02 0.000000e+00 0.000000e+00 1.458123e-02 0.000000e+00 0.000000e+00 
5.431571e+16 1.072863e-53 1.000000e+01 1.878169e+04 9.774897e-13 1.921421e+16 0.000000e+00 1.550461e-02 0.000000e+00 0.000000e+00 1.550461e-02 0.000000e+00 0.000000e+00 
5.775534e+16 5.969206e-55 1.000000e+01 1.878169e+04 8.914812e-13 2.106796e+16 0.000000e+00 1.648646e-02 0.000000e+00 0.000000e+00 1.648646e-02 0.000000e+00 0.000000e+00 
6.141279e+16 3.266087e-56 1.000000e+01 1.878169e+04 8.130406e-13 2.310056e+16 0.000000e+00 1.753049e-02 0.000000e+00 0.000000e+00 1.753049e-02 0.000000e+00 0.000000e+00 
6.530185e+16 1.757838e-57 1.000000e+01 1.878169e+04 7.415018e-13 2.532926e+16 0.000000e+00 1.864064e-02 0.000000e+00 0.000000e+00 1.864064e-02 0.000000e+00 0.000000e+00 
6.943719e+16 9.308245e-59 1.000000e+01 1.878169e+04 6.762577e-13 2.777298e+16 0.000000e+00 1.982109e-02 0.000000e+00 0.000000e+00 1.982109e-02 0.000000e+00 0.000000e+00 
7.383441e+16 4.850545e-60 1.000000e+01 1.878169e+04 6.167543e-13 3.045247e+16 0.000000e+00 2.107629e-02 0.000000e+00 0.000000e+00 2.107629e-02 0.000000e+00 0.000000e+00 
7.851009e+16 2.487942e-61 1.000000e+01 1.878169e+04 5.624866e-13 3.339047e+16 0.000000e+00 2.241098e-02 0.000000e+00 0.000000e+00 2.241098e-02 0.000000e+00 0.000000e+00 
8.348187e+16 1.256342e-62 1.000000e+01 1.878169e+04 5.129939e-13 3.661192e+16 0.000000e+00 2.383019e-02 0.000000e+00 0.000000e+00 2.383019e-02 0.000000e+00 0.000000e+00 
8.876849e+16 6.247152e-64 1.000000e+01 1.878169e+04 4.678560e-13 4.014417e+16 0.000000e+00 2.533927e-02 0.000000e+00 0.000000e+00 2.533927e-02 0.000000e+00 0.000000e+00 
9.438989e+16 3.059495e-65 1.000000e+01 1.878169e+04 4.266898e-13 4.401721e+16 0.000000e+00 2.694392e-02 0.000000e+00 0.000000e+00 2.694392e-02 0.000000e+00 0.000000e+00 
1.003673e+17 1.476032e-66 1.000000e+01 1.878169e+04 3.891457e-13 4.826391e+16 0.000000e+00 2.865019e-02 0.000000e+00 0.000000e+00 2.865019e-02 0.000000e+00 0.000000e+00 
1.067232e+17 7.016213e-68 1.000000e+01 1.878169e+04 3.549051e-13 5.292033e+16 0.000000e+00 3.046450e-02 0.000000e+00 0.000000e+00 3.046450e-02 0.000000e+00 0.000000e+00 
1.134816e+17 3.286641e-69 1.000000e+01 1.878169e+04 3.236773e-13 5.802599e+16 0.000000e+00 3.239372e-02 0.000000e+00 0.000000e+00 3.239372e-02 0.000000e+00 0.000000e+00 
1.206680e+17 1.517483e-70 1.000000e+01 1.878169e+04 2.951972e-13 6.362423e+16 0.000000e+00 3.444510e-02 0.000000e+00 0.000000e+00 3.444510e-02 0.000000e+00 0.000000e+00 
1.283095e+17 6.907104e-72 1.000000e+01 1.878169e+04 2.692230e-13 6.976258e+16 0.000000e+00 3.662639e-02 0.000000e+00 0.000000e+00 3.662639e-02 0.000000e+00 0.000000e+00 
1.364349e+17 3.099883e-73 1.000000e+01 1.878169e+04 2.455343e-13 7.649315e+16 0.000000e+00 3.894581e-02 0.000000e+00 0.000000e+00 3.894581e-02 0.000000e+00 0.000000e+00 
1.450749e+17 1.443162e-74 1.000000e+01 1.878169e+04 2.239300e-13 8.387307e+16 0.000000e+00 4.141212e-02 0.000000e+00 0.000000e+00 4.141212e-02 0.000000e+00 0.000000e+00 
