time(s)          = 1.893416e+13
time(solar year) = 6.000000e+05
star mass (g)    = 2.298159e+33
star mass (Msun) = 1.155783e+00
total mass (g)   = 2.350668e+33
mdot (g/s)       = 0.000000e+00
mdot (Msun/yr)   = 0.000000e+00
1.542620e+13 2.012231e-273 1.000000e+01 1.878169e+04 2.044078e-07 9.188344e+10 0.000000e+00 3.804523e-278 0.000000e+00 0.000000e+00 3.804523e-278 3.372461e-315 0.000000e+00 
1.640308e+13 1.285120e-250 1.000000e+01 1.878169e+04 1.864221e-07 1.007482e+11 0.000000e+00 2.664195e-255 0.000000e+00 0.000000e+00 2.664195e-255 4.454038e-315 0.000000e+00 
1.744183e+13 4.952919e-230 1.000000e+01 1.878169e+04 1.700190e-07 1.104682e+11 0.000000e+00 1.125858e-234 0.000000e+00 0.000000e+00 1.125858e-234 3.425759e-19 0.000000e+00 
1.854637e+13 3.268837e-211 1.000000e+01 1.878169e+04 1.550592e-07 1.211260e+11 0.000000e+00 8.147334e-216 0.000000e+00 0.000000e+00 8.147334e-216 3.235613e+00 0.000000e+00 
1.972084e+13 1.823663e-191 1.000000e+01 1.878169e+04 1.414157e-07 1.328120e+11 0.000000e+00 4.983871e-196 0.000000e+00 0.000000e+00 4.983871e-196 3.819507e+01 0.000000e+00 
2.096970e+13 4.423857e-174 1.000000e+01 1.878169e+04 1.289726e-07 1.456254e+11 0.000000e+00 1.325633e-178 0.000000e+00 0.000000e+00 1.325633e-178 4.861995e+01 0.000000e+00 
2.229764e+13 2.788423e-158 1.000000e+01 1.878169e+04 1.176244e-07 1.596751e+11 0.000000e+00 9.161803e-163 0.000000e+00 0.000000e+00 9.161803e-163 5.557988e+01 0.000000e+00 
2.370967e+13 7.321435e-144 1.000000e+01 1.878169e+04 1.072747e-07 1.750803e+11 0.000000e+00 2.637658e-148 0.000000e+00 0.000000e+00 2.637658e-148 5.636061e+01 0.000000e+00 
2.521112e+13 1.036228e-130 1.000000e+01 1.878169e+04 9.783573e-08 1.919717e+11 0.000000e+00 4.093339e-135 0.000000e+00 0.000000e+00 4.093339e-135 5.554770e+01 0.000000e+00 
2.680766e+13 1.019768e-118 1.000000e+01 1.878169e+04 8.922725e-08 2.104928e+11 0.000000e+00 4.416962e-123 0.000000e+00 0.000000e+00 4.416962e-123 5.328778e+01 0.000000e+00 
2.850529e+13 8.791135e-108 1.000000e+01 1.878169e+04 8.137622e-08 2.308008e+11 0.000000e+00 4.175104e-112 0.000000e+00 0.000000e+00 4.175104e-112 5.060267e+01 0.000000e+00 
3.031043e+13 8.207811e-98 1.000000e+01 1.878169e+04 7.421599e-08 2.530680e+11 0.000000e+00 4.274149e-102 0.000000e+00 0.000000e+00 4.274149e-102 4.767158e+01 0.000000e+00 
3.222989e+13 1.007742e-88 1.000000e+01 1.878169e+04 6.768579e-08 2.774835e+11 0.000000e+00 5.754026e-93 0.000000e+00 0.000000e+00 5.754026e-93 4.475423e+01 0.000000e+00 
3.427090e+13 1.943243e-80 1.000000e+01 1.878169e+04 6.173017e-08 3.042547e+11 0.000000e+00 1.216604e-84 0.000000e+00 0.000000e+00 1.216604e-84 4.192996e+01 0.000000e+00 
3.644116e+13 6.923230e-73 1.000000e+01 1.878169e+04 5.629859e-08 3.336086e+11 0.000000e+00 4.752598e-77 0.000000e+00 0.000000e+00 4.752598e-77 3.926695e+01 0.000000e+00 
3.874885e+13 5.287011e-66 1.000000e+01 1.878169e+04 5.134492e-08 3.657946e+11 0.000000e+00 3.979538e-70 0.000000e+00 0.000000e+00 3.979538e-70 3.678254e+01 0.000000e+00 
4.120268e+13 9.914336e-60 1.000000e+01 1.878169e+04 4.682713e-08 4.010858e+11 0.000000e+00 8.182508e-64 0.000000e+00 0.000000e+00 8.182508e-64 3.448500e+01 0.000000e+00 
4.381191e+13 5.169468e-54 1.000000e+01 1.878169e+04 4.270685e-08 4.397818e+11 0.000000e+00 4.678103e-58 0.000000e+00 0.000000e+00 4.678103e-58 3.236224e+01 0.000000e+00 
4.658637e+13 8.397336e-49 1.000000e+01 1.878169e+04 3.894911e-08 4.822111e+11 0.000000e+00 8.332379e-53 0.000000e+00 0.000000e+00 8.332379e-53 3.040073e+01 0.000000e+00 
4.953652e+13 4.715211e-44 1.000000e+01 1.878169e+04 3.552201e-08 5.287340e+11 0.000000e+00 5.130249e-48 0.000000e+00 0.000000e+00 5.130249e-48 2.857770e+01 0.000000e+00 
5.267350e+13 1.006571e-39 1.000000e+01 1.878169e+04 3.239646e-08 5.797453e+11 0.000000e+00 1.200899e-43 0.000000e+00 0.000000e+00 1.200899e-43 2.687408e+01 0.000000e+00 
5.600913e+13 8.911724e-36 1.000000e+01 1.878169e+04 2.954592e-08 6.356781e+11 0.000000e+00 1.165948e-39 0.000000e+00 0.000000e+00 1.165948e-39 2.526772e+01 0.000000e+00 
5.955600e+13 3.543442e-32 1.000000e+01 1.878169e+04 2.694620e-08 6.970072e+11 0.000000e+00 5.084631e-36 0.000000e+00 0.000000e+00 5.084631e-36 2.374275e+01 0.000000e+00 
6.332747e+13 6.804178e-29 1.000000e+01 1.878169e+04 2.457523e-08 7.642532e+11 0.000000e+00 1.071116e-32 0.000000e+00 0.000000e+00 1.071116e-32 2.228337e+01 0.000000e+00 
6.733779e+13 6.740982e-26 1.000000e+01 1.878169e+04 2.241287e-08 8.379869e+11 0.000000e+00 1.164650e-29 0.000000e+00 0.000000e+00 1.164650e-29 2.088015e+01 0.000000e+00 
7.160206e+13 3.658874e-23 1.000000e+01 1.878169e+04 2.044078e-08 9.188344e+11 0.000000e+00 6.942572e-27 0.000000e+00 0.000000e+00 6.942572e-27 1.952445e+01 0.000000e+00 
7.613637e+13 1.149478e-20 7.468513e+01 5.132770e+04 1.864221e-08 2.753305e+12 1.000000e-04 -4.966608e-17 -6.366876e+02 -1.300910e+06 2.397733e-24 1.821242e+01 -4.018435e-19 
8.095782e+13 2.199711e-18 7.274540e+01 5.065677e+04 1.700190e-08 2.979477e+12 1.000000e-04 -6.564290e-15 -4.090295e+02 -8.357338e+05 5.051042e-22 1.694047e+01 -5.311178e-17 
8.608461e+13 2.692585e-16 7.085606e+01 4.999462e+04 1.550592e-08 3.224228e+12 1.000000e-04 -5.841935e-13 -2.757518e+02 -5.634063e+05 6.817947e-20 1.570775e+01 -4.726805e-15 
9.153605e+13 2.212343e-14 6.901578e+01 4.934111e+04 1.414157e-08 3.489084e+12 1.000000e-04 -3.678306e-11 -1.952447e+02 -3.988989e+05 6.189951e-18 1.451266e+01 -2.976293e-13 
9.733271e+13 1.281538e-12 6.722330e+01 4.869615e+04 1.289726e-08 3.775697e+12 1.000000e-04 -1.726337e-09 -1.455739e+02 -2.973945e+05 3.970307e-16 1.335422e+01 -1.396960e-11 
1.034965e+14 5.511605e-11 6.547737e+01 4.805962e+04 1.176244e-08 4.085854e+12 1.000000e-04 -6.401757e-08 -1.149604e+02 -2.348264e+05 1.893976e-14 1.222942e+01 -5.180892e-10 
1.100505e+14 1.864178e-09 6.377679e+01 4.743142e+04 1.072747e-08 4.421489e+12 1.000000e-04 -2.011527e-06 -9.724461e+01 -1.986102e+05 7.109937e-13 1.113381e+01 -1.628134e-08 
1.170197e+14 5.311714e-08 6.212038e+01 4.681142e+04 9.783573e-09 4.784695e+12 1.000000e-04 -5.777586e-05 -8.857938e+01 -1.808888e+05 2.245264e-11 1.005961e+01 -4.676976e-07 
1.244301e+14 1.372964e-06 6.050699e+01 4.619953e+04 8.922725e-09 5.177737e+12 1.000000e-04 -1.465392e-03 -7.773842e+01 -1.587272e+05 6.408630e-10 8.995768e+00 -1.186383e-05 
1.323098e+14 3.101765e-05 5.893550e+01 4.559563e+04 8.137622e-09 5.603066e+12 1.000000e-04 -2.472058e-02 -5.117912e+01 -1.044433e+05 1.604475e-08 7.927037e+00 -2.001457e-04 
1.406886e+14 4.597989e-04 5.740483e+01 4.499963e+04 7.421599e-09 6.063333e+12 1.000000e-04 -2.201061e-01 -2.657268e+01 -5.409820e+04 2.721611e-07 6.835213e+00 -1.772448e-03 
1.495979e+14 3.540323e-03 5.591391e+01 4.441142e+04 6.768579e-09 6.561410e+12 1.000000e-04 -1.052927e+00 -1.393187e+01 -2.808654e+04 2.565456e-06 5.706009e+00 -7.988466e-03 
1.590714e+14 1.450573e-02 5.446171e+01 4.383090e+04 6.173018e-09 7.100401e+12 1.000000e-04 -3.090824e+00 -8.238824e+00 -1.611725e+04 1.395898e-05 4.548166e+00 -1.640790e-02 
1.691449e+14 3.699795e-02 5.304723e+01 4.325797e+04 5.629859e-09 7.683667e+12 1.000000e-04 -6.407444e+00 -5.454735e+00 -9.988990e+03 4.989767e-05 3.418138e+00 1.034400e-02 
1.798562e+14 6.925646e-02 5.166948e+01 4.269252e+04 5.134493e-09 8.314846e+12 1.000000e-04 -1.055312e+01 -3.924489e+00 -6.436138e+03 1.321933e-04 2.420269e+00 1.897496e-01 
1.912459e+14 1.073321e-01 5.032752e+01 4.213447e+04 4.682715e-09 8.997872e+12 1.000000e-04 -1.500636e+01 -3.035027e+00 -4.281410e+03 2.845783e-04 1.638766e+00 7.842045e-01 
2.033569e+14 1.487787e-01 4.902041e+01 4.158371e+04 4.270689e-09 9.737004e+12 1.000000e-04 -1.925492e+01 -2.525207e+00 -3.003662e+03 5.314288e-04 1.096910e+00 2.269366e+00 
2.162348e+14 1.937643e-01 4.774725e+01 4.104015e+04 3.894917e-09 1.053685e+13 1.000000e-04 -2.284963e+01 -2.252681e+00 -2.298038e+03 9.005068e-04 7.559873e-01 5.279562e+00 
2.299282e+14 2.444356e-01 4.650716e+01 4.050370e+04 3.552210e-09 1.140240e+13 1.000000e-04 -2.551123e+01 -2.125229e+00 -1.952528e+03 1.427910e-03 5.552175e-01 1.029652e+01 
2.444887e+14 3.040446e-01 4.529928e+01 3.997425e+04 3.239658e-09 1.233904e+13 1.000000e-04 -2.714830e+01 -2.080775e+00 -1.817151e+03 2.163821e-03 4.436714e-01 1.718002e+01 
2.599714e+14 3.764864e-01 4.412276e+01 3.945173e+04 2.954608e-09 1.335261e+13 1.000000e-04 -2.783156e+01 -2.077252e+00 -1.788202e+03 3.178975e-03 3.886008e-01 2.495401e+01 
2.764344e+14 4.660045e-01 4.297680e+01 3.893604e+04 2.694642e-09 1.444943e+13 1.000000e-04 -2.774780e+01 -2.086705e+00 -1.795771e+03 4.572269e-03 3.718405e-01 3.216393e+01 
2.939401e+14 5.769719e-01 4.186061e+01 3.842709e+04 2.457551e-09 1.563633e+13 1.000000e-04 -2.711691e+01 -2.092248e+00 -1.796984e+03 6.479802e-03 3.843249e-01 3.757593e+01 
3.125543e+14 7.136836e-01 4.077340e+01 3.792479e+04 2.241325e-09 1.692070e+13 1.000000e-04 -2.614323e+01 -2.087195e+00 -1.773438e+03 9.085480e-03 4.218350e-01 4.071104e+01 
3.323473e+14 8.804801e-01 3.971444e+01 3.742906e+04 2.044127e-09 1.831054e+13 1.000000e-04 -2.495052e+01 -2.070933e+00 -1.722759e+03 1.263390e-02 4.817143e-01 4.183741e+01 
3.533937e+14 1.081742e+00 3.868297e+01 3.693981e+04 1.864284e-09 1.981448e+13 1.000000e-04 -2.362631e+01 -2.047150e+00 -1.652695e+03 1.744626e-02 5.607098e-01 4.165831e+01 
3.757729e+14 1.322452e+00 3.767830e+01 3.645695e+04 1.700270e-09 2.144186e+13 1.000000e-04 -2.218034e+01 -2.018311e+00 -1.570156e+03 2.394097e-02 6.533081e-01 4.085299e+01 
3.995693e+14 1.607715e+00 3.669971e+01 3.598041e+04 1.550694e-09 2.320278e+13 1.000000e-04 -2.064190e+01 -1.987932e+00 -1.482637e+03 3.265915e-02 7.519361e-01 3.994403e+01 
4.248727e+14 1.943754e+00 3.574655e+01 3.551009e+04 1.414286e-09 2.510815e+13 1.000000e-04 -1.899132e+01 -1.956443e+00 -1.392825e+03 4.429752e-02 8.467208e-01 3.919589e+01 
4.517784e+14 2.336565e+00 3.481814e+01 3.504592e+04 1.289889e-09 2.716973e+13 1.000000e-04 -1.721910e+01 -1.924802e+00 -1.301926e+03 5.974778e-02 9.271869e-01 3.867996e+01 
4.803880e+14 2.793096e+00 3.391384e+01 3.458782e+04 1.176448e-09 2.940022e+13 1.000000e-04 -1.537665e+01 -1.895192e+00 -1.215412e+03 8.014439e-02 9.822227e-01 3.854958e+01 
5.108093e+14 3.321612e+00 3.303303e+01 3.413571e+04 1.073001e-09 3.181330e+13 1.000000e-04 -1.329014e+01 -1.860694e+00 -1.119909e+03 1.069280e-01 9.990385e-01 3.834087e+01 
5.431571e+14 3.924783e+00 3.217509e+01 3.368951e+04 9.786719e-10 3.442370e+13 1.000000e-04 -1.131612e+01 -1.837320e+00 -1.043621e+03 1.418981e-01 9.715404e-01 3.884844e+01 
5.775534e+14 4.622865e+00 3.133944e+01 3.324914e+04 8.926605e-10 3.724724e+13 1.000000e-04 -8.800865e+00 -1.790810e+00 -9.289299e+02 1.873409e-01 8.744342e-01 3.804045e+01 
6.141279e+14 5.389909e+00 3.052549e+01 3.281452e+04 8.142381e-10 4.030089e+13 1.000000e-04 -6.737609e+00 -1.774564e+00 -8.567990e+02 2.460033e-01 7.288486e-01 3.851622e+01 
6.530185e+14 6.289564e+00 2.973268e+01 3.238559e+04 7.427409e-10 4.360281e+13 1.000000e-04 -4.019345e+00 -1.712951e+00 -7.225737e+02 3.213974e-01 4.545987e-01 3.638220e+01 
6.943719e+14 7.223546e+00 2.896047e+01 3.196226e+04 6.775628e-10 4.717240e+13 1.000000e-04 -1.149470e+00 -1.476600e+00 -1.844118e+02 4.175573e-01 6.883912e-02 9.802331e+00 
7.383441e+14 7.926260e+00 2.820830e+01 3.154447e+04 6.181467e-10 5.103072e+13 1.000000e-04 -6.930129e-01 -1.230061e+00 4.625876e+02 5.370484e-01 2.429094e-19 -2.842191e+01 
7.851009e+14 8.450701e+00 2.747568e+01 3.113214e+04 5.639814e-10 5.520065e+13 1.000000e-04 -4.031810e-01 -1.084345e+00 8.582415e+02 6.811638e-01 1.716164e-20 -5.184974e+01 
8.348187e+14 8.870727e+00 2.676208e+01 3.072520e+04 5.146023e-10 5.970669e+13 1.000000e-04 -1.302816e-01 -9.820295e-01 1.126418e+03 8.517479e-01 1.424934e-21 -6.765271e+01 
8.876849e+14 9.179222e+00 2.606701e+01 3.032357e+04 4.695860e-10 6.457513e+13 1.000000e-04 1.662791e-01 -8.846980e-01 1.381246e+03 1.050977e+00 1.093243e-22 -8.263170e+01 
9.438989e+14 9.367751e+00 2.539000e+01 2.992720e+04 4.285460e-10 6.983427e+13 1.000000e-04 4.931791e-01 -7.876067e-01 1.634728e+03 1.280786e+00 6.618614e-24 -9.749958e+01 
1.003673e+15 9.427302e+00 2.473057e+01 2.953601e+04 3.911293e-10 7.551468e+13 1.000000e-04 8.745233e-01 -6.681943e-01 1.934962e+03 1.542718e+00 2.490322e-25 -1.151155e+02 
1.067232e+15 9.305144e+00 2.408827e+01 2.914993e+04 3.570126e-10 8.164959e+13 1.000000e-04 1.330661e+00 -5.066251e-01 2.340341e+03 1.837286e+00 3.572307e-27 -1.389595e+02 
1.134816e+15 8.952122e+00 2.346265e+01 2.876890e+04 3.258987e-10 8.827558e+13 1.000000e-04 1.927066e+00 -2.360542e-01 2.992118e+03 2.163120e+00 0.000000e+00 -1.774334e+02 
1.206680e+15 8.198895e+00 2.285327e+01 2.839285e+04 2.975125e-10 9.543415e+13 1.000000e-04 2.738038e+00 2.232376e-01 4.118704e+03 2.514801e+00 0.000000e+00 -2.441551e+02 
1.283095e+15 6.926290e+00 2.225973e+01 2.802171e+04 2.715968e-10 1.031740e+14 1.000000e-04 3.734938e+00 8.544536e-01 5.732041e+03 2.880484e+00 0.000000e+00 -3.398696e+02 
1.364349e+15 5.294655e+00 2.168160e+01 2.765543e+04 2.479168e-10 1.115512e+14 1.000000e-04 4.832194e+00 1.587518e+00 7.667578e+03 3.244676e+00 0.000000e+00 -4.547993e+02 
1.450749e+15 3.636863e+00 2.111848e+01 2.729393e+04 2.262661e-10 1.206276e+14 1.000000e-04 5.966063e+00 2.371135e+00 9.790302e+03 3.594928e+00 0.000000e+00 -5.809152e+02 
1.542620e+15 2.245542e+00 2.056999e+01 2.693716e+04 2.064677e-10 1.304667e+14 1.000000e-04 7.103880e+00 3.177373e+00 1.201969e+04 3.926508e+00 0.000000e+00 -7.134226e+02 
1.640308e+15 1.251366e+00 2.003575e+01 2.658505e+04 1.883683e-10 1.411334e+14 1.000000e-04 8.234780e+00 3.992275e+00 1.431052e+04 4.242505e+00 0.000000e+00 -8.496209e+02 
1.744183e+15 6.329768e-01 1.951538e+01 2.623755e+04 1.718313e-10 1.526937e+14 1.000000e-04 9.359669e+00 4.808939e+00 1.663666e+04 4.550730e+00 0.000000e+00 -9.879418e+02 
1.854637e+15 2.924224e-01 1.900852e+01 2.589458e+04 1.567309e-10 1.652169e+14 1.000000e-04 1.048435e+01 5.624261e+00 1.898338e+04 4.860091e+00 0.000000e+00 -1.127496e+03 
1.972084e+15 1.241264e-01 1.851483e+01 2.555610e+04 1.429490e-10 1.787778e+14 1.000000e-04 1.161580e+01 6.437548e+00 2.134397e+04 5.178254e+00 0.000000e+00 -1.267875e+03 
2.096970e+15 4.868032e-02 1.803397e+01 2.522205e+04 1.303748e-10 1.934580e+14 1.000000e-04 1.276055e+01 7.249676e+00 2.371740e+04 5.510871e+00 0.000000e+00 -1.409010e+03 
2.229764e+15 1.772671e-02 1.756559e+01 2.489236e+04 1.189047e-10 2.093472e+14 1.000000e-04 1.392426e+01 8.062440e+00 2.610624e+04 5.861820e+00 0.000000e+00 -1.551049e+03 
2.370967e+15 6.019764e-03 1.710937e+01 2.456698e+04 1.084429e-10 2.265430e+14 1.000000e-04 1.511184e+01 8.878042e+00 2.851492e+04 6.233794e+00 0.000000e+00 -1.694253e+03 
2.521112e+15 1.913660e-03 1.666501e+01 2.424586e+04 9.890129e-11 2.451521e+14 1.000000e-04 1.632759e+01 9.698754e+00 3.094855e+04 6.628837e+00 0.000000e+00 -1.838924e+03 
2.680766e+15 5.713952e-04 1.623218e+01 2.392893e+04 9.019911e-11 2.652901e+14 1.000000e-04 1.757545e+01 1.052674e+01 3.341229e+04 7.048713e+00 0.000000e+00 -1.985369e+03 
2.850529e+15 1.607216e-04 1.581060e+01 2.361614e+04 8.226259e-11 2.870824e+14 1.000000e-04 1.885908e+01 1.136396e+01 3.591099e+04 7.495114e+00 0.000000e+00 -2.133873e+03 
3.031043e+15 4.269823e-05 1.539997e+01 2.330744e+04 7.502438e-11 3.106650e+14 1.000000e-04 2.018199e+01 1.221222e+01 3.844917e+04 7.969763e+00 0.000000e+00 -2.284705e+03 
3.222989e+15 1.073870e-05 1.500000e+01 2.300278e+04 6.842305e-11 3.361847e+14 1.000000e-04 2.154758e+01 1.307312e+01 4.103092e+04 8.474463e+00 0.000000e+00 -2.438106e+03 
3.427090e+15 2.562140e-06 1.461042e+01 2.270210e+04 6.240256e-11 3.638008e+14 1.000000e-04 2.295921e+01 1.394809e+01 4.366003e+04 9.011122e+00 0.000000e+00 -2.594300e+03 
3.644116e+15 5.810013e-07 1.423096e+01 2.240535e+04 5.691181e-11 3.936855e+14 1.000000e-04 2.442021e+01 1.483844e+01 4.633996e+04 9.581766e+00 0.000000e+00 -2.753491e+03 
3.874885e+15 1.254330e-07 1.386135e+01 2.211248e+04 5.190419e-11 4.260250e+14 1.000000e-04 2.593392e+01 1.574537e+01 4.907391e+04 1.018855e+01 0.000000e+00 -2.915867e+03 
4.120268e+15 2.582131e-08 1.350134e+01 2.182344e+04 4.733718e-11 4.610211e+14 1.000000e-04 2.750372e+01 1.666997e+01 5.186482e+04 1.083375e+01 0.000000e+00 -3.081602e+03 
4.381191e+15 5.075650e-09 1.315069e+01 2.153818e+04 4.317202e-11 4.988920e+14 1.000000e-04 2.913304e+01 1.761322e+01 5.471543e+04 1.151982e+01 0.000000e+00 -3.250856e+03 
4.658637e+15 9.539339e-10 1.280914e+01 2.125664e+04 3.937335e-11 5.398738e+14 1.000000e-04 3.082537e+01 1.857604e+01 5.762823e+04 1.224933e+01 0.000000e+00 -3.423776e+03 
4.953652e+15 1.716255e-10 1.247646e+01 2.097879e+04 3.590893e-11 5.842221e+14 1.000000e-04 3.258429e+01 1.955925e+01 6.060553e+04 1.302504e+01 0.000000e+00 -3.600495e+03 
5.267350e+15 2.959168e-11 1.215242e+01 2.070456e+04 3.274933e-11 6.322134e+14 1.000000e-04 3.441346e+01 2.056359e+01 6.364937e+04 1.384987e+01 0.000000e+00 -3.781134e+03 
5.600913e+15 4.894849e-12 1.183679e+01 2.043393e+04 2.986774e-11 6.841470e+14 1.000000e-04 3.631653e+01 2.158960e+01 6.676128e+04 1.472693e+01 0.000000e+00 -3.965778e+03 
5.955600e+15 7.775560e-13 1.152937e+01 2.016682e+04 2.723971e-11 7.403466e+14 1.000000e-04 3.829674e+01 2.263720e+01 6.994091e+04 1.565954e+01 0.000000e+00 -4.154405e+03 
6.332747e+15 1.187446e-13 1.122993e+01 1.990321e+04 2.484291e-11 8.011629e+14 1.000000e-04 4.035501e+01 2.370381e+01 7.318041e+04 1.665120e+01 0.000000e+00 -4.346543e+03 
6.733779e+15 1.745634e-14 1.093826e+01 1.964305e+04 2.265700e-11 8.669749e+14 1.000000e-04 4.248392e+01 2.477825e+01 7.644961e+04 1.770566e+01 0.000000e+00 -4.540391e+03 
7.160206e+15 2.489207e-15 1.065418e+01 1.938629e+04 2.066343e-11 9.381931e+14 1.000000e-04 4.452916e+01 2.570226e+01 7.925339e+04 1.882690e+01 0.000000e+00 -4.706422e+03 
7.613637e+15 3.412254e-16 1.037746e+01 1.913288e+04 1.884527e-11 1.015262e+15 1.000000e-04 4.692065e+01 2.690150e+01 8.290152e+04 2.001915e+01 0.000000e+00 -4.922722e+03 
8.095782e+15 4.508782e-17 1.010794e+01 1.888279e+04 1.718709e-11 1.098661e+15 1.000000e-04 4.935382e+01 2.806693e+01 8.646545e+04 2.128689e+01 0.000000e+00 -5.133933e+03 
8.608461e+15 5.741079e-18 1.000000e+01 1.878169e+04 1.567481e-11 1.198208e+15 1.000000e-04 5.191525e+01 2.928034e+01 9.089669e+04 2.263492e+01 0.000000e+00 -5.397008e+03 
9.153605e+15 7.073155e-19 1.000000e+01 1.878169e+04 1.429560e-11 1.313809e+15 1.000000e-04 5.496015e+01 3.089185e+01 9.640016e+04 2.406831e+01 0.000000e+00 -5.723876e+03 
9.733271e+15 8.623600e-20 1.000000e+01 1.878169e+04 1.303774e-11 1.440563e+15 1.000000e-04 5.841275e+01 3.282027e+01 1.017222e+05 2.559247e+01 0.000000e+00 -6.039458e+03 
1.034965e+16 7.295338e-21 1.000000e+01 1.878169e+04 1.189056e-11 1.579546e+15 0.000000e+00 2.721316e+01 0.000000e+00 0.000000e+00 2.721316e+01 0.000000e+00 0.000000e+00 
1.100505e+16 3.667375e-22 1.000000e+01 1.878169e+04 1.084432e-11 1.731938e+15 0.000000e+00 2.893647e+01 0.000000e+00 0.000000e+00 2.893647e+01 0.000000e+00 0.000000e+00 
1.170197e+16 1.851701e-23 1.000000e+01 1.878169e+04 9.890139e-12 1.899032e+15 0.000000e+00 3.076892e+01 0.000000e+00 0.000000e+00 3.076892e+01 0.000000e+00 0.000000e+00 
1.244301e+16 9.856309e-25 1.000000e+01 1.878169e+04 9.019914e-12 2.082247e+15 0.000000e+00 3.271741e+01 0.000000e+00 0.000000e+00 3.271741e+01 0.000000e+00 0.000000e+00 
1.323098e+16 5.642178e-26 1.000000e+01 1.878169e+04 8.226259e-12 2.283139e+15 0.000000e+00 3.478929e+01 0.000000e+00 0.000000e+00 3.478929e+01 0.000000e+00 0.000000e+00 
1.406886e+16 3.442722e-27 1.000000e+01 1.878169e+04 7.502438e-12 2.503412e+15 0.000000e+00 3.699238e+01 0.000000e+00 0.000000e+00 3.699238e+01 0.000000e+00 0.000000e+00 
1.495979e+16 2.199897e-28 1.000000e+01 1.878169e+04 6.842305e-12 2.744937e+15 0.000000e+00 3.933498e+01 0.000000e+00 0.000000e+00 3.933498e+01 0.000000e+00 0.000000e+00 
1.590714e+16 1.450004e-29 1.000000e+01 1.878169e+04 6.240256e-12 3.009763e+15 0.000000e+00 4.182593e+01 0.000000e+00 0.000000e+00 4.182593e+01 0.000000e+00 0.000000e+00 
1.691449e+16 9.748315e-31 1.000000e+01 1.878169e+04 5.691181e-12 3.300140e+15 0.000000e+00 4.447462e+01 0.000000e+00 0.000000e+00 4.447462e+01 0.000000e+00 0.000000e+00 
1.798562e+16 6.629299e-32 1.000000e+01 1.878169e+04 5.190419e-12 3.618531e+15 0.000000e+00 4.729104e+01 0.000000e+00 0.000000e+00 4.729104e+01 0.000000e+00 0.000000e+00 
1.912459e+16 4.531847e-33 1.000000e+01 1.878169e+04 4.733718e-12 3.967641e+15 0.000000e+00 5.028582e+01 0.000000e+00 0.000000e+00 5.028582e+01 0.000000e+00 0.000000e+00 
2.033569e+16 3.099740e-34 1.000000e+01 1.878169e+04 4.317202e-12 4.350432e+15 0.000000e+00 5.347025e+01 0.000000e+00 0.000000e+00 5.347025e+01 0.000000e+00 0.000000e+00 
2.162348e+16 2.113978e-35 1.000000e+01 1.878169e+04 3.937335e-12 4.770153e+15 0.000000e+00 5.685634e+01 0.000000e+00 0.000000e+00 5.685634e+01 0.000000e+00 0.000000e+00 
2.299282e+16 1.433709e-36 1.000000e+01 1.878169e+04 3.590893e-12 5.230369e+15 0.000000e+00 6.045686e+01 0.000000e+00 0.000000e+00 6.045686e+01 0.000000e+00 0.000000e+00 
2.444887e+16 9.650460e-38 1.000000e+01 1.878169e+04 3.274933e-12 5.734986e+15 0.000000e+00 6.428538e+01 0.000000e+00 0.000000e+00 6.428538e+01 0.000000e+00 0.000000e+00 
2.599714e+16 6.437413e-39 1.000000e+01 1.878169e+04 2.986774e-12 6.288287e+15 0.000000e+00 6.835636e+01 0.000000e+00 0.000000e+00 6.835636e+01 0.000000e+00 0.000000e+00 
2.764344e+16 4.250692e-40 1.000000e+01 1.878169e+04 2.723971e-12 6.894969e+15 0.000000e+00 7.268513e+01 0.000000e+00 0.000000e+00 7.268513e+01 0.000000e+00 0.000000e+00 
2.939401e+16 2.776021e-41 1.000000e+01 1.878169e+04 2.484291e-12 7.560184e+15 0.000000e+00 7.728803e+01 0.000000e+00 0.000000e+00 7.728803e+01 0.000000e+00 0.000000e+00 
3.125543e+16 1.791941e-42 1.000000e+01 1.878169e+04 2.265700e-12 8.289576e+15 0.000000e+00 8.218242e+01 0.000000e+00 0.000000e+00 8.218242e+01 0.000000e+00 0.000000e+00 
3.323473e+16 1.142772e-43 1.000000e+01 1.878169e+04 2.066343e-12 9.089340e+15 0.000000e+00 8.738675e+01 0.000000e+00 0.000000e+00 8.738675e+01 0.000000e+00 0.000000e+00 
3.533937e+16 7.197579e-45 1.000000e+01 1.878169e+04 1.884527e-12 9.966263e+15 0.000000e+00 9.292065e+01 0.000000e+00 0.000000e+00 9.292065e+01 0.000000e+00 0.000000e+00 
3.757729e+16 4.476172e-46 1.000000e+01 1.878169e+04 1.718709e-12 1.092779e+16 0.000000e+00 9.880499e+01 0.000000e+00 0.000000e+00 9.880499e+01 0.000000e+00 0.000000e+00 
3.995693e+16 2.748292e-47 1.000000e+01 1.878169e+04 1.567481e-12 1.198208e+16 0.000000e+00 1.050620e+02 0.000000e+00 0.000000e+00 1.050620e+02 0.000000e+00 0.000000e+00 
4.248727e+16 1.665826e-48 1.000000e+01 1.878169e+04 1.429560e-12 1.313809e+16 0.000000e+00 1.117152e+02 0.000000e+00 0.000000e+00 1.117152e+02 0.000000e+00 0.000000e+00 
4.517784e+16 9.968041e-50 1.000000e+01 1.878169e+04 1.303774e-12 1.440563e+16 0.000000e+00 1.187897e+02 0.000000e+00 0.000000e+00 1.187897e+02 0.000000e+00 0.000000e+00 
4.803880e+16 5.888858e-51 1.000000e+01 1.878169e+04 1.189056e-12 1.579546e+16 0.000000e+00 1.263123e+02 0.000000e+00 0.000000e+00 1.263123e+02 0.000000e+00 0.000000e+00 
5.108093e+16 3.435127e-52 1.000000e+01 1.878169e+04 1.084432e-12 1.731938e+16 0.000000e+00 1.343112e+02 0.000000e+00 0.000000e+00 1.343112e+02 0.000000e+00 0.000000e+00 
5.431571e+16 1.978858e-53 1.000000e+01 1.878169e+04 9.890139e-13 1.899032e+16 0.000000e+00 1.428167e+02 0.000000e+00 0.000000e+00 1.428167e+02 0.000000e+00 0.000000e+00 
5.775534e+16 1.125989e-54 1.000000e+01 1.878169e+04 9.019914e-13 2.082247e+16 0.000000e+00 1.518608e+02 0.000000e+00 0.000000e+00 1.518608e+02 0.000000e+00 0.000000e+00 
6.141279e+16 6.330048e-56 1.000000e+01 1.878169e+04 8.226259e-13 2.283139e+16 0.000000e+00 1.614776e+02 0.000000e+00 0.000000e+00 1.614776e+02 0.000000e+00 0.000000e+00 
6.530185e+16 3.516858e-57 1.000000e+01 1.878169e+04 7.502438e-13 2.503412e+16 0.000000e+00 1.717034e+02 0.000000e+00 0.000000e+00 1.717034e+02 0.000000e+00 0.000000e+00 
6.943719e+16 1.931589e-58 1.000000e+01 1.878169e+04 6.842305e-13 2.744937e+16 0.000000e+00 1.825768e+02 0.000000e+00 0.000000e+00 1.825768e+02 0.000000e+00 0.000000e+00 
7.383441e+16 1.049152e-59 1.000000e+01 1.878169e+04 6.240256e-13 3.009763e+16 0.000000e+00 1.941388e+02 0.000000e+00 0.000000e+00 1.941388e+02 0.000000e+00 0.000000e+00 
7.851009e+16 5.637542e-61 1.000000e+01 1.878169e+04 5.691181e-13 3.300140e+16 0.000000e+00 2.064329e+02 0.000000e+00 0.000000e+00 2.064329e+02 0.000000e+00 0.000000e+00 
8.348187e+16 2.998090e-62 1.000000e+01 1.878169e+04 5.190419e-13 3.618531e+16 0.000000e+00 2.195056e+02 0.000000e+00 0.000000e+00 2.195056e+02 0.000000e+00 0.000000e+00 
8.876849e+16 1.578655e-63 1.000000e+01 1.878169e+04 4.733718e-13 3.967641e+16 0.000000e+00 2.334061e+02 0.000000e+00 0.000000e+00 2.334061e+02 0.000000e+00 0.000000e+00 
9.438989e+16 8.233942e-65 1.000000e+01 1.878169e+04 4.317202e-13 4.350432e+16 0.000000e+00 2.481869e+02 0.000000e+00 0.000000e+00 2.481869e+02 0.000000e+00 0.000000e+00 
1.003673e+17 4.255972e-66 1.000000e+01 1.878169e+04 3.937335e-13 4.770153e+16 0.000000e+00 2.639038e+02 0.000000e+00 0.000000e+00 2.639038e+02 0.000000e+00 0.000000e+00 
1.067232e+17 2.180976e-67 1.000000e+01 1.878169e+04 3.590893e-13 5.230369e+16 0.000000e+00 2.806159e+02 0.000000e+00 0.000000e+00 2.806159e+02 0.000000e+00 0.000000e+00 
1.134816e+17 1.108532e-68 1.000000e+01 1.878169e+04 3.274933e-13 5.734986e+16 0.000000e+00 2.983863e+02 0.000000e+00 0.000000e+00 2.983863e+02 0.000000e+00 0.000000e+00 
1.206680e+17 5.590655e-70 1.000000e+01 1.878169e+04 2.986774e-13 6.288287e+16 0.000000e+00 3.172821e+02 0.000000e+00 0.000000e+00 3.172821e+02 0.000000e+00 0.000000e+00 
1.283095e+17 2.798662e-71 1.000000e+01 1.878169e+04 2.723971e-13 6.894969e+16 0.000000e+00 3.373745e+02 0.000000e+00 0.000000e+00 3.373745e+02 0.000000e+00 0.000000e+00 
1.364349e+17 1.391057e-72 1.000000e+01 1.878169e+04 2.484291e-13 7.560184e+16 0.000000e+00 3.587393e+02 0.000000e+00 0.000000e+00 3.587393e+02 0.000000e+00 0.000000e+00 
1.450749e+17 7.269693e-74 1.000000e+01 1.878169e+04 2.265700e-13 8.289576e+16 0.000000e+00 3.814570e+02 0.000000e+00 0.000000e+00 3.814570e+02 0.000000e+00 0.000000e+00 
