time(s)          = 1.356948e+13
time(solar year) = 4.300000e+05
star mass (g)    = 2.298159e+33
star mass (Msun) = 1.155783e+00
total mass (g)   = 2.406921e+33
mdot (g/s)       = 2.086936e-240
mdot (Msun/yr)   = 3.312074e-266
1.542620e+13 3.907109e-130 1.000000e+01 1.878169e+04 2.044078e-07 9.188344e+10 0.000000e+00 7.387165e-135 0.000000e+00 0.000000e+00 7.387165e-135 3.372461e-315 0.000000e+00 
1.640308e+13 5.698852e-120 1.000000e+01 1.878169e+04 1.864221e-07 1.007482e+11 0.000000e+00 1.181435e-124 0.000000e+00 0.000000e+00 1.181435e-124 4.454038e-315 0.000000e+00 
1.744183e+13 6.581579e-111 1.000000e+01 1.878169e+04 1.700190e-07 1.104682e+11 0.000000e+00 1.496072e-115 0.000000e+00 0.000000e+00 1.496072e-115 3.425759e-19 0.000000e+00 
1.854637e+13 1.358694e-102 1.000000e+01 1.878169e+04 1.550592e-07 1.211260e+11 0.000000e+00 3.386445e-107 0.000000e+00 0.000000e+00 3.386445e-107 3.235613e+00 0.000000e+00 
1.972084e+13 2.009758e-92 1.000000e+01 1.878169e+04 1.414157e-07 1.328120e+11 0.000000e+00 5.492450e-97 0.000000e+00 0.000000e+00 5.492450e-97 3.819507e+01 0.000000e+00 
2.096970e+13 9.064624e-84 1.000000e+01 1.878169e+04 1.289726e-07 1.456254e+11 0.000000e+00 2.716265e-88 0.000000e+00 0.000000e+00 2.716265e-88 4.861995e+01 0.000000e+00 
2.229764e+13 6.268433e-76 1.000000e+01 1.878169e+04 1.176244e-07 1.596751e+11 0.000000e+00 2.059593e-80 0.000000e+00 0.000000e+00 2.059593e-80 5.557988e+01 0.000000e+00 
2.370967e+13 9.104661e-69 1.000000e+01 1.878169e+04 1.072747e-07 1.750803e+11 0.000000e+00 3.280093e-73 0.000000e+00 0.000000e+00 3.280093e-73 5.636061e+01 0.000000e+00 
2.521112e+13 3.114616e-62 1.000000e+01 1.878169e+04 9.783573e-08 1.919717e+11 0.000000e+00 1.230345e-66 0.000000e+00 0.000000e+00 1.230345e-66 5.554770e+01 0.000000e+00 
2.680766e+13 2.841071e-56 1.000000e+01 1.878169e+04 8.922725e-08 2.104928e+11 0.000000e+00 1.230567e-60 0.000000e+00 0.000000e+00 1.230567e-60 5.328778e+01 0.000000e+00 
2.850529e+13 7.730053e-51 1.000000e+01 1.878169e+04 8.137622e-08 2.308008e+11 0.000000e+00 3.671199e-55 0.000000e+00 0.000000e+00 3.671199e-55 5.060267e+01 0.000000e+00 
3.031043e+13 6.959980e-46 1.000000e+01 1.878169e+04 7.421599e-08 2.530680e+11 0.000000e+00 3.624430e-50 0.000000e+00 0.000000e+00 3.624430e-50 4.767158e+01 0.000000e+00 
3.222989e+13 2.281375e-41 1.000000e+01 1.878169e+04 6.768579e-08 2.774835e+11 0.000000e+00 1.302701e-45 0.000000e+00 0.000000e+00 1.302701e-45 4.475423e+01 0.000000e+00 
3.427090e+13 2.971686e-37 1.000000e+01 1.878169e+04 6.173017e-08 3.042547e+11 0.000000e+00 1.860758e-41 0.000000e+00 0.000000e+00 1.860758e-41 4.192996e+01 0.000000e+00 
3.644116e+13 1.667158e-33 1.000000e+01 1.878169e+04 5.629859e-08 3.336086e+11 0.000000e+00 1.144852e-37 0.000000e+00 0.000000e+00 1.144852e-37 3.926695e+01 0.000000e+00 
3.874885e+13 4.336993e-30 1.000000e+01 1.878169e+04 5.134492e-08 3.657946e+11 0.000000e+00 3.266892e-34 0.000000e+00 0.000000e+00 3.266892e-34 3.678254e+01 0.000000e+00 
4.120268e+13 5.598834e-27 1.000000e+01 1.878169e+04 4.682713e-08 4.010858e+11 0.000000e+00 4.627774e-31 0.000000e+00 0.000000e+00 4.627774e-31 3.448500e+01 0.000000e+00 
4.381191e+13 3.817015e-24 1.000000e+01 1.878169e+04 4.270685e-08 4.397818e+11 0.000000e+00 3.464024e-28 0.000000e+00 0.000000e+00 3.464024e-28 3.236224e+01 0.000000e+00 
4.658637e+13 1.455057e-21 1.000000e+01 1.878169e+04 3.894911e-08 4.822111e+11 0.000000e+00 1.451140e-25 0.000000e+00 0.000000e+00 1.451140e-25 3.040073e+01 0.000000e+00 
4.953652e+13 3.268254e-19 8.979127e+01 5.627970e+04 3.552201e-08 1.584362e+12 1.000000e-04 -6.333323e-16 -4.480668e+02 -9.155112e+05 3.586589e-23 2.857770e+01 -5.124226e-18 
5.267350e+13 4.538689e-17 8.745921e+01 5.554405e+04 3.239646e-08 1.714510e+12 1.000000e-04 -6.069505e-14 -2.907839e+02 -5.941239e+05 5.490377e-21 2.687408e+01 -4.910913e-16 
5.600913e+13 4.072834e-15 8.518772e+01 5.481801e+04 2.954592e-08 1.855349e+12 1.000000e-04 -3.914597e-12 -1.965118e+02 -4.014920e+05 5.443399e-19 2.526772e+01 -3.167466e-14 
5.955600e+13 2.459314e-13 8.297522e+01 5.410146e+04 2.694620e-08 2.007758e+12 1.000000e-04 -1.763798e-10 -1.377955e+02 -2.815050e+05 3.641779e-17 2.374275e+01 -1.427272e-12 
6.332747e+13 1.036925e-11 8.082018e+01 5.339427e+04 2.457523e-08 2.172687e+12 1.000000e-04 -5.744435e-09 -9.991215e+01 -2.040800e+05 1.706914e-15 2.228337e+01 -4.649099e-11 
6.733779e+13 3.157167e-10 7.872112e+01 5.269633e+04 2.241287e-08 2.351164e+12 1.000000e-04 -1.394494e-07 -7.466358e+01 -1.524655e+05 5.798917e-14 2.088015e+01 -1.128887e-09 
7.160206e+13 7.156054e-09 7.667657e+01 5.200751e+04 2.044078e-08 2.544302e+12 1.000000e-04 -2.595140e-06 -5.734770e+01 -1.170532e+05 1.472543e-12 1.952445e+01 -2.101747e-08 
7.613637e+13 1.241494e-07 7.468513e+01 5.132770e+04 1.864221e-08 2.753305e+12 1.000000e-04 -3.798574e-05 -4.516416e+01 -9.212096e+04 2.874200e-11 1.821242e+01 -3.078435e-07 
8.095782e+13 1.691199e-06 7.274540e+01 5.065677e+04 1.700190e-08 2.979477e+12 1.000000e-04 -4.465938e-04 -3.629426e+01 -7.395274e+04 4.423594e-10 1.694045e+01 -3.622842e-06 
8.608461e+13 1.847056e-05 7.085606e+01 4.999462e+04 1.550592e-08 3.224228e+12 1.000000e-04 -4.233358e-03 -2.925338e+01 -5.951455e+04 5.482798e-09 1.570765e+01 -3.438847e-05 
9.153605e+13 1.623793e-04 6.901578e+01 4.934111e+04 1.414157e-08 3.489084e+12 1.000000e-04 -3.130589e-02 -2.279379e+01 -4.625225e+04 5.510168e-08 1.451212e+01 -2.546395e-04 
9.733271e+13 1.113151e-03 6.722330e+01 4.869615e+04 1.289726e-08 3.775697e+12 1.000000e-04 -1.701911e-01 -1.672048e+01 -3.375049e+04 4.393397e-07 1.335201e+01 -1.379356e-03 
1.034965e+14 5.630840e-03 6.547737e+01 4.805962e+04 1.176244e-08 4.085854e+12 1.000000e-04 -6.564557e-01 -1.181360e+01 -2.357514e+04 2.671948e-06 1.222321e+01 -5.137172e-03 
1.100505e+14 2.047785e-02 6.377679e+01 4.743142e+04 1.072748e-08 4.421489e+12 1.000000e-04 -1.824382e+00 -8.428859e+00 -1.643575e+04 1.218587e-05 1.112275e+01 -1.214838e-02 
1.170197e+14 5.517425e-02 6.212038e+01 4.681142e+04 9.783574e-09 4.784695e+12 1.000000e-04 -3.849570e+00 -6.254360e+00 -1.171296e+04 4.259730e-05 1.005200e+01 -1.316471e-02 
1.244301e+14 1.174670e-01 6.050699e+01 4.619953e+04 8.922726e-09 5.177736e+12 1.000000e-04 -6.589021e+00 -4.859001e+00 -8.572839e+03 1.193491e-04 9.021199e+00 2.261500e-02 
1.323098e+14 2.111304e-01 5.893550e+01 4.559563e+04 8.137625e-09 5.603064e+12 1.000000e-04 -9.728347e+00 -3.939884e+00 -6.437715e+03 2.812783e-04 8.042693e+00 1.521430e-01 
1.406886e+14 3.371938e-01 5.740483e+01 4.499963e+04 7.421606e-09 6.063328e+12 1.000000e-04 -1.297248e+01 -3.315802e+00 -4.952392e+03 5.813013e-04 7.123349e+00 4.574764e-01 
1.495979e+14 4.957092e-01 5.591391e+01 4.441142e+04 6.768590e-09 6.561399e+12 1.000000e-04 -1.609491e+01 -2.880670e+00 -3.897177e+03 1.087863e-03 6.266585e+00 1.045947e+00 
1.590714e+14 6.870011e-01 5.446171e+01 4.383090e+04 6.173035e-09 7.100381e+12 1.000000e-04 -1.892336e+01 -2.572230e+00 -3.136861e+03 1.887823e-03 5.477402e+00 2.051962e+00 
1.691449e+14 9.126185e-01 5.304723e+01 4.325797e+04 5.629885e-09 7.683632e+12 1.000000e-04 -2.132156e+01 -2.353479e+00 -2.588504e+03 3.091193e-03 4.767109e+00 3.633164e+00 
1.798562e+14 1.176219e+00 5.166948e+01 4.269252e+04 5.134530e-09 8.314787e+12 1.000000e-04 -2.317954e+01 -2.201126e+00 -2.199007e+03 4.838418e-03 4.151839e+00 5.946382e+00 
1.912459e+14 1.484280e+00 5.032752e+01 4.213447e+04 4.682765e-09 8.997776e+12 1.000000e-04 -2.442449e+01 -2.098919e+00 -1.930831e+03 7.311164e-03 3.645141e+00 9.096157e+00 
2.033569e+14 1.846558e+00 4.902041e+01 4.158371e+04 4.270756e-09 9.736850e+12 1.000000e-04 -2.501842e+01 -2.033256e+00 -1.752403e+03 1.074763e-02 3.251209e+00 1.306357e+01 
2.162348e+14 2.275810e+00 4.774725e+01 4.104015e+04 3.895005e-09 1.053661e+13 1.000000e-04 -2.498692e+01 -1.993102e+00 -1.637122e+03 1.546299e-02 2.963703e+00 1.767174e+01 
2.299282e+14 2.787904e+00 4.650716e+01 4.050370e+04 3.552325e-09 1.140202e+13 1.000000e-04 -2.436639e+01 -1.967726e+00 -1.559789e+03 2.187601e-02 2.767977e+00 2.258491e+01 
2.444887e+14 3.400144e+00 4.529928e+01 3.997425e+04 3.239807e-09 1.233847e+13 1.000000e-04 -2.326569e+01 -1.950508e+00 -1.502944e+03 3.054173e-02 2.645615e+00 2.743589e+01 
2.599714e+14 4.132691e+00 4.412276e+01 3.945173e+04 2.954799e-09 1.335175e+13 1.000000e-04 -2.173363e+01 -1.934073e+00 -1.450075e+03 4.219256e-02 2.573314e+00 3.186672e+01 
2.764344e+14 5.004212e+00 4.297680e+01 3.893604e+04 2.694883e-09 1.444814e+13 1.000000e-04 -1.989379e+01 -1.917130e+00 -1.395211e+03 5.778587e-02 2.527654e+00 3.570400e+01 
2.939401e+14 6.037478e+00 4.186061e+01 3.842709e+04 2.457856e-09 1.563439e+13 1.000000e-04 -1.778170e+01 -1.896462e+00 -1.332942e+03 7.856435e-02 2.477515e+00 3.890008e+01 
3.125543e+14 7.251276e+00 4.077340e+01 3.792479e+04 2.241707e-09 1.691782e+13 1.000000e-04 -1.540840e+01 -1.870999e+00 -1.258584e+03 1.061257e-01 2.392783e+00 4.134267e+01 
3.323473e+14 8.665112e+00 3.971444e+01 3.742906e+04 2.044604e-09 1.830626e+13 1.000000e-04 -1.298847e+01 -1.848045e+00 -1.187875e+03 1.425005e-01 2.241956e+00 4.360273e+01 
3.533937e+14 1.031202e+01 3.868297e+01 3.693981e+04 1.864877e-09 1.980818e+13 1.000000e-04 -1.006479e+01 -1.804403e+00 -1.077298e+03 1.902793e-01 1.973485e+00 4.415659e+01 
3.757729e+14 1.215798e+01 3.767830e+01 3.645695e+04 1.701002e-09 2.143263e+13 1.000000e-04 -7.585762e+00 -1.786752e+00 -1.006149e+03 2.526194e-01 1.610592e+00 4.568514e+01 
3.995693e+14 1.433063e+01 3.669971e+01 3.598041e+04 1.551593e-09 2.318933e+13 1.000000e-04 -4.215242e+00 -1.704560e+00 -8.271111e+02 3.335844e-01 9.659078e-01 4.224214e+01 
4.248727e+14 1.655056e+01 3.574655e+01 3.551009e+04 1.415383e-09 2.508868e+13 1.000000e-04 -1.183215e+00 -1.466750e+00 -2.760020e+02 4.376826e-01 1.713413e-01 1.519396e+01 
4.517784e+14 1.827438e+01 3.481814e+01 3.504592e+04 1.291208e-09 2.714197e+13 1.000000e-04 -6.669251e-01 -1.234787e+00 3.338540e+02 5.678614e-01 2.419311e-10 -2.067886e+01 
4.803880e+14 1.962500e+01 3.391384e+01 3.458782e+04 1.178003e-09 2.936140e+13 1.000000e-04 -3.708710e-01 -1.096781e+00 7.071645e+02 7.259102e-01 2.417274e-11 -4.276113e+01 
5.108093e+14 2.074756e+01 3.303303e+01 3.413571e+04 1.074799e-09 3.176010e+13 1.000000e-04 -8.376485e-02 -9.980110e-01 9.663220e+02 9.142462e-01 3.249179e-12 -5.800928e+01 
5.431571e+14 2.162361e+01 3.217509e+01 3.368951e+04 9.807115e-10 3.435211e+13 1.000000e-04 2.259713e-01 -9.096756e-01 1.200616e+03 1.135647e+00 5.151125e-13 -7.174429e+01 
5.775534e+14 2.225680e+01 3.133944e+01 3.324914e+04 8.949354e-10 3.715256e+13 1.000000e-04 5.642840e-01 -8.285078e-01 1.415371e+03 1.392792e+00 9.186162e-14 -8.427932e+01 
6.141279e+14 2.263855e+01 3.052549e+01 3.281452e+04 8.167344e-10 4.017772e+13 1.000000e-04 9.338046e-01 -7.544065e-01 1.614085e+03 1.688211e+00 1.788329e-14 -9.582152e+01 
6.530185e+14 2.278900e+01 2.973268e+01 3.238559e+04 7.454373e-10 4.344509e+13 1.000000e-04 1.338809e+00 -6.854673e-01 1.797889e+03 2.024276e+00 3.703635e-15 -1.064344e+02 
6.943719e+14 2.271028e+01 2.896047e+01 3.196226e+04 6.804315e-10 4.697352e+13 1.000000e-04 1.781069e+00 -6.221074e-01 1.969531e+03 2.403176e+00 7.950358e-16 -1.162808e+02 
7.383441e+14 2.243489e+01 2.820830e+01 3.154447e+04 6.211584e-10 5.078330e+13 1.000000e-04 2.264039e+00 -5.628901e-01 2.128476e+03 2.826929e+00 1.720030e-16 -1.253254e+02 
7.851009e+14 2.197186e+01 2.747568e+01 3.113214e+04 5.671084e-10 5.489628e+13 1.000000e-04 2.789556e+00 -5.078227e-01 2.278726e+03 3.297378e+00 3.621067e-17 -1.338061e+02 
8.348187e+14 2.135716e+01 2.676208e+01 3.072520e+04 5.178171e-10 5.933600e+13 1.000000e-04 3.360392e+00 -4.558087e-01 2.418998e+03 3.816201e+00 7.088532e-18 -1.416434e+02 
8.876849e+14 2.060269e+01 2.606701e+01 3.032357e+04 4.728612e-10 6.412786e+13 1.000000e-04 3.980003e+00 -4.049105e-01 2.557223e+03 4.384913e+00 1.209330e-18 -1.493090e+02 
9.438989e+14 1.973352e+01 2.539000e+01 2.992720e+04 4.318547e-10 6.929924e+13 1.000000e-04 4.651055e+00 -3.537414e-01 2.694481e+03 5.004796e+00 1.630512e-19 -1.568653e+02 
1.003673e+15 1.875936e+01 2.473057e+01 2.953601e+04 3.944457e-10 7.487978e+13 1.000000e-04 5.392641e+00 -2.842162e-01 2.870695e+03 5.676857e+00 1.448372e-20 -1.666861e+02 
1.067232e+15 1.762016e+01 2.408827e+01 2.914993e+04 3.603123e-10 8.090185e+13 1.000000e-04 6.220125e+00 -1.808411e-01 3.132163e+03 6.400966e+00 5.643784e-22 -1.815315e+02 
1.134816e+15 1.627158e+01 2.346265e+01 2.876890e+04 3.291584e-10 8.740137e+13 1.000000e-04 7.258420e+00 8.347894e-02 3.741797e+03 7.174941e+00 0.000000e+00 -2.170364e+02 
1.206680e+15 1.418580e+01 2.285327e+01 2.839285e+04 3.007038e-10 9.442131e+13 1.000000e-04 8.648497e+00 6.601508e-01 5.144366e+03 7.988346e+00 0.000000e+00 -2.997214e+02 
1.283095e+15 1.106432e+01 2.225973e+01 2.802171e+04 2.746770e-10 1.020170e+14 1.000000e-04 1.031772e+01 1.501256e+00 7.327372e+03 8.816465e+00 0.000000e+00 -4.289117e+02 
1.364349e+15 7.536858e+00 2.168160e+01 2.765543e+04 2.508347e-10 1.102536e+14 1.000000e-04 1.209882e+01 2.467183e+00 9.941491e+03 9.631638e+00 0.000000e+00 -5.838368e+02 
1.450749e+15 4.480614e+00 2.111848e+01 2.729393e+04 2.289803e-10 1.191977e+14 1.000000e-04 1.389236e+01 3.471249e+00 1.273578e+04 1.042111e+01 0.000000e+00 -7.495534e+02 
1.542620e+15 2.344824e+00 2.056999e+01 2.693716e+04 2.089586e-10 1.289115e+14 1.000000e-04 1.566863e+01 4.477271e+00 1.559131e+04 1.119136e+01 0.000000e+00 -9.189608e+02 
1.640308e+15 1.092359e+00 2.003575e+01 2.658505e+04 1.906377e-10 1.394533e+14 1.000000e-04 1.743153e+01 5.471374e+00 1.845325e+04 1.196016e+01 0.000000e+00 -1.088765e+03 
1.744183e+15 4.580291e-01 1.951538e+01 2.623755e+04 1.738939e-10 1.508825e+14 1.000000e-04 1.919602e+01 6.449170e+00 2.129743e+04 1.274685e+01 0.000000e+00 -1.257502e+03 
1.854637e+15 1.745780e-01 1.900852e+01 2.589458e+04 1.586058e-10 1.632638e+14 1.000000e-04 2.097780e+01 7.410831e+00 2.411641e+04 1.356697e+01 0.000000e+00 -1.424711e+03 
1.972084e+15 6.100239e-02 1.851483e+01 2.555610e+04 1.446551e-10 1.766692e+14 1.000000e-04 2.279026e+01 8.358958e+00 2.691255e+04 1.443130e+01 0.000000e+00 -1.590517e+03 
2.096970e+15 1.968235e-02 1.803397e+01 2.522205e+04 1.319287e-10 1.911793e+14 1.000000e-04 2.464439e+01 9.297291e+00 2.969327e+04 1.534710e+01 0.000000e+00 -1.755358e+03 
2.229764e+15 5.899137e-03 1.756559e+01 2.489236e+04 1.203210e-10 2.068829e+14 1.000000e-04 2.654950e+01 1.022987e+01 3.246803e+04 1.631963e+01 0.000000e+00 -1.919790e+03 
2.370967e+15 1.650720e-03 1.710937e+01 2.456698e+04 1.097342e-10 2.238771e+14 1.000000e-04 2.851386e+01 1.116057e+01 3.524646e+04 1.735330e+01 0.000000e+00 -2.084382e+03 
2.521112e+15 4.330973e-04 1.666501e+01 2.424586e+04 1.000789e-10 2.422675e+14 1.000000e-04 3.054518e+01 1.209289e+01 3.803761e+04 1.845228e+01 0.000000e+00 -2.249670e+03 
2.680766e+15 1.069314e-04 1.623218e+01 2.392893e+04 9.127301e-11 2.621687e+14 1.000000e-04 3.265077e+01 1.302995e+01 4.084965e+04 1.962082e+01 0.000000e+00 -2.416136e+03 
2.850529e+15 2.492254e-05 1.581060e+01 2.361614e+04 8.324198e-11 2.837047e+14 1.000000e-04 3.483781e+01 1.397447e+01 4.368985e+04 2.086334e+01 0.000000e+00 -2.584209e+03 
3.031043e+15 5.498289e-06 1.539997e+01 2.330744e+04 7.591759e-11 3.070098e+14 1.000000e-04 3.711335e+01 1.492880e+01 4.656465e+04 2.218455e+01 0.000000e+00 -2.754267e+03 
3.222989e+15 1.150921e-06 1.500000e+01 2.300278e+04 6.923766e-11 3.322293e+14 1.000000e-04 3.948445e+01 1.589503e+01 4.947970e+04 2.358942e+01 0.000000e+00 -2.926643e+03 
3.427090e+15 2.290658e-07 1.461042e+01 2.270210e+04 6.314550e-11 3.595205e+14 1.000000e-04 4.195819e+01 1.687493e+01 5.243997e+04 2.508326e+01 0.000000e+00 -3.101626e+03 
3.644116e+15 4.342972e-08 1.423096e+01 2.240535e+04 5.758938e-11 3.890536e+14 1.000000e-04 4.454177e+01 1.787007e+01 5.544978e+04 2.667170e+01 0.000000e+00 -3.279470e+03 
3.874885e+15 7.857039e-09 1.386135e+01 2.211248e+04 5.252214e-11 4.210126e+14 1.000000e-04 4.724252e+01 1.888180e+01 5.851289e+04 2.836072e+01 0.000000e+00 -3.460391e+03 
4.120268e+15 1.358440e-09 1.350134e+01 2.182344e+04 4.790076e-11 4.555970e+14 1.000000e-04 5.006796e+01 1.991125e+01 6.163252e+04 3.015671e+01 0.000000e+00 -3.644576e+03 
4.381191e+15 2.247705e-10 1.315069e+01 2.153818e+04 4.368601e-11 4.930223e+14 1.000000e-04 5.302584e+01 2.095941e+01 6.481140e+04 3.206643e+01 0.000000e+00 -3.832181e+03 
4.658637e+15 3.563814e-11 1.280914e+01 2.125664e+04 3.984212e-11 5.335219e+14 1.000000e-04 5.612416e+01 2.202707e+01 6.805175e+04 3.409709e+01 0.000000e+00 -4.023329e+03 
4.953652e+15 5.421135e-12 1.247646e+01 2.097879e+04 3.633644e-11 5.773484e+14 1.000000e-04 5.937102e+01 2.311468e+01 7.135483e+04 3.625634e+01 0.000000e+00 -4.218090e+03 
5.267350e+15 7.920874e-13 1.215242e+01 2.070456e+04 3.313923e-11 6.247751e+14 1.000000e-04 6.277375e+01 2.422142e+01 7.471813e+04 3.855233e+01 0.000000e+00 -4.416305e+03 
5.600913e+15 1.113190e-13 1.183679e+01 2.043393e+04 3.022334e-11 6.760976e+14 1.000000e-04 6.633221e+01 2.533849e+01 7.811613e+04 4.099372e+01 0.000000e+00 -4.616444e+03 
5.955600e+15 1.510559e-14 1.152937e+01 2.016682e+04 2.756401e-11 7.316361e+14 1.000000e-04 6.999028e+01 2.640057e+01 8.134623e+04 4.358971e+01 0.000000e+00 -4.806418e+03 
6.332747e+15 1.978364e-15 1.122993e+01 1.990321e+04 2.513868e-11 7.917368e+14 1.000000e-04 7.386687e+01 2.751677e+01 8.474084e+04 4.635010e+01 0.000000e+00 -5.006036e+03 
6.733779e+15 2.493694e-16 1.093826e+01 1.964305e+04 2.292674e-11 8.567745e+14 1.000000e-04 7.804416e+01 2.875888e+01 8.852226e+04 4.928529e+01 0.000000e+00 -5.228541e+03 
7.160206e+15 3.030921e-17 1.065418e+01 1.938629e+04 2.090944e-11 9.271548e+14 1.000000e-04 8.240154e+01 2.999519e+01 9.228706e+04 5.240636e+01 0.000000e+00 -5.449870e+03 
7.613637e+15 3.555695e-18 1.037746e+01 1.913288e+04 1.906964e-11 1.003317e+15 1.000000e-04 8.697484e+01 3.124977e+01 9.610927e+04 5.572507e+01 0.000000e+00 -5.674424e+03 
8.095782e+15 4.033830e-19 1.010794e+01 1.888279e+04 1.739171e-11 1.085735e+15 1.000000e-04 9.174181e+01 3.248786e+01 9.989312e+04 5.925395e+01 0.000000e+00 -5.896485e+03 
8.608461e+15 4.389028e-20 1.000000e+01 1.878169e+04 1.586143e-11 1.184111e+15 1.000000e-04 9.755429e+01 3.454799e+01 1.065037e+05 6.300630e+01 0.000000e+00 -6.286955e+03 
9.153605e+15 3.693735e-21 1.000000e+01 1.878169e+04 1.446580e-11 1.298352e+15 0.000000e+00 6.699627e+01 0.000000e+00 0.000000e+00 6.699627e+01 0.000000e+00 0.000000e+00 
9.733271e+15 2.367340e-22 1.000000e+01 1.878169e+04 1.319296e-11 1.423614e+15 0.000000e+00 7.123892e+01 0.000000e+00 0.000000e+00 7.123892e+01 0.000000e+00 0.000000e+00 
1.034965e+16 1.534748e-23 1.000000e+01 1.878169e+04 1.203213e-11 1.560962e+15 0.000000e+00 7.575023e+01 0.000000e+00 0.000000e+00 7.575023e+01 0.000000e+00 0.000000e+00 
1.100505e+16 1.022560e-24 1.000000e+01 1.878169e+04 1.097343e-11 1.711561e+15 0.000000e+00 8.054723e+01 0.000000e+00 0.000000e+00 8.054723e+01 0.000000e+00 0.000000e+00 
1.170197e+16 6.956702e-26 1.000000e+01 1.878169e+04 1.000789e-11 1.876689e+15 0.000000e+00 8.564801e+01 0.000000e+00 0.000000e+00 8.564801e+01 0.000000e+00 0.000000e+00 
1.244301e+16 4.786320e-27 1.000000e+01 1.878169e+04 9.127301e-12 2.057749e+15 0.000000e+00 9.107181e+01 0.000000e+00 0.000000e+00 9.107181e+01 0.000000e+00 0.000000e+00 
1.323098e+16 3.308663e-28 1.000000e+01 1.878169e+04 8.324198e-12 2.256277e+15 0.000000e+00 9.683907e+01 0.000000e+00 0.000000e+00 9.683907e+01 0.000000e+00 0.000000e+00 
1.406886e+16 2.288029e-29 1.000000e+01 1.878169e+04 7.591759e-12 2.473958e+15 0.000000e+00 1.029716e+02 0.000000e+00 0.000000e+00 1.029716e+02 0.000000e+00 0.000000e+00 
1.495979e+16 1.577480e-30 1.000000e+01 1.878169e+04 6.923766e-12 2.712641e+15 0.000000e+00 1.094924e+02 0.000000e+00 0.000000e+00 1.094924e+02 0.000000e+00 0.000000e+00 
1.590714e+16 1.081367e-31 1.000000e+01 1.878169e+04 6.314550e-12 2.974352e+15 0.000000e+00 1.164262e+02 0.000000e+00 0.000000e+00 1.164262e+02 0.000000e+00 0.000000e+00 
1.691449e+16 7.354363e-33 1.000000e+01 1.878169e+04 5.758938e-12 3.261312e+15 0.000000e+00 1.237990e+02 0.000000e+00 0.000000e+00 1.237990e+02 0.000000e+00 0.000000e+00 
1.798562e+16 4.953850e-34 1.000000e+01 1.878169e+04 5.252214e-12 3.575958e+15 0.000000e+00 1.316388e+02 0.000000e+00 0.000000e+00 1.316388e+02 0.000000e+00 0.000000e+00 
1.912459e+16 3.300634e-35 1.000000e+01 1.878169e+04 4.790076e-12 3.920959e+15 0.000000e+00 1.399750e+02 0.000000e+00 0.000000e+00 1.399750e+02 0.000000e+00 0.000000e+00 
2.033569e+16 2.173066e-36 1.000000e+01 1.878169e+04 4.368601e-12 4.299247e+15 0.000000e+00 1.488392e+02 0.000000e+00 0.000000e+00 1.488392e+02 0.000000e+00 0.000000e+00 
2.162348e+16 1.412666e-37 1.000000e+01 1.878169e+04 3.984212e-12 4.714030e+15 0.000000e+00 1.582647e+02 0.000000e+00 0.000000e+00 1.582647e+02 0.000000e+00 0.000000e+00 
2.299282e+16 9.062607e-39 1.000000e+01 1.878169e+04 3.633644e-12 5.168831e+15 0.000000e+00 1.682870e+02 0.000000e+00 0.000000e+00 1.682870e+02 0.000000e+00 0.000000e+00 
2.444887e+16 5.735064e-40 1.000000e+01 1.878169e+04 3.313923e-12 5.667511e+15 0.000000e+00 1.789441e+02 0.000000e+00 0.000000e+00 1.789441e+02 0.000000e+00 0.000000e+00 
2.599714e+16 3.579122e-41 1.000000e+01 1.878169e+04 3.022334e-12 6.214302e+15 0.000000e+00 1.902760e+02 0.000000e+00 0.000000e+00 1.902760e+02 0.000000e+00 0.000000e+00 
2.764344e+16 2.202404e-42 1.000000e+01 1.878169e+04 2.756401e-12 6.813847e+15 0.000000e+00 2.023255e+02 0.000000e+00 0.000000e+00 2.023255e+02 0.000000e+00 0.000000e+00 
2.939401e+16 1.336193e-43 1.000000e+01 1.878169e+04 2.513868e-12 7.471234e+15 0.000000e+00 2.151381e+02 0.000000e+00 0.000000e+00 2.151381e+02 0.000000e+00 0.000000e+00 
3.125543e+16 7.992753e-45 1.000000e+01 1.878169e+04 2.292674e-12 8.192045e+15 0.000000e+00 2.287620e+02 0.000000e+00 0.000000e+00 2.287620e+02 0.000000e+00 0.000000e+00 
3.323473e+16 4.714265e-46 1.000000e+01 1.878169e+04 2.090944e-12 8.982399e+15 0.000000e+00 2.432488e+02 0.000000e+00 0.000000e+00 2.432488e+02 0.000000e+00 0.000000e+00 
3.533937e+16 2.742108e-47 1.000000e+01 1.878169e+04 1.906964e-12 9.849005e+15 0.000000e+00 2.586529e+02 0.000000e+00 0.000000e+00 2.586529e+02 0.000000e+00 0.000000e+00 
3.757729e+16 1.573247e-48 1.000000e+01 1.878169e+04 1.739171e-12 1.079922e+16 0.000000e+00 2.750325e+02 0.000000e+00 0.000000e+00 2.750325e+02 0.000000e+00 0.000000e+00 
3.995693e+16 8.905611e-50 1.000000e+01 1.878169e+04 1.586143e-12 1.184111e+16 0.000000e+00 2.924493e+02 0.000000e+00 0.000000e+00 2.924493e+02 0.000000e+00 0.000000e+00 
4.248727e+16 4.975326e-51 1.000000e+01 1.878169e+04 1.446580e-12 1.298352e+16 0.000000e+00 3.109691e+02 0.000000e+00 0.000000e+00 3.109691e+02 0.000000e+00 0.000000e+00 
4.517784e+16 2.744284e-52 1.000000e+01 1.878169e+04 1.319296e-12 1.423614e+16 0.000000e+00 3.306618e+02 0.000000e+00 0.000000e+00 3.306618e+02 0.000000e+00 0.000000e+00 
4.803880e+16 1.495087e-53 1.000000e+01 1.878169e+04 1.203213e-12 1.560962e+16 0.000000e+00 3.516014e+02 0.000000e+00 0.000000e+00 3.516014e+02 0.000000e+00 0.000000e+00 
5.108093e+16 8.048838e-55 1.000000e+01 1.878169e+04 1.097343e-12 1.711561e+16 0.000000e+00 3.738671e+02 0.000000e+00 0.000000e+00 3.738671e+02 0.000000e+00 0.000000e+00 
5.431571e+16 4.283981e-56 1.000000e+01 1.878169e+04 1.000789e-12 1.876689e+16 0.000000e+00 3.975429e+02 0.000000e+00 0.000000e+00 3.975429e+02 0.000000e+00 0.000000e+00 
5.775534e+16 2.255499e-57 1.000000e+01 1.878169e+04 9.127301e-13 2.057749e+16 0.000000e+00 4.227179e+02 0.000000e+00 0.000000e+00 4.227179e+02 0.000000e+00 0.000000e+00 
6.141279e+16 1.175338e-58 1.000000e+01 1.878169e+04 8.324198e-13 2.256277e+16 0.000000e+00 4.494872e+02 0.000000e+00 0.000000e+00 4.494872e+02 0.000000e+00 0.000000e+00 
6.530185e+16 6.065395e-60 1.000000e+01 1.878169e+04 7.591759e-13 2.473958e+16 0.000000e+00 4.779516e+02 0.000000e+00 0.000000e+00 4.779516e+02 0.000000e+00 0.000000e+00 
6.943719e+16 3.101578e-61 1.000000e+01 1.878169e+04 6.923766e-13 2.712641e+16 0.000000e+00 5.082187e+02 0.000000e+00 0.000000e+00 5.082187e+02 0.000000e+00 0.000000e+00 
7.383441e+16 1.572453e-62 1.000000e+01 1.878169e+04 6.314550e-13 2.974352e+16 0.000000e+00 5.404024e+02 0.000000e+00 0.000000e+00 5.404024e+02 0.000000e+00 0.000000e+00 
7.851009e+16 7.908116e-64 1.000000e+01 1.878169e+04 5.758938e-13 3.261312e+16 0.000000e+00 5.746243e+02 0.000000e+00 0.000000e+00 5.746243e+02 0.000000e+00 0.000000e+00 
8.348187e+16 3.947067e-65 1.000000e+01 1.878169e+04 5.252214e-13 3.575958e+16 0.000000e+00 6.110133e+02 0.000000e+00 0.000000e+00 6.110133e+02 0.000000e+00 0.000000e+00 
8.876849e+16 1.955942e-66 1.000000e+01 1.878169e+04 4.790076e-13 3.920959e+16 0.000000e+00 6.497066e+02 0.000000e+00 0.000000e+00 6.497066e+02 0.000000e+00 0.000000e+00 
9.438989e+16 9.626171e-68 1.000000e+01 1.878169e+04 4.368601e-13 4.299247e+16 0.000000e+00 6.908503e+02 0.000000e+00 0.000000e+00 6.908503e+02 0.000000e+00 0.000000e+00 
1.003673e+17 4.706080e-69 1.000000e+01 1.878169e+04 3.984212e-13 4.714030e+16 0.000000e+00 7.345995e+02 0.000000e+00 0.000000e+00 7.345995e+02 0.000000e+00 0.000000e+00 
1.067232e+17 2.285701e-70 1.000000e+01 1.878169e+04 3.633644e-13 5.168831e+16 0.000000e+00 7.811192e+02 0.000000e+00 0.000000e+00 7.811192e+02 0.000000e+00 0.000000e+00 
1.134816e+17 1.102894e-71 1.000000e+01 1.878169e+04 3.313923e-13 5.667511e+16 0.000000e+00 8.305848e+02 0.000000e+00 0.000000e+00 8.305848e+02 0.000000e+00 0.000000e+00 
1.206680e+17 5.286381e-73 1.000000e+01 1.878169e+04 3.022334e-13 6.214302e+16 0.000000e+00 8.831829e+02 0.000000e+00 0.000000e+00 8.831829e+02 0.000000e+00 0.000000e+00 
1.283095e+17 2.516584e-74 1.000000e+01 1.878169e+04 2.756401e-13 6.813847e+16 0.000000e+00 9.391118e+02 0.000000e+00 0.000000e+00 9.391118e+02 0.000000e+00 0.000000e+00 
1.364349e+17 1.189538e-75 1.000000e+01 1.878169e+04 2.513868e-13 7.471234e+16 0.000000e+00 9.985825e+02 0.000000e+00 0.000000e+00 9.985825e+02 0.000000e+00 0.000000e+00 
1.450749e+17 5.891068e-77 1.000000e+01 1.878169e+04 2.292674e-13 8.192045e+16 0.000000e+00 1.061819e+03 0.000000e+00 0.000000e+00 1.061819e+03 0.000000e+00 0.000000e+00 
