time(s)          = 1.104492e+13
time(solar year) = 3.500000e+05
star mass (g)    = 2.357610e+33
star mass (Msun) = 1.185682e+00
total mass (g)   = 2.860251e+33
mdot (g/s)       = 1.146563e+19
mdot (Msun/yr)   = 1.819654e-07
1.542620e+13 2.649313e+03 1.480393e+02 7.226421e+04 2.070402e-07 3.490347e+11 1.000000e-02 -4.571016e+01 -4.571181e+01 7.338458e+02 1.648456e-03 5.298557e-149 -7.561033e+02 
1.640308e+13 2.618580e+03 1.441944e+02 7.131961e+04 1.888332e-07 3.776857e+11 1.000000e-02 -4.501505e+01 -4.502034e+01 1.573060e+03 5.291740e-03 2.682988e-149 -1.594111e+03 
1.744183e+13 2.584868e+03 1.404494e+02 7.038736e+04 1.722284e-07 4.086860e+11 1.000000e-02 -4.438770e+01 -4.439716e+01 1.599740e+03 9.458934e-03 1.622632e-149 -1.620278e+03 
1.854637e+13 2.547216e+03 1.368016e+02 6.946729e+04 1.570849e-07 4.422277e+11 1.000000e-02 -4.375029e+01 -4.376450e+01 1.627739e+03 1.420113e-02 1.366642e-149 -1.647735e+03 
1.972084e+13 2.506690e+03 1.332486e+02 6.855925e+04 1.432740e-07 4.785186e+11 1.000000e-02 -4.314561e+01 -4.316518e+01 1.654229e+03 1.957295e-02 1.146216e-149 -1.673675e+03 
2.096970e+13 2.463046e+03 1.297879e+02 6.766309e+04 1.306784e-07 5.177832e+11 1.000000e-02 -4.253993e+01 -4.256557e+01 1.681186e+03 2.563325e-02 9.573136e-150 -1.700053e+03 
2.229764e+13 2.416852e+03 1.264170e+02 6.677863e+04 1.191913e-07 5.602644e+11 1.000000e-02 -4.194963e+01 -4.198207e+01 1.707459e+03 3.244499e-02 7.957263e-150 -1.725724e+03 
2.370967e+13 2.368141e+03 1.231337e+02 6.590574e+04 1.087150e-07 6.062249e+11 1.000000e-02 -4.135921e+01 -4.139929e+01 1.733912e+03 4.007570e-02 6.581097e-150 -1.751541e+03 
2.521112e+13 2.317274e+03 1.199357e+02 6.504426e+04 9.916062e-08 6.559485e+11 1.000000e-02 -4.077443e+01 -4.082303e+01 1.760080e+03 4.859748e-02 5.413215e-150 -1.777040e+03 
2.680766e+13 2.264384e+03 1.168207e+02 6.419403e+04 9.044702e-08 7.097418e+11 1.000000e-02 -4.018754e+01 -4.024562e+01 1.786362e+03 5.808740e-02 4.426825e-150 -1.802611e+03 
2.850529e+13 2.209739e+03 1.137866e+02 6.335492e+04 8.250020e-08 7.679366e+11 1.000000e-02 -3.959996e+01 -3.966859e+01 1.812575e+03 6.862758e-02 3.597647e-150 -1.828070e+03 
3.031043e+13 2.153507e+03 1.108314e+02 6.252678e+04 7.525268e-08 8.308911e+11 1.000000e-02 -3.900733e+01 -3.908764e+01 1.838917e+03 8.030550e-02 2.904444e-150 -1.853607e+03 
3.222989e+13 2.095909e+03 1.079529e+02 6.170947e+04 6.864291e-08 8.989926e+11 1.000000e-02 -3.840933e+01 -3.850254e+01 1.865325e+03 9.321416e-02 2.328242e-150 -1.879157e+03 
3.427090e+13 2.037122e+03 1.051491e+02 6.090284e+04 6.261475e-08 9.726595e+11 1.000000e-02 -3.780308e+01 -3.791053e+01 1.891907e+03 1.074523e-01 1.852330e-150 -1.904820e+03 
3.644116e+13 1.977339e+03 1.024182e+02 6.010675e+04 5.711703e-08 1.052344e+12 1.000000e-02 -3.718755e+01 -3.731067e+01 1.918652e+03 1.231247e-01 1.461906e-150 -1.930581e+03 
3.874885e+13 1.916732e+03 9.975815e+01 5.932107e+04 5.210305e-08 1.138534e+12 1.000000e-02 -3.656054e+01 -3.670088e+01 1.945625e+03 1.403422e-01 1.143958e-150 -1.956500e+03 
4.120268e+13 1.855477e+03 9.716723e+01 5.854565e+04 4.753022e-08 1.231756e+12 1.000000e-02 -3.592073e+01 -3.607995e+01 1.972838e+03 1.592220e-01 8.870588e-151 -1.982583e+03 
4.381191e+13 1.793738e+03 9.464360e+01 5.778038e+04 4.335973e-08 1.332582e+12 1.000000e-02 -3.526622e+01 -3.544611e+01 2.000338e+03 1.798880e-01 6.812336e-151 -2.008870e+03 
4.658637e+13 1.731676e+03 9.218552e+01 5.702510e+04 3.955614e-08 1.441625e+12 1.000000e-02 -3.459560e+01 -3.479807e+01 2.028145e+03 2.024706e-01 5.178130e-151 -2.035375e+03 
4.953652e+13 1.669445e+03 8.979127e+01 5.627970e+04 3.608716e-08 1.559549e+12 1.000000e-02 -3.390705e+01 -3.413416e+01 2.056296e+03 2.271073e-01 3.893125e-151 -2.062131e+03 
5.267350e+13 1.607193e+03 8.745921e+01 5.554405e+04 3.292334e-08 1.687072e+12 1.000000e-02 -3.319917e+01 -3.345312e+01 2.084816e+03 2.539426e-01 2.893127e-151 -2.089154e+03 
5.600913e+13 1.545065e+03 8.518772e+01 5.481801e+04 3.003780e-08 1.824967e+12 1.000000e-02 -3.247015e+01 -3.275328e+01 2.113737e+03 2.831280e-01 2.123512e-151 -2.116471e+03 
5.955600e+13 1.483195e+03 8.297522e+01 5.410146e+04 2.740605e-08 1.974070e+12 1.000000e-02 -3.171864e+01 -3.203346e+01 2.143086e+03 3.148226e-01 1.538193e-151 -2.144102e+03 
6.332747e+13 1.421717e+03 8.082018e+01 5.339427e+04 2.500574e-08 2.135281e+12 1.000000e-02 -3.094276e+01 -3.129195e+01 2.172891e+03 3.491927e-01 1.098652e-151 -2.172069e+03 
6.733779e+13 1.360754e+03 7.872112e+01 5.269633e+04 2.281648e-08 2.309573e+12 1.000000e-02 -3.014133e+01 -3.052775e+01 2.203179e+03 3.864123e-01 7.730358e-152 -2.200393e+03 
7.160206e+13 1.300430e+03 7.667657e+01 5.200751e+04 2.081970e-08 2.497995e+12 1.000000e-02 -2.931233e+01 -2.973899e+01 2.233976e+03 4.266631e-01 5.352959e-152 -2.229093e+03 
7.613637e+13 1.240856e+03 7.468513e+01 5.132770e+04 1.899844e-08 2.701679e+12 1.000000e-02 -2.845490e+01 -2.892503e+01 2.265308e+03 4.701342e-01 3.643952e-152 -2.258191e+03 
8.095782e+13 1.182144e+03 7.274540e+01 5.065677e+04 1.733725e-08 2.921846e+12 1.000000e-02 -2.756675e+01 -2.808378e+01 2.297198e+03 5.170228e-01 2.435718e-152 -2.287702e+03 
8.608461e+13 1.124393e+03 7.085606e+01 4.999462e+04 1.582202e-08 3.159812e+12 1.000000e-02 -2.664756e+01 -2.721509e+01 2.329671e+03 5.675340e-01 1.596628e-152 -2.317648e+03 
9.153605e+13 1.067707e+03 6.901578e+01 4.934111e+04 1.443991e-08 3.416996e+12 1.000000e-02 -2.569468e+01 -2.631656e+01 2.362742e+03 6.218806e-01 1.024947e-152 -2.348039e+03 
9.733271e+13 1.012170e+03 6.722330e+01 4.869615e+04 1.317918e-08 3.694930e+12 1.000000e-02 -2.470857e+01 -2.538885e+01 2.396438e+03 6.802837e-01 6.433726e-153 -2.378899e+03 
1.034965e+14 9.578786e+02 6.547737e+01 4.805962e+04 1.202915e-08 3.995264e+12 1.000000e-02 -2.368612e+01 -2.442909e+01 2.430762e+03 7.429725e-01 3.942463e-153 -2.410228e+03 
1.100505e+14 9.049009e+02 6.377679e+01 4.743142e+04 1.098006e-08 4.319779e+12 1.000000e-02 -2.262885e+01 -2.343903e+01 2.465743e+03 8.101845e-01 2.354099e-153 -2.442054e+03 
1.170197e+14 8.533267e+02 6.212038e+01 4.681142e+04 1.002302e-08 4.670393e+12 1.000000e-02 -2.153312e+01 -2.241528e+01 2.501364e+03 8.821660e-01 1.366976e-153 -2.474358e+03 
1.244301e+14 8.032075e+02 6.050699e+01 4.619953e+04 9.149917e-09 5.049174e+12 1.000000e-02 -2.040182e+01 -2.136099e+01 2.537664e+03 9.591718e-01 7.702049e-154 -2.507184e+03 
1.323098e+14 7.546262e+02 5.893550e+01 4.559563e+04 8.353366e-09 5.458354e+12 1.000000e-02 -1.923078e+01 -2.027225e+01 2.574589e+03 1.041466e+00 4.200327e-154 -2.540475e+03 
1.406886e+14 7.076169e+02 5.740483e+01 4.499963e+04 7.626619e-09 5.900338e+12 1.000000e-02 -1.802447e+01 -1.915379e+01 2.612199e+03 1.129322e+00 2.210953e-154 -2.574299e+03 
1.495979e+14 6.622553e+02 5.591391e+01 4.441142e+04 6.963528e-09 6.377718e+12 1.000000e-02 -1.677838e+01 -1.800141e+01 2.650384e+03 1.223023e+00 1.119784e-154 -2.608550e+03 
1.590714e+14 6.185576e+02 5.446171e+01 4.383090e+04 6.358487e-09 6.893291e+12 1.000000e-02 -1.549863e+01 -1.682149e+01 2.689237e+03 1.322864e+00 5.437443e-155 -2.643332e+03 
1.691449e+14 5.765912e+02 5.304723e+01 4.325797e+04 5.806383e-09 7.450071e+12 1.000000e-02 -1.418065e+01 -1.560980e+01 2.728583e+03 1.429150e+00 2.521101e-155 -2.678475e+03 
1.798562e+14 5.363538e+02 5.166948e+01 4.269252e+04 5.302555e-09 8.051311e+12 1.000002e-02 -1.283254e+01 -1.437474e+01 2.768598e+03 1.542200e+00 1.110874e-155 -2.714170e+03 
1.912459e+14 4.979003e+02 5.032752e+01 4.213447e+04 4.842754e-09 8.700518e+12 1.000011e-02 -1.144973e+01 -1.311207e+01 2.809190e+03 1.662345e+00 4.626134e-156 -2.750333e+03 
2.033569e+14 4.611993e+02 4.902041e+01 4.158371e+04 4.423105e-09 9.401475e+12 1.000056e-02 -1.004593e+01 -1.183586e+01 2.850972e+03 1.789930e+00 1.808859e-156 -2.787588e+03 
2.162348e+14 4.262747e+02 4.774725e+01 4.104015e+04 4.040075e-09 1.015827e+13 1.000210e-02 -8.619242e+00 -1.054456e+01 2.894402e+03 1.925318e+00 6.589607e-157 -2.826392e+03 
2.299282e+14 3.930435e+02 4.650716e+01 4.050370e+04 3.690442e-09 1.097530e+13 1.000619e-02 -7.205037e+00 -9.273920e+00 2.940411e+03 2.068884e+00 2.216424e-157 -2.867700e+03 
2.444887e+14 3.615151e+02 4.529928e+01 3.997425e+04 3.371269e-09 1.185733e+13 1.001494e-02 -5.806152e+00 -8.027174e+00 2.988573e+03 2.221022e+00 6.811584e-158 -2.911113e+03 
2.599714e+14 3.316142e+02 4.412276e+01 3.945173e+04 3.079878e-09 1.280951e+13 1.003020e-02 -4.488525e+00 -6.870670e+00 3.037576e+03 2.382145e+00 1.888923e-158 -2.955426e+03 
2.764344e+14 3.034443e+02 4.297680e+01 3.893604e+04 2.813828e-09 1.383739e+13 1.005303e-02 -3.216725e+00 -5.769417e+00 3.084467e+03 2.552692e+00 4.648965e-159 -2.997750e+03 
2.939401e+14 2.769748e+02 4.186061e+01 3.842709e+04 2.570894e-09 1.494698e+13 1.008225e-02 -2.061369e+00 -4.794496e+00 3.127610e+03 2.733127e+00 9.907903e-160 -3.036567e+03 
3.125543e+14 2.523537e+02 4.077340e+01 3.792479e+04 2.349050e-09 1.614473e+13 1.011707e-02 -9.166845e-01 -3.840638e+00 3.165034e+03 2.923953e+00 1.759368e-160 -3.069878e+03 
3.323473e+14 2.294778e+02 3.971444e+01 3.742906e+04 2.146450e-09 1.743765e+13 1.015366e-02 1.381421e-01 -2.987566e+00 3.198327e+03 3.125709e+00 2.441458e-161 -3.099301e+03 
3.533937e+14 2.084400e+02 3.868297e+01 3.693981e+04 1.961413e-09 1.883327e+13 1.019233e-02 1.103681e+00 -2.235290e+00 3.224639e+03 3.338971e+00 2.354890e-162 -3.122022e+03 
3.757729e+14 1.890941e+02 3.767830e+01 3.645695e+04 1.792404e-09 2.033969e+13 1.022941e-02 2.101920e+00 -1.462438e+00 3.249350e+03 3.564358e+00 1.181135e-163 -3.143220e+03 
3.995693e+14 1.714020e+02 3.669971e+01 3.598041e+04 1.638028e-09 2.196568e+13 1.026510e-02 3.110399e+00 -6.921273e-01 3.270566e+03 3.802526e+00 0.000000e+00 -3.161042e+03 
4.248727e+14 1.552205e+02 3.574655e+01 3.551009e+04 1.497010e-09 2.372068e+13 1.029628e-02 4.190293e+00 1.361182e-01 3.291202e+03 4.054175e+00 0.000000e+00 -3.178300e+03 
4.517784e+14 1.404694e+02 3.481814e+01 3.504592e+04 1.368187e-09 2.561487e+13 1.032309e-02 5.320866e+00 1.000824e+00 3.310092e+03 4.320042e+00 0.000000e+00 -3.193856e+03 
4.803880e+14 1.270195e+02 3.391384e+01 3.458782e+04 1.250498e-09 2.765924e+13 1.034300e-02 6.551843e+00 1.950933e+00 3.329200e+03 4.600911e+00 0.000000e+00 -3.209602e+03 
5.108093e+14 1.147792e+02 3.303303e+01 3.413571e+04 1.142976e-09 2.986564e+13 1.035595e-02 7.877181e+00 2.979571e+00 3.347996e+03 4.897610e+00 0.000000e+00 -3.225018e+03 
5.431571e+14 1.036347e+02 3.217509e+01 3.368951e+04 1.044738e-09 3.224685e+13 1.035982e-02 9.336982e+00 4.125965e+00 3.367980e+03 5.211017e+00 0.000000e+00 -3.241552e+03 
5.775534e+14 9.349735e+01 3.133944e+01 3.324914e+04 9.549769e-10 3.481669e+13 1.035443e-02 1.094110e+01 5.399041e+00 3.389212e+03 5.542059e+00 0.000000e+00 -3.259258e+03 
6.141279e+14 8.426719e+01 3.052549e+01 3.281452e+04 8.729576e-10 3.759005e+13 1.033810e-02 1.273082e+01 6.839102e+00 3.413349e+03 5.891721e+00 0.000000e+00 -3.279736e+03 
6.530185e+14 7.586180e+01 2.973268e+01 3.238559e+04 7.980078e-10 4.058305e+13 1.031086e-02 1.473432e+01 8.473277e+00 3.441404e+03 6.261044e+00 0.000000e+00 -3.303968e+03 
6.943719e+14 6.819130e+01 2.896047e+01 3.196226e+04 7.295141e-10 4.381309e+13 1.027192e-02 1.701118e+01 1.036004e+01 3.476274e+03 6.651139e+00 0.000000e+00 -3.334759e+03 
7.383441e+14 6.117644e+01 2.820830e+01 3.154447e+04 6.669158e-10 4.729903e+13 1.022258e-02 1.962297e+01 1.255978e+01 3.521450e+03 7.063189e+00 0.000000e+00 -3.375496e+03 
7.851009e+14 5.472875e+01 2.747568e+01 3.113214e+04 6.097007e-10 5.106135e+13 1.016490e-02 2.268062e+01 1.518216e+01 3.583827e+03 7.498464e+00 0.000000e+00 -3.432870e+03 
8.348187e+14 4.876220e+01 2.676208e+01 3.072520e+04 5.574003e-10 5.512232e+13 1.010480e-02 2.632392e+01 1.836557e+01 3.672750e+03 7.958343e+00 0.000000e+00 -3.515977e+03 
8.876849e+14 4.318191e+01 2.606701e+01 3.032357e+04 5.095856e-10 5.950634e+13 1.005172e-02 3.077118e+01 2.232684e+01 3.799208e+03 8.444342e+00 0.000000e+00 -3.635592e+03 
9.438989e+14 3.791542e+01 2.539000e+01 2.992720e+04 4.658637e-10 6.424024e+13 1.001695e-02 3.624602e+01 2.728787e+01 3.964580e+03 8.958156e+00 0.000000e+00 -3.793361e+03 
1.003673e+15 3.294392e+01 2.473057e+01 2.953601e+04 4.258758e-10 6.935358e+13 1.000296e-02 4.286651e+01 3.336482e+01 4.155683e+03 9.501694e+00 0.000000e+00 -3.976965e+03 
1.067232e+15 2.830906e+01 2.408827e+01 2.914993e+04 3.892950e-10 7.487877e+13 1.000021e-02 5.052613e+01 4.044904e+01 4.357986e+03 1.007709e+01 0.000000e+00 -4.172697e+03 
1.134816e+15 2.404673e+01 2.346265e+01 2.876890e+04 3.558251e-10 8.085123e+13 1.000000e-02 5.915029e+01 4.846359e+01 4.574585e+03 1.068671e+01 0.000000e+00 -4.383760e+03 
1.206680e+15 2.016924e+01 2.285327e+01 2.839285e+04 3.251973e-10 8.730961e+13 1.000000e-02 6.875455e+01 5.742141e+01 4.814116e+03 1.133313e+01 0.000000e+00 -4.618732e+03 
1.283095e+15 1.668141e+01 2.225973e+01 2.802171e+04 2.971672e-10 9.429611e+13 1.000000e-02 7.936384e+01 6.734463e+01 5.079964e+03 1.201922e+01 0.000000e+00 -4.881150e+03 
1.364349e+15 1.358614e+01 2.168160e+01 2.765543e+04 2.715130e-10 1.018567e+14 1.000000e-02 9.099786e+01 7.824979e+01 5.372907e+03 1.274807e+01 0.000000e+00 -5.171974e+03 
1.450749e+15 1.088114e+01 2.111848e+01 2.729393e+04 2.480330e-10 1.100415e+14 1.000000e-02 1.036765e+02 9.015343e+01 5.693751e+03 1.352305e+01 0.000000e+00 -5.492109e+03 
1.542620e+15 8.558268e+00 2.056999e+01 2.693716e+04 2.265442e-10 1.189047e+14 1.000000e-02 1.174048e+02 1.030571e+02 6.042677e+03 1.434773e+01 0.000000e+00 -5.841735e+03 
1.640308e+15 6.601626e+00 2.003575e+01 2.658505e+04 2.068799e-10 1.285047e+14 1.000000e-02 1.321934e+02 1.169674e+02 6.420152e+03 1.522592e+01 0.000000e+00 -6.221177e+03 
1.744183e+15 4.987876e+00 1.951538e+01 2.623755e+04 1.888886e-10 1.389049e+14 1.000000e-02 1.480411e+02 1.318795e+02 6.826205e+03 1.616161e+01 0.000000e+00 -6.630192e+03 
1.854637e+15 3.686746e+00 1.900852e+01 2.589458e+04 1.724316e-10 1.501731e+14 1.000000e-02 1.649511e+02 1.477922e+02 7.261023e+03 1.715892e+01 0.000000e+00 -7.068568e+03 
1.972084e+15 2.662712e+00 1.851483e+01 2.555610e+04 1.573825e-10 1.623821e+14 1.000000e-02 1.829208e+02 1.646987e+02 7.724596e+03 1.822213e+01 0.000000e+00 -7.535803e+03 
2.096970e+15 1.877043e+00 1.803397e+01 2.522205e+04 1.436251e-10 1.756103e+14 1.000000e-02 2.019500e+02 1.825943e+02 8.216983e+03 1.935566e+01 0.000000e+00 -8.031420e+03 
2.229764e+15 1.290140e+00 1.756559e+01 2.489236e+04 1.310527e-10 1.899416e+14 1.000000e-02 2.220373e+02 2.014732e+02 8.738205e+03 2.056401e+01 0.000000e+00 -8.554907e+03 
2.370967e+15 8.637420e-01 1.710937e+01 2.456698e+04 1.195670e-10 2.054662e+14 1.000000e-02 2.431828e+02 2.213309e+02 9.288330e+03 2.185188e+01 0.000000e+00 -9.105862e+03 
2.521112e+15 5.627499e-01 1.666501e+01 2.424586e+04 1.090775e-10 2.222810e+14 1.000000e-02 2.653879e+02 2.421638e+02 9.867461e+03 2.322410e+01 0.000000e+00 -9.684017e+03 
2.680766e+15 3.564995e-01 1.623218e+01 2.392893e+04 9.950050e-11 2.404905e+14 1.000000e-02 2.886558e+02 2.639700e+02 1.047576e+04 2.468573e+01 0.000000e+00 -1.028929e+04 
2.850529e+15 2.194168e-01 1.581060e+01 2.361614e+04 9.075885e-11 2.602076e+14 1.000000e-02 3.129916e+02 2.867495e+02 1.111343e+04 2.624210e+01 0.000000e+00 -1.092180e+04 
3.031043e+15 1.311085e-01 1.539997e+01 2.330744e+04 8.278140e-11 2.815541e+14 1.000000e-02 3.384030e+02 3.105042e+02 1.178077e+04 2.789883e+01 0.000000e+00 -1.158184e+04 
3.222989e+15 7.600645e-02 1.500000e+01 2.300278e+04 7.550262e-11 3.046621e+14 1.000000e-02 3.649000e+02 3.352381e+02 1.247810e+04 2.966192e+01 0.000000e+00 -1.226986e+04 
3.427090e+15 4.272318e-02 1.461042e+01 2.270210e+04 6.886221e-11 3.296743e+14 1.000000e-02 3.924956e+02 3.609578e+02 1.320583e+04 3.153777e+01 0.000000e+00 -1.298644e+04 
3.644116e+15 2.327178e-02 1.423096e+01 2.240535e+04 6.280480e-11 3.567459e+14 1.000000e-02 4.212052e+02 3.876720e+02 1.396442e+04 3.353325e+01 0.000000e+00 -1.373225e+04 
3.874885e+15 1.227814e-02 1.386135e+01 2.211248e+04 5.727961e-11 3.860446e+14 1.000000e-02 4.510474e+02 4.153917e+02 1.475438e+04 3.565569e+01 0.000000e+00 -1.450800e+04 
4.120268e+15 6.271614e-03 1.350134e+01 2.182344e+04 5.224014e-11 4.177524e+14 1.000000e-02 4.820435e+02 4.441305e+02 1.557628e+04 3.791294e+01 0.000000e+00 -1.531445e+04 
4.381191e+15 3.100269e-03 1.315069e+01 2.153818e+04 4.764384e-11 4.520664e+14 1.000000e-02 5.142177e+02 4.739043e+02 1.643073e+04 4.031341e+01 0.000000e+00 -1.615237e+04 
4.658637e+15 1.482666e-03 1.280914e+01 2.125664e+04 4.345183e-11 4.892001e+14 1.000000e-02 5.475971e+02 5.047310e+02 1.731839e+04 4.286607e+01 0.000000e+00 -1.702254e+04 
4.953652e+15 6.857753e-04 1.247646e+01 2.097879e+04 3.962861e-11 5.293849e+14 1.000000e-02 5.822116e+02 5.366311e+02 1.823999e+04 4.558048e+01 0.000000e+00 -1.792575e+04 
5.267350e+15 3.066934e-04 1.215242e+01 2.070456e+04 3.614175e-11 5.728711e+14 1.000000e-02 6.180937e+02 5.696269e+02 1.919627e+04 4.846686e+01 0.000000e+00 -1.886281e+04 
5.600913e+15 1.325923e-04 1.183679e+01 2.043393e+04 3.296168e-11 6.199297e+14 1.000000e-02 6.552789e+02 6.037428e+02 2.018805e+04 5.153606e+01 0.000000e+00 -1.983455e+04 
5.955600e+15 5.540481e-05 1.152937e+01 2.016682e+04 3.006142e-11 6.708541e+14 1.000000e-02 6.938050e+02 6.390053e+02 2.121618e+04 5.479964e+01 0.000000e+00 -2.084183e+04 
6.332747e+15 2.237335e-05 1.122993e+01 1.990321e+04 2.741634e-11 7.259617e+14 1.000000e-02 7.337117e+02 6.754418e+02 2.228153e+04 5.826990e+01 0.000000e+00 -2.188551e+04 
6.733779e+15 8.730204e-06 1.093826e+01 1.964305e+04 2.500400e-11 7.855963e+14 1.000000e-02 7.750386e+02 7.130787e+02 2.338493e+04 6.195993e+01 0.000000e+00 -2.296642e+04 
7.160206e+15 3.291511e-06 1.065418e+01 1.938629e+04 2.280392e-11 8.501296e+14 1.000000e-02 8.178022e+02 7.519185e+02 2.452677e+04 6.588364e+01 0.000000e+00 -2.408492e+04 
7.613637e+15 1.199250e-06 1.037746e+01 1.913288e+04 2.079742e-11 9.199640e+14 1.000000e-02 8.619915e+02 7.919357e+02 2.570498e+04 7.005582e+01 0.000000e+00 -2.523895e+04 
8.095782e+15 4.219632e-07 1.010794e+01 1.888279e+04 1.896748e-11 9.955351e+14 1.000000e-02 9.065136e+02 8.320214e+02 2.692817e+04 7.449221e+01 0.000000e+00 -2.643767e+04 
8.608461e+15 1.430113e-07 1.000000e+01 1.878169e+04 1.729854e-11 1.085738e+15 1.000000e-02 9.533245e+02 8.741150e+02 2.847025e+04 7.920955e+01 0.000000e+00 -2.795398e+04 
9.153605e+15 4.686779e-08 1.000000e+01 1.878169e+04 1.577646e-11 1.190489e+15 1.000000e-02 1.013626e+03 9.294006e+02 3.035978e+04 8.422562e+01 0.000000e+00 -2.981085e+04 
9.733271e+15 1.496524e-08 1.000000e+01 1.878169e+04 1.438830e-11 1.305345e+15 1.000000e-02 1.080659e+03 9.911000e+02 3.228185e+04 8.955934e+01 0.000000e+00 -3.169674e+04 
1.034965e+16 4.663200e-09 1.000000e+01 1.878169e+04 1.312229e-11 1.431282e+15 1.000000e-02 1.149799e+03 1.054568e+03 3.425862e+04 9.523082e+01 0.000000e+00 -3.363610e+04 
1.100505e+16 1.417823e-09 1.000000e+01 1.878169e+04 1.196767e-11 1.569370e+15 1.000000e-02 1.223029e+03 1.121767e+03 3.635180e+04 1.012615e+02 0.000000e+00 -3.568965e+04 
1.170197e+16 4.208197e-10 1.000000e+01 1.878169e+04 1.091464e-11 1.720779e+15 1.000000e-02 1.299860e+03 1.192186e+03 3.854519e+04 1.076740e+02 0.000000e+00 -3.784142e+04 
1.244301e+16 1.219571e-10 1.000000e+01 1.878169e+04 9.954273e-12 1.886797e+15 1.000000e-02 1.380741e+03 1.266249e+03 4.085209e+04 1.144926e+02 0.000000e+00 -4.010447e+04 
1.323098e+16 3.452077e-11 1.000000e+01 1.878169e+04 9.078404e-12 2.068832e+15 1.000000e-02 1.465790e+03 1.344047e+03 4.327525e+04 1.217431e+02 0.000000e+00 -4.248149e+04 
1.406886e+16 9.546069e-12 1.000000e+01 1.878169e+04 8.279603e-12 2.268429e+15 1.000000e-02 1.555263e+03 1.425810e+03 4.582175e+04 1.294526e+02 0.000000e+00 -4.497940e+04 
1.495979e+16 2.579551e-12 1.000000e+01 1.878169e+04 7.551088e-12 2.487283e+15 1.000000e-02 1.649380e+03 1.511729e+03 4.849756e+04 1.376504e+02 0.000000e+00 -4.760404e+04 
1.590714e+16 6.812973e-13 1.000000e+01 1.878169e+04 6.886674e-12 2.727252e+15 1.000000e-02 1.748394e+03 1.602027e+03 5.130950e+04 1.463674e+02 0.000000e+00 -5.036212e+04 
1.691449e+16 1.759122e-13 1.000000e+01 1.878169e+04 6.280721e-12 2.990372e+15 1.000000e-02 1.852557e+03 1.696921e+03 5.426433e+04 1.556363e+02 0.000000e+00 -5.326023e+04 
1.798562e+16 4.441213e-14 1.000000e+01 1.878169e+04 5.728086e-12 3.278878e+15 1.000000e-02 1.962179e+03 1.796686e+03 5.737057e+04 1.654922e+02 0.000000e+00 -5.630673e+04 
1.912459e+16 1.096562e-14 1.000000e+01 1.878169e+04 5.224076e-12 3.595218e+15 1.000000e-02 2.077529e+03 1.901557e+03 6.063543e+04 1.759723e+02 0.000000e+00 -5.950868e+04 
2.033569e+16 2.648269e-15 1.000000e+01 1.878169e+04 4.764414e-12 3.942078e+15 1.000000e-02 2.198930e+03 2.011814e+03 6.406761e+04 1.871160e+02 0.000000e+00 -6.287459e+04 
2.162348e+16 6.256831e-16 1.000000e+01 1.878169e+04 4.345198e-12 4.322403e+15 1.000000e-02 2.326706e+03 2.127741e+03 6.767592e+04 1.989654e+02 0.000000e+00 -6.641308e+04 
2.299282e+16 1.446344e-16 1.000000e+01 1.878169e+04 3.962867e-12 4.739420e+15 1.000000e-02 2.461204e+03 2.249638e+03 7.146964e+04 2.115652e+02 0.000000e+00 -7.013326e+04 
2.444887e+16 3.271693e-17 1.000000e+01 1.878169e+04 3.614178e-12 5.196671e+15 1.000000e-02 2.602765e+03 2.377802e+03 7.545799e+04 2.249629e+02 0.000000e+00 -7.404413e+04 
2.599714e+16 7.243142e-18 1.000000e+01 1.878169e+04 3.296169e-12 5.698036e+15 1.000000e-02 2.751661e+03 2.512452e+03 7.964801e+04 2.392090e+02 0.000000e+00 -7.815257e+04 
2.764344e+16 1.569816e-18 1.000000e+01 1.878169e+04 3.006142e-12 6.247773e+15 1.000000e-02 2.908112e+03 2.653755e+03 8.404323e+04 2.543573e+02 0.000000e+00 -8.246199e+04 
2.939401e+16 3.328601e-19 1.000000e+01 1.878169e+04 2.741634e-12 6.850546e+15 1.000000e-02 3.065203e+03 2.794738e+03 8.853491e+04 2.704649e+02 0.000000e+00 -8.686708e+04 
3.125543e+16 7.310368e-20 1.000000e+01 1.878169e+04 2.500400e-12 7.511475e+15 1.000000e-02 3.246057e+03 2.958464e+03 9.169374e+04 2.875925e+02 0.000000e+00 -8.992691e+04 
3.323473e+16 7.832072e-21 1.000000e+01 1.878169e+04 2.280392e-12 8.236168e+15 0.000000e+00 3.058047e+02 0.000000e+00 0.000000e+00 3.058047e+02 0.000000e+00 0.000000e+00 
3.533937e+16 1.036334e-22 1.000000e+01 1.878169e+04 2.079742e-12 9.030779e+15 0.000000e+00 3.251703e+02 0.000000e+00 0.000000e+00 3.251703e+02 0.000000e+00 0.000000e+00 
3.757729e+16 1.081533e-24 1.000000e+01 1.878169e+04 1.896748e-12 9.902052e+15 0.000000e+00 3.457622e+02 0.000000e+00 0.000000e+00 3.457622e+02 0.000000e+00 0.000000e+00 
3.995693e+16 9.535172e-27 1.000000e+01 1.878169e+04 1.729854e-12 1.085738e+16 0.000000e+00 3.676582e+02 0.000000e+00 0.000000e+00 3.676582e+02 0.000000e+00 0.000000e+00 
4.248727e+16 7.612766e-29 1.000000e+01 1.878169e+04 1.577646e-12 1.190489e+16 0.000000e+00 3.909407e+02 0.000000e+00 0.000000e+00 3.909407e+02 0.000000e+00 0.000000e+00 
4.517784e+16 5.856226e-31 1.000000e+01 1.878169e+04 1.438830e-12 1.305345e+16 0.000000e+00 4.156976e+02 0.000000e+00 0.000000e+00 4.156976e+02 0.000000e+00 0.000000e+00 
4.803880e+16 4.525337e-33 1.000000e+01 1.878169e+04 1.312229e-12 1.431282e+16 0.000000e+00 4.420223e+02 0.000000e+00 0.000000e+00 4.420223e+02 0.000000e+00 0.000000e+00 
5.108093e+16 3.564630e-35 1.000000e+01 1.878169e+04 1.196767e-12 1.569370e+16 0.000000e+00 4.700141e+02 0.000000e+00 0.000000e+00 4.700141e+02 0.000000e+00 0.000000e+00 
5.431571e+16 2.853199e-37 1.000000e+01 1.878169e+04 1.091464e-12 1.720779e+16 0.000000e+00 4.997785e+02 0.000000e+00 0.000000e+00 4.997785e+02 0.000000e+00 0.000000e+00 
5.775534e+16 2.305461e-39 1.000000e+01 1.878169e+04 9.954273e-13 1.886797e+16 0.000000e+00 5.314277e+02 0.000000e+00 0.000000e+00 5.314277e+02 0.000000e+00 0.000000e+00 
6.141279e+16 1.874933e-41 1.000000e+01 1.878169e+04 9.078404e-13 2.068832e+16 0.000000e+00 5.650812e+02 0.000000e+00 0.000000e+00 5.650812e+02 0.000000e+00 0.000000e+00 
6.530185e+16 1.534954e-43 1.000000e+01 1.878169e+04 8.279603e-13 2.268429e+16 0.000000e+00 6.008659e+02 0.000000e+00 0.000000e+00 6.008659e+02 0.000000e+00 0.000000e+00 
6.943719e+16 1.266435e-45 1.000000e+01 1.878169e+04 7.551088e-13 2.487283e+16 0.000000e+00 6.389167e+02 0.000000e+00 0.000000e+00 6.389167e+02 0.000000e+00 0.000000e+00 
7.383441e+16 1.053952e-47 1.000000e+01 1.878169e+04 6.886674e-13 2.727252e+16 0.000000e+00 6.793771e+02 0.000000e+00 0.000000e+00 6.793771e+02 0.000000e+00 0.000000e+00 
7.851009e+16 8.851155e-50 1.000000e+01 1.878169e+04 6.280721e-13 2.990372e+16 0.000000e+00 7.223997e+02 0.000000e+00 0.000000e+00 7.223997e+02 0.000000e+00 0.000000e+00 
8.348187e+16 7.503062e-52 1.000000e+01 1.878169e+04 5.728086e-13 3.278878e+16 0.000000e+00 7.681468e+02 0.000000e+00 0.000000e+00 7.681468e+02 0.000000e+00 0.000000e+00 
8.876849e+16 6.421930e-54 1.000000e+01 1.878169e+04 5.224076e-13 3.595218e+16 0.000000e+00 8.167909e+02 0.000000e+00 0.000000e+00 8.167909e+02 0.000000e+00 0.000000e+00 
9.438989e+16 5.551849e-56 1.000000e+01 1.878169e+04 4.764414e-13 3.942078e+16 0.000000e+00 8.685154e+02 0.000000e+00 0.000000e+00 8.685154e+02 0.000000e+00 0.000000e+00 
1.003673e+17 4.849845e-58 1.000000e+01 1.878169e+04 4.345198e-13 4.322403e+16 0.000000e+00 9.235155e+02 0.000000e+00 0.000000e+00 9.235155e+02 0.000000e+00 0.000000e+00 
1.067232e+17 4.282659e-60 1.000000e+01 1.878169e+04 3.962867e-13 4.739420e+16 0.000000e+00 9.819986e+02 0.000000e+00 0.000000e+00 9.819986e+02 0.000000e+00 0.000000e+00 
1.134816e+17 3.824459e-62 1.000000e+01 1.878169e+04 3.614178e-13 5.196671e+16 0.000000e+00 1.044185e+03 0.000000e+00 0.000000e+00 1.044185e+03 0.000000e+00 0.000000e+00 
1.206680e+17 3.455162e-64 1.000000e+01 1.878169e+04 3.296169e-13 5.698036e+16 0.000000e+00 1.110310e+03 0.000000e+00 0.000000e+00 1.110310e+03 0.000000e+00 0.000000e+00 
1.283095e+17 3.159158e-66 1.000000e+01 1.878169e+04 3.006142e-13 6.247773e+16 0.000000e+00 1.180622e+03 0.000000e+00 0.000000e+00 1.180622e+03 0.000000e+00 0.000000e+00 
1.364349e+17 2.924327e-68 1.000000e+01 1.878169e+04 2.741634e-13 6.850546e+16 0.000000e+00 1.255387e+03 0.000000e+00 0.000000e+00 1.255387e+03 0.000000e+00 0.000000e+00 
1.450749e+17 2.771051e-70 1.000000e+01 1.878169e+04 2.500400e-13 7.511475e+16 0.000000e+00 1.334886e+03 0.000000e+00 0.000000e+00 1.334886e+03 0.000000e+00 0.000000e+00 
