time(s)          = 1.356948e+13
time(solar year) = 4.300000e+05
star mass (g)    = 2.378283e+33
star mass (Msun) = 1.196079e+00
total mass (g)   = 2.809399e+33
mdot (g/s)       = 6.051316e+18
mdot (Msun/yr)   = 9.603747e-08
1.542620e+13 1.333825e+03 1.480393e+02 7.226421e+04 2.079433e-07 3.475189e+11 1.000000e-02 -4.787676e+01 -4.787759e+01 7.059234e+02 8.263280e-04 1.047344e-288 -7.295756e+02 
1.640308e+13 1.323921e+03 1.441944e+02 7.131961e+04 1.896517e-07 3.760557e+11 1.000000e-02 -4.706167e+01 -4.706433e+01 1.510476e+03 2.656516e-03 5.337467e-289 -1.533307e+03 
1.744183e+13 1.312342e+03 1.404494e+02 7.038736e+04 1.729697e-07 4.069346e+11 1.000000e-02 -4.636749e+01 -4.637225e+01 1.538670e+03 4.758167e-03 3.236604e-289 -1.561053e+03 
1.854637e+13 1.298315e+03 1.368016e+02 6.946729e+04 1.577557e-07 4.403474e+11 1.000000e-02 -4.567279e+01 -4.567995e+01 1.568509e+03 7.158584e-03 2.726158e-289 -1.590430e+03 
1.972084e+13 1.282630e+03 1.332486e+02 6.855925e+04 1.438804e-07 4.765018e+11 1.000000e-02 -4.504214e+01 -4.505202e+01 1.595726e+03 9.887010e-03 2.287869e-289 -1.617206e+03 
2.096970e+13 1.265070e+03 1.297879e+02 6.766309e+04 1.312261e-07 5.156222e+11 1.000000e-02 -4.442408e+01 -4.443705e+01 1.623306e+03 1.297517e-02 1.913312e-289 -1.644336e+03 
2.229764e+13 1.246032e+03 1.264170e+02 6.677863e+04 1.196853e-07 5.579517e+11 1.000000e-02 -4.384273e+01 -4.385919e+01 1.649553e+03 1.645715e-02 1.593212e-289 -1.670136e+03 
2.370967e+13 1.225509e+03 1.231337e+02 6.590574e+04 1.091601e-07 6.037530e+11 1.000000e-02 -4.327507e+01 -4.329544e+01 1.675746e+03 2.036970e-02 1.320713e-289 -1.695871e+03 
2.521112e+13 1.203735e+03 1.199357e+02 6.504426e+04 9.956107e-08 6.533101e+11 1.000000e-02 -4.272947e+01 -4.275422e+01 1.701218e+03 2.475232e-02 1.089296e-289 -1.720875e+03 
2.680766e+13 1.180776e+03 1.168207e+02 6.419403e+04 9.080671e-08 7.069305e+11 1.000000e-02 -4.219486e+01 -4.222451e+01 1.726540e+03 2.964744e-02 8.935942e-290 -1.745715e+03 
2.850529e+13 1.156792e+03 1.137866e+02 6.335492e+04 8.282271e-08 7.649462e+11 1.000000e-02 -4.167350e+01 -4.170860e+01 1.751459e+03 3.510059e-02 7.287497e-290 -1.770134e+03 
3.031043e+13 1.131873e+03 1.108314e+02 6.252678e+04 7.554127e-08 8.277168e+11 1.000000e-02 -4.115952e+01 -4.120068e+01 1.776247e+03 4.116058e-02 5.905843e-290 -1.794400e+03 
3.222989e+13 1.106145e+03 1.079529e+02 6.170947e+04 6.890057e-08 8.956307e+11 1.000000e-02 -4.065282e+01 -4.070070e+01 1.800816e+03 4.787967e-02 4.753779e-290 -1.818424e+03 
3.427090e+13 1.079698e+03 1.051491e+02 6.090284e+04 6.284423e-08 9.691079e+11 1.000000e-02 -4.014991e+01 -4.020523e+01 1.825308e+03 5.531374e-02 3.798799e-290 -1.842341e+03 
3.644116e+13 1.052638e+03 1.024182e+02 6.010675e+04 5.732081e-08 1.048603e+12 1.000000e-02 -3.964984e+01 -3.971336e+01 1.849703e+03 6.352253e-02 3.012167e-290 -1.866130e+03 
3.874885e+13 1.025053e+03 9.975815e+01 5.932107e+04 5.228342e-08 1.134606e+12 1.000000e-02 -3.915021e+01 -3.922278e+01 1.874083e+03 7.256976e-02 2.368689e-290 -1.889866e+03 
4.120268e+13 9.970339e+02 9.716723e+01 5.854565e+04 4.768928e-08 1.227648e+12 1.000000e-02 -3.864979e+01 -3.873231e+01 1.898455e+03 8.252341e-02 1.846230e-290 -1.913556e+03 
4.381191e+13 9.686630e+02 9.464360e+01 5.778038e+04 4.349940e-08 1.328303e+12 1.000000e-02 -3.814671e+01 -3.824017e+01 1.922873e+03 9.345588e-02 1.425455e-290 -1.937247e+03 
4.658637e+13 9.400208e+02 9.218552e+01 5.702510e+04 3.967818e-08 1.437190e+12 1.000000e-02 -3.763966e+01 -3.774510e+01 1.947354e+03 1.054442e-01 1.089515e-290 -1.960953e+03 
4.953652e+13 9.111821e+02 8.979127e+01 5.627970e+04 3.619319e-08 1.554980e+12 1.000000e-02 -3.712703e+01 -3.724560e+01 1.971938e+03 1.185702e-01 8.238164e-291 -1.984709e+03 
5.267350e+13 8.822189e+02 8.745921e+01 5.554405e+04 3.301484e-08 1.682396e+12 1.000000e-02 -3.660748e+01 -3.674040e+01 1.996649e+03 1.329208e-01 6.157851e-291 -2.008533e+03 
5.600913e+13 8.531987e+02 8.518772e+01 5.481801e+04 3.011613e-08 1.820221e+12 1.000000e-02 -3.607953e+01 -3.622812e+01 2.021516e+03 1.485882e-01 4.546653e-291 -2.032451e+03 
5.955600e+13 8.241858e+02 8.297522e+01 5.410146e+04 2.747245e-08 1.969298e+12 1.000000e-02 -3.554181e+01 -3.570748e+01 2.046566e+03 1.656701e-01 3.313258e-291 -2.056485e+03 
6.332747e+13 7.952407e+02 8.082018e+01 5.339427e+04 2.506136e-08 2.130542e+12 1.000000e-02 -3.499287e+01 -3.517714e+01 2.071827e+03 1.842698e-01 2.380836e-291 -2.080655e+03 
6.733779e+13 7.664207e+02 7.872112e+01 5.269633e+04 2.286238e-08 2.304936e+12 1.000000e-02 -3.443132e+01 -3.463582e+01 2.097324e+03 2.044965e-01 1.685362e-291 -2.104984e+03 
7.160206e+13 7.377798e+02 7.667657e+01 5.200751e+04 2.085685e-08 2.493546e+12 1.000000e-02 -3.385571e+01 -3.408218e+01 2.123084e+03 2.264657e-01 1.174066e-291 -2.129491e+03 
7.613637e+13 7.093685e+02 7.468513e+01 5.132770e+04 1.902773e-08 2.697521e+12 1.000000e-02 -3.326459e+01 -3.351489e+01 2.149134e+03 2.502988e-01 8.039599e-292 -2.154197e+03 
8.095782e+13 6.812344e+02 7.274540e+01 5.065677e+04 1.735949e-08 2.918102e+12 1.000000e-02 -3.265648e+01 -3.293260e+01 2.175500e+03 2.761242e-01 5.404867e-292 -2.179124e+03 
8.608461e+13 6.534223e+02 7.085606e+01 4.999462e+04 1.583798e-08 3.156628e+12 1.000000e-02 -3.202987e+01 -3.233395e+01 2.202209e+03 3.040766e-01 3.562567e-292 -2.204290e+03 
9.153605e+13 6.259736e+02 6.901578e+01 4.934111e+04 1.445027e-08 3.414546e+12 1.000000e-02 -3.138324e+01 -3.171754e+01 2.229289e+03 3.342978e-01 2.298974e-292 -2.229718e+03 
9.733271e+13 5.989273e+02 6.722330e+01 4.869615e+04 1.318459e-08 3.693414e+12 1.000000e-02 -3.071501e+01 -3.108194e+01 2.256766e+03 3.669366e-01 1.450121e-292 -2.255428e+03 
1.034965e+14 5.723195e+02 6.547737e+01 4.805962e+04 1.203019e-08 3.994917e+12 1.000000e-02 -3.002361e+01 -3.042576e+01 2.284669e+03 4.021490e-01 8.925074e-293 -2.281443e+03 
1.100505e+14 5.461838e+02 6.377679e+01 4.743142e+04 1.097728e-08 4.320872e+12 1.000000e-02 -2.930738e+01 -2.974748e+01 2.313026e+03 4.400984e-01 5.349562e-293 -2.307784e+03 
1.170197e+14 5.205511e+02 6.212038e+01 4.681142e+04 1.001691e-08 4.673238e+12 1.000000e-02 -2.856474e+01 -2.904569e+01 2.341866e+03 4.809559e-01 3.115990e-293 -2.334474e+03 
1.244301e+14 4.954502e+02 6.050699e+01 4.619953e+04 9.140948e-09 5.054128e+12 1.000000e-02 -2.779390e+01 -2.831880e+01 2.371219e+03 5.249001e-01 1.759608e-293 -2.361536e+03 
1.323098e+14 4.709070e+02 5.893550e+01 4.559563e+04 8.341951e-09 5.465824e+12 1.000000e-02 -2.699333e+01 -2.756545e+01 2.401113e+03 5.721176e-01 9.607937e-294 -2.388994e+03 
1.406886e+14 4.469458e+02 5.740483e+01 4.499963e+04 7.613144e-09 5.910782e+12 1.000000e-02 -2.616111e+01 -2.678391e+01 2.431580e+03 6.228031e-01 5.057687e-294 -2.416874e+03 
1.495979e+14 4.235880e+02 5.591391e+01 4.441142e+04 6.948346e-09 6.391654e+12 1.000000e-02 -2.529580e+01 -2.597296e+01 2.462649e+03 6.771594e-01 2.558177e-294 -2.445201e+03 
1.590714e+14 4.008538e+02 5.446171e+01 4.383090e+04 6.341920e-09 6.911298e+12 1.000000e-02 -2.439530e+01 -2.513070e+01 2.494352e+03 7.353976e-01 1.238568e-294 -2.474001e+03 
1.691449e+14 3.787599e+02 5.304723e+01 4.325797e+04 5.788725e-09 7.472796e+12 1.000000e-02 -2.345837e+01 -2.425611e+01 2.526719e+03 7.977374e-01 5.715274e-295 -2.503303e+03 
1.798562e+14 3.573231e+02 5.166948e+01 4.269252e+04 5.284074e-09 8.079470e+12 1.000000e-02 -2.248272e+01 -2.334713e+01 2.559780e+03 8.644073e-01 2.500989e-295 -2.533132e+03 
1.912459e+14 3.365556e+02 5.032752e+01 4.213447e+04 4.823692e-09 8.734901e+12 1.000000e-02 -2.146728e+01 -2.240293e+01 2.593571e+03 9.356447e-01 1.031846e-295 -2.563525e+03 
2.033569e+14 3.164708e+02 4.902041e+01 4.158371e+04 4.403679e-09 9.442949e+12 1.000000e-02 -2.040978e+01 -2.142147e+01 2.628112e+03 1.011696e+00 3.986283e-296 -2.594499e+03 
2.162348e+14 2.970768e+02 4.774725e+01 4.104015e+04 4.020480e-09 1.020777e+13 1.000000e-02 -1.930899e+01 -2.040181e+01 2.663455e+03 1.092818e+00 1.430248e-296 -2.626107e+03 
2.299282e+14 2.783833e+02 4.650716e+01 4.050370e+04 3.670853e-09 1.103387e+13 1.000000e-02 -1.816331e+01 -1.934259e+01 2.699599e+03 1.179276e+00 4.718723e-297 -2.658352e+03 
2.444887e+14 2.603951e+02 4.529928e+01 3.997425e+04 3.351842e-09 1.192606e+13 1.000000e-02 -1.697021e+01 -1.824156e+01 2.736624e+03 1.271348e+00 1.414003e-297 -2.691316e+03 
2.599714e+14 2.431172e+02 4.412276e+01 3.945173e+04 3.060751e-09 1.288956e+13 1.000000e-02 -1.573068e+01 -1.710000e+01 2.774493e+03 1.369321e+00 3.788692e-298 -2.724969e+03 
2.764344e+14 2.265530e+02 4.297680e+01 3.893604e+04 2.795121e-09 1.393000e+13 1.000000e-02 -1.443780e+01 -1.591130e+01 2.813340e+03 1.473494e+00 8.892328e-299 -2.759447e+03 
2.939401e+14 2.106999e+02 4.186061e+01 3.842709e+04 2.552712e-09 1.505344e+13 1.000000e-02 -1.309950e+01 -1.468368e+01 2.853065e+03 1.584178e+00 1.777577e-299 -2.794667e+03 
3.125543e+14 1.955636e+02 4.077340e+01 3.792479e+04 2.331479e-09 1.626641e+13 1.000000e-02 -1.169820e+01 -1.339990e+01 2.893883e+03 1.701700e+00 2.905448e-300 -2.830843e+03 
3.323473e+14 1.811291e+02 3.971444e+01 3.742906e+04 2.129559e-09 1.757597e+13 1.000000e-02 -1.025652e+01 -1.208292e+01 2.935637e+03 1.826399e+00 3.640507e-301 -2.867848e+03 
3.533937e+14 1.674105e+02 3.868297e+01 3.693981e+04 1.945253e-09 1.898972e+13 1.000000e-02 -8.736439e+00 -1.069507e+01 2.978596e+03 1.958631e+00 3.108258e-302 -2.905936e+03 
3.757729e+14 1.543729e+02 3.767830e+01 3.645695e+04 1.777011e-09 2.051588e+13 1.000002e-02 -7.184590e+00 -9.283357e+00 3.022691e+03 2.098767e+00 1.356164e-303 -2.945095e+03 
3.995693e+14 1.420458e+02 3.669971e+01 3.598041e+04 1.623422e-09 2.216331e+13 1.000007e-02 -5.535095e+00 -7.782296e+00 3.068005e+03 2.247201e+00 0.000000e+00 -2.985372e+03 
4.248727e+14 1.303682e+02 3.574655e+01 3.551009e+04 1.483198e-09 2.394158e+13 1.000020e-02 -3.857699e+00 -6.262042e+00 3.115063e+03 2.404344e+00 0.000000e+00 -3.027366e+03 
4.517784e+14 1.193880e+02 3.481814e+01 3.504592e+04 1.355164e-09 2.586103e+13 1.000047e-02 -2.074706e+00 -4.645337e+00 3.162895e+03 2.570632e+00 0.000000e+00 -3.070082e+03 
4.803880e+14 1.090230e+02 3.391384e+01 3.458782e+04 1.238250e-09 2.793283e+13 1.000092e-02 -2.339281e-01 -2.980454e+00 3.213764e+03 2.746526e+00 0.000000e+00 -3.115816e+03 
5.108093e+14 9.932613e+01 3.303303e+01 3.413571e+04 1.131481e-09 3.016905e+13 1.000154e-02 1.543026e+00 -1.389489e+00 3.261348e+03 2.932515e+00 0.000000e+00 -3.158477e+03 
5.431571e+14 9.025964e+01 3.217509e+01 3.368951e+04 1.033968e-09 3.258275e+13 1.000221e-02 3.390689e+00 2.615651e-01 3.310741e+03 3.129124e+00 0.000000e+00 -3.202983e+03 
5.775534e+14 8.181907e+01 3.133944e+01 3.324914e+04 9.448995e-10 3.518801e+13 1.000278e-02 5.341746e+00 2.004838e+00 3.361417e+03 3.336908e+00 0.000000e+00 -3.248817e+03 
6.141279e+14 7.396137e+01 3.052549e+01 3.281452e+04 8.635376e-10 3.800011e+13 1.000302e-02 7.431448e+00 3.874984e+00 3.415594e+03 3.556464e+00 0.000000e+00 -3.298163e+03 
6.530185e+14 6.667196e+01 2.973268e+01 3.238559e+04 7.892082e-10 4.103555e+13 1.000286e-02 9.657165e+00 5.868737e+00 3.472330e+03 3.788428e+00 0.000000e+00 -3.350132e+03 
6.943719e+14 5.991305e+01 2.896047e+01 3.196226e+04 7.212969e-10 4.431221e+13 1.000231e-02 1.207783e+01 8.044350e+00 3.534178e+03 4.033483e+00 0.000000e+00 -3.407223e+03 
7.383441e+14 5.366008e+01 2.820830e+01 3.154447e+04 6.592434e-10 4.784950e+13 1.000157e-02 1.470079e+01 1.040843e+01 3.601009e+03 4.292361e+00 0.000000e+00 -3.469353e+03 
7.851009e+14 4.788138e+01 2.747568e+01 3.113214e+04 6.025367e-10 5.166845e+13 1.000086e-02 1.757693e+01 1.301107e+01 3.674504e+03 4.565854e+00 0.000000e+00 -3.538191e+03 
8.348187e+14 4.255173e+01 2.676208e+01 3.072520e+04 5.507108e-10 5.579189e+13 1.000036e-02 2.072703e+01 1.587222e+01 3.754872e+03 4.854813e+00 0.000000e+00 -3.613998e+03 
8.876849e+14 3.764617e+01 2.606701e+01 3.032357e+04 5.033406e-10 6.024464e+13 1.000011e-02 2.419015e+01 1.902999e+01 3.843039e+03 5.160165e+00 0.000000e+00 -3.697733e+03 
9.438989e+14 3.314299e+01 2.539000e+01 2.992720e+04 4.600387e-10 6.505366e+13 1.000002e-02 2.799523e+01 2.251232e+01 3.939600e+03 5.482914e+00 0.000000e+00 -3.790043e+03 
1.003673e+15 2.902145e+01 2.473057e+01 2.953601e+04 4.204516e-10 7.024829e+13 1.000000e-02 3.217826e+01 2.635410e+01 4.045574e+03 5.824154e+00 0.000000e+00 -3.891992e+03 
1.067232e+15 2.526237e+01 2.408827e+01 2.914993e+04 3.842573e-10 7.586046e+13 1.000000e-02 3.677370e+01 3.058863e+01 4.161941e+03 6.185078e+00 0.000000e+00 -4.004617e+03 
1.134816e+15 2.184756e+01 2.346265e+01 2.876890e+04 3.511618e-10 8.192491e+13 1.000000e-02 4.181828e+01 3.525129e+01 4.289768e+03 6.566987e+00 0.000000e+00 -4.129045e+03 
1.206680e+15 1.876002e+01 2.285327e+01 2.839285e+04 3.208975e-10 8.847949e+13 1.000000e-02 4.734769e+01 4.037639e+01 4.430033e+03 6.971301e+00 0.000000e+00 -4.266322e+03 
1.283095e+15 1.598350e+01 2.225973e+01 2.802171e+04 2.932203e-10 9.556540e+13 1.000000e-02 5.339813e+01 4.599856e+01 4.583744e+03 7.399572e+00 0.000000e+00 -4.417526e+03 
1.364349e+15 1.350232e+01 2.168160e+01 2.765543e+04 2.679076e-10 1.032275e+14 1.000000e-02 6.000438e+01 5.215090e+01 4.751852e+03 7.853485e+00 0.000000e+00 -4.583672e+03 
1.450749e+15 1.130093e+01 2.111848e+01 2.729393e+04 2.447566e-10 1.115146e+14 1.000000e-02 6.720105e+01 5.886617e+01 4.935317e+03 8.334877e+00 0.000000e+00 -4.765781e+03 
1.542620e+15 9.363661e+00 2.056999e+01 2.693716e+04 2.235825e-10 1.204797e+14 1.000000e-02 7.502110e+01 6.617537e+01 5.135046e+03 8.845733e+00 0.000000e+00 -4.964801e+03 
1.640308e+15 7.674420e+00 2.003575e+01 2.658505e+04 2.042168e-10 1.301806e+14 1.000000e-02 8.349680e+01 7.410860e+01 5.351935e+03 9.388201e+00 0.000000e+00 -5.181645e+03 
1.744183e+15 6.216472e+00 1.951538e+01 2.623755e+04 1.865056e-10 1.406797e+14 1.000000e-02 9.265878e+01 8.269419e+01 5.586827e+03 9.964587e+00 0.000000e+00 -5.417144e+03 
1.854637e+15 4.972339e+00 1.900852e+01 2.589458e+04 1.703088e-10 1.520449e+14 1.000000e-02 1.025366e+02 9.195924e+01 5.840538e+03 1.057736e+01 0.000000e+00 -5.672066e+03 
1.972084e+15 3.923805e+00 1.851483e+01 2.555610e+04 1.554984e-10 1.643497e+14 1.000000e-02 1.131583e+02 1.019292e+02 6.113840e+03 1.122914e+01 0.000000e+00 -5.947087e+03 
2.096970e+15 3.052031e+00 1.803397e+01 2.522205e+04 1.419574e-10 1.776734e+14 1.000000e-02 1.245508e+02 1.126280e+02 6.407472e+03 1.192272e+01 0.000000e+00 -6.242812e+03 
2.229764e+15 2.337793e+00 1.756559e+01 2.489236e+04 1.295790e-10 1.921018e+14 1.000000e-02 1.367395e+02 1.240785e+02 6.722137e+03 1.266104e+01 0.000000e+00 -6.559763e+03 
2.370967e+15 1.761800e+00 1.710937e+01 2.456698e+04 1.182655e-10 2.077274e+14 1.000000e-02 1.497489e+02 1.363017e+02 7.058510e+03 1.344718e+01 0.000000e+00 -6.898401e+03 
2.521112e+15 1.305080e+00 1.666501e+01 2.424586e+04 1.079272e-10 2.246501e+14 1.000000e-02 1.636022e+02 1.493178e+02 7.417241e+03 1.428438e+01 0.000000e+00 -7.259133e+03 
2.680766e+15 9.493930e-01 1.623218e+01 2.392893e+04 9.848213e-11 2.429774e+14 1.000000e-02 1.783218e+02 1.631458e+02 7.798961e+03 1.517602e+01 0.000000e+00 -7.642336e+03 
2.850529e+15 6.776154e-01 1.581060e+01 2.361614e+04 8.985494e-11 2.628252e+14 1.000000e-02 1.939292e+02 1.778036e+02 8.204287e+03 1.612565e+01 0.000000e+00 -8.048378e+03 
3.031043e+15 4.740818e-01 1.539997e+01 2.330744e+04 8.197651e-11 2.843186e+14 1.000000e-02 2.104454e+02 1.933085e+02 8.633830e+03 1.713697e+01 0.000000e+00 -8.477641e+03 
3.222989e+15 3.248374e-01 1.500000e+01 2.300278e+04 7.478335e-11 3.075923e+14 1.000000e-02 2.278909e+02 2.096770e+02 9.088200e+03 1.821386e+01 0.000000e+00 -8.930541e+03 
3.427090e+15 2.177901e-01 1.461042e+01 2.270210e+04 6.821715e-11 3.327917e+14 1.000000e-02 2.462857e+02 2.269253e+02 9.568009e+03 1.936038e+01 0.000000e+00 -9.407545e+03 
3.644116e+15 1.427562e-01 1.423096e+01 2.240535e+04 6.222431e-11 3.600740e+14 1.000000e-02 2.656501e+02 2.450693e+02 1.007388e+04 2.058084e+01 0.000000e+00 -9.909180e+03 
3.874885e+15 9.140518e-02 1.386135e+01 2.211248e+04 5.675562e-11 3.896087e+14 1.000000e-02 2.860045e+02 2.641247e+02 1.060645e+04 2.187976e+01 0.000000e+00 -1.043604e+04 
4.120268e+15 5.712302e-02 1.350134e+01 2.182344e+04 5.176590e-11 4.215794e+14 1.000000e-02 3.073695e+02 2.841076e+02 1.116636e+04 2.326195e+01 0.000000e+00 -1.098879e+04 
4.381191e+15 3.481555e-02 1.315069e+01 2.153818e+04 4.721372e-11 4.561847e+14 1.000000e-02 3.297666e+02 3.050341e+02 1.175428e+04 2.473251e+01 0.000000e+00 -1.156814e+04 
4.658637e+15 2.067889e-02 1.280914e+01 2.125664e+04 4.306108e-11 4.936393e+14 1.000000e-02 3.532182e+02 3.269213e+02 1.237092e+04 2.629688e+01 0.000000e+00 -1.217487e+04 
4.953652e+15 1.196071e-02 1.247646e+01 2.097879e+04 3.927317e-11 5.341760e+14 1.000000e-02 3.777477e+02 3.497868e+02 1.301697e+04 2.796085e+01 0.000000e+00 -1.280978e+04 
5.267350e+15 6.732258e-03 1.215242e+01 2.070456e+04 3.581815e-11 5.780467e+14 1.000000e-02 4.033797e+02 3.736491e+02 1.369318e+04 2.973060e+01 0.000000e+00 -1.347372e+04 
5.600913e+15 3.685128e-03 1.183679e+01 2.043393e+04 3.266688e-11 6.255242e+14 1.000000e-02 4.301404e+02 3.985277e+02 1.440031e+04 3.161272e+01 0.000000e+00 -1.416755e+04 
5.955600e+15 1.960479e-03 1.152937e+01 2.016682e+04 2.979274e-11 6.769040e+14 1.000000e-02 4.580570e+02 4.244427e+02 1.513914e+04 3.361424e+01 0.000000e+00 -1.489211e+04 
6.332747e+15 1.013062e-03 1.122993e+01 1.990321e+04 2.717140e-11 7.325059e+14 1.000000e-02 4.871544e+02 4.514118e+02 1.591040e+04 3.574266e+01 0.000000e+00 -1.564822e+04 
6.733779e+15 5.082121e-04 1.093826e+01 1.964305e+04 2.478067e-11 7.926764e+14 1.000000e-02 5.174560e+02 4.794501e+02 1.671463e+04 3.800596e+01 0.000000e+00 -1.643646e+04 
7.160206e+15 2.473806e-04 1.065418e+01 1.938629e+04 2.260027e-11 8.577902e+14 1.000000e-02 5.489256e+02 5.085130e+02 1.755148e+04 4.041265e+01 0.000000e+00 -1.725656e+04 
7.613637e+15 1.168378e-04 1.037746e+01 1.913288e+04 2.061170e-11 9.282533e+14 1.000000e-02 5.815605e+02 5.385887e+02 1.841781e+04 4.297179e+01 0.000000e+00 -1.810540e+04 
8.095782e+15 5.346455e-05 1.010794e+01 1.888279e+04 1.879810e-11 1.004505e+15 1.000000e-02 6.140884e+02 5.683954e+02 1.932852e+04 4.569302e+01 0.000000e+00 -1.899855e+04 
8.608461e+15 2.360032e-05 1.000000e+01 1.878169e+04 1.714408e-11 1.095521e+15 1.000000e-02 6.485467e+02 5.999601e+02 2.049890e+04 4.858658e+01 0.000000e+00 -2.015029e+04 
9.153605e+15 1.008191e-05 1.000000e+01 1.878169e+04 1.563558e-11 1.201215e+15 1.000000e-02 6.932015e+02 6.415381e+02 2.192993e+04 5.166339e+01 0.000000e+00 -2.155748e+04 
9.733271e+15 4.200612e-06 1.000000e+01 1.878169e+04 1.425982e-11 1.317106e+15 1.000000e-02 7.427131e+02 6.877780e+02 2.337747e+04 5.493505e+01 0.000000e+00 -2.297864e+04 
1.034965e+16 1.709201e-06 1.000000e+01 1.878169e+04 1.300511e-11 1.444178e+15 1.000000e-02 7.940021e+02 7.355882e+02 2.487308e+04 5.841390e+01 0.000000e+00 -2.444687e+04 
1.100505e+16 6.789506e-07 1.000000e+01 1.878169e+04 1.186080e-11 1.583509e+15 1.000000e-02 8.485210e+02 7.864080e+02 2.646267e+04 6.211305e+01 0.000000e+00 -2.600735e+04 
1.170197e+16 2.633740e-07 1.000000e+01 1.878169e+04 1.081718e-11 1.736283e+15 1.000000e-02 9.058907e+02 8.398443e+02 2.813356e+04 6.604646e+01 0.000000e+00 -2.764759e+04 
1.244301e+16 9.977463e-08 1.000000e+01 1.878169e+04 9.865388e-12 1.903797e+15 1.000000e-02 9.664806e+02 8.962516e+02 2.989693e+04 7.022895e+01 0.000000e+00 -2.937858e+04 
1.323098e+16 3.691826e-08 1.000000e+01 1.878169e+04 8.997340e-12 2.087472e+15 1.000000e-02 1.030372e+03 9.556959e+02 3.175478e+04 7.467631e+01 0.000000e+00 -3.120225e+04 
1.406886e+16 1.334391e-08 1.000000e+01 1.878169e+04 8.205672e-12 2.288867e+15 1.000000e-02 1.097773e+03 1.018368e+03 3.371303e+04 7.940531e+01 0.000000e+00 -3.312444e+04 
1.495979e+16 4.711915e-09 1.000000e+01 1.878169e+04 7.483662e-12 2.509693e+15 1.000000e-02 1.168854e+03 1.084420e+03 3.577642e+04 8.443377e+01 0.000000e+00 -3.514977e+04 
1.590714e+16 1.625677e-09 1.000000e+01 1.878169e+04 6.825181e-12 2.751824e+15 1.000000e-02 1.243813e+03 1.154032e+03 3.795049e+04 8.978067e+01 0.000000e+00 -3.728370e+04 
1.691449e+16 5.480800e-10 1.000000e+01 1.878169e+04 6.224639e-12 3.017315e+15 1.000000e-02 1.322850e+03 1.227384e+03 4.024086e+04 9.546618e+01 0.000000e+00 -3.953170e+04 
1.798562e+16 1.805825e-10 1.000000e+01 1.878169e+04 5.676938e-12 3.308420e+15 1.000000e-02 1.406179e+03 1.304668e+03 4.265349e+04 1.015117e+02 0.000000e+00 -4.189965e+04 
1.912459e+16 5.815392e-11 1.000000e+01 1.878169e+04 5.177429e-12 3.627610e+15 1.000000e-02 1.494025e+03 1.386085e+03 4.519462e+04 1.079401e+02 0.000000e+00 -4.439363e+04 
2.033569e+16 1.830638e-11 1.000000e+01 1.878169e+04 4.721871e-12 3.977595e+15 1.000000e-02 1.586623e+03 1.471847e+03 4.787079e+04 1.147756e+02 0.000000e+00 -4.702010e+04 
2.162348e+16 5.633713e-12 1.000000e+01 1.878169e+04 4.306398e-12 4.361346e+15 1.000000e-02 1.684220e+03 1.562176e+03 5.068890e+04 1.220439e+02 0.000000e+00 -4.978577e+04 
2.299282e+16 1.695132e-12 1.000000e+01 1.878169e+04 3.927482e-12 4.782121e+15 1.000000e-02 1.787076e+03 1.657304e+03 5.365616e+04 1.297726e+02 0.000000e+00 -5.269774e+04 
2.444887e+16 4.987421e-13 1.000000e+01 1.878169e+04 3.581906e-12 5.243492e+15 1.000000e-02 1.895465e+03 1.757475e+03 5.678013e+04 1.379906e+02 0.000000e+00 -5.576340e+04 
2.599714e+16 1.435027e-13 1.000000e+01 1.878169e+04 3.266737e-12 5.749374e+15 1.000000e-02 2.009671e+03 1.862941e+03 6.006865e+04 1.467291e+02 0.000000e+00 -5.899045e+04 
2.764344e+16 4.038337e-14 1.000000e+01 1.878169e+04 2.979299e-12 6.304064e+15 1.000000e-02 2.129998e+03 1.973977e+03 6.353016e+04 1.560209e+02 0.000000e+00 -6.238715e+04 
2.939401e+16 1.111594e-14 1.000000e+01 1.878169e+04 2.717153e-12 6.912268e+15 1.000000e-02 2.256778e+03 2.090877e+03 6.717387e+04 1.659012e+02 0.000000e+00 -6.596253e+04 
3.125543e+16 2.993208e-15 1.000000e+01 1.878169e+04 2.478073e-12 7.579152e+15 1.000000e-02 2.390330e+03 2.213923e+03 7.100848e+04 1.764072e+02 0.000000e+00 -6.972511e+04 
3.323473e+16 7.885316e-16 1.000000e+01 1.878169e+04 2.260030e-12 8.310374e+15 1.000000e-02 2.531007e+03 2.343429e+03 7.504374e+04 1.875784e+02 0.000000e+00 -7.368445e+04 
3.533937e+16 2.032531e-16 1.000000e+01 1.878169e+04 2.061172e-12 9.112144e+15 1.000000e-02 2.679174e+03 2.479717e+03 7.928967e+04 1.994571e+02 0.000000e+00 -7.785035e+04 
3.757729e+16 5.126690e-17 1.000000e+01 1.878169e+04 1.879811e-12 9.991268e+15 1.000000e-02 2.835201e+03 2.623113e+03 8.375637e+04 2.120880e+02 0.000000e+00 -8.223272e+04 
3.995693e+16 1.265528e-17 1.000000e+01 1.878169e+04 1.714408e-12 1.095521e+16 1.000000e-02 2.999412e+03 2.773893e+03 8.845273e+04 2.255189e+02 0.000000e+00 -8.684027e+04 
4.248727e+16 3.058048e-18 1.000000e+01 1.878169e+04 1.563559e-12 1.201215e+16 1.000000e-02 3.171878e+03 2.932078e+03 9.337909e+04 2.398002e+02 0.000000e+00 -9.167325e+04 
4.517784e+16 7.234398e-19 1.000000e+01 1.878169e+04 1.425982e-12 1.317106e+16 1.000000e-02 3.352690e+03 3.097704e+03 9.854434e+04 2.549859e+02 0.000000e+00 -9.674050e+04 
4.803880e+16 1.680828e-19 1.000000e+01 1.878169e+04 1.300511e-12 1.444178e+16 1.000000e-02 3.534222e+03 3.263089e+03 1.036816e+05 2.711333e+02 0.000000e+00 -1.017790e+05 
5.108093e+16 3.804188e-20 1.000000e+01 1.878169e+04 1.186080e-12 1.583509e+16 1.000000e-02 3.991418e+03 3.703115e+03 1.147732e+05 2.883032e+02 0.000000e+00 -1.126334e+05 
5.431571e+16 3.648738e-21 1.000000e+01 1.878169e+04 1.081718e-12 1.736283e+16 0.000000e+00 3.065605e+02 0.000000e+00 0.000000e+00 3.065605e+02 0.000000e+00 0.000000e+00 
5.775534e+16 3.213338e-23 1.000000e+01 1.878169e+04 9.865388e-13 1.903797e+16 0.000000e+00 3.259739e+02 0.000000e+00 0.000000e+00 3.259739e+02 0.000000e+00 0.000000e+00 
6.141279e+16 2.241318e-25 1.000000e+01 1.878169e+04 8.997340e-13 2.087472e+16 0.000000e+00 3.466167e+02 0.000000e+00 0.000000e+00 3.466167e+02 0.000000e+00 0.000000e+00 
6.530185e+16 1.433310e-27 1.000000e+01 1.878169e+04 8.205672e-13 2.288867e+16 0.000000e+00 3.685668e+02 0.000000e+00 0.000000e+00 3.685668e+02 0.000000e+00 0.000000e+00 
6.943719e+16 9.356548e-30 1.000000e+01 1.878169e+04 7.483662e-13 2.509693e+16 0.000000e+00 3.919069e+02 0.000000e+00 0.000000e+00 3.919069e+02 0.000000e+00 0.000000e+00 
7.383441e+16 6.432898e-32 1.000000e+01 1.878169e+04 6.825181e-13 2.751824e+16 0.000000e+00 4.167250e+02 0.000000e+00 0.000000e+00 4.167250e+02 0.000000e+00 0.000000e+00 
7.851009e+16 4.548300e-34 1.000000e+01 1.878169e+04 6.224639e-13 3.017315e+16 0.000000e+00 4.431147e+02 0.000000e+00 0.000000e+00 4.431147e+02 0.000000e+00 0.000000e+00 
8.348187e+16 3.224491e-36 1.000000e+01 1.878169e+04 5.676938e-13 3.308420e+16 0.000000e+00 4.711757e+02 0.000000e+00 0.000000e+00 4.711757e+02 0.000000e+00 0.000000e+00 
8.876849e+16 2.274802e-38 1.000000e+01 1.878169e+04 5.177429e-13 3.627610e+16 0.000000e+00 5.010136e+02 0.000000e+00 0.000000e+00 5.010136e+02 0.000000e+00 0.000000e+00 
9.438989e+16 1.601194e-40 1.000000e+01 1.878169e+04 4.721871e-13 3.977595e+16 0.000000e+00 5.327411e+02 0.000000e+00 0.000000e+00 5.327411e+02 0.000000e+00 0.000000e+00 
1.003673e+17 1.128957e-42 1.000000e+01 1.878169e+04 4.306398e-13 4.361346e+16 0.000000e+00 5.664778e+02 0.000000e+00 0.000000e+00 5.664778e+02 0.000000e+00 0.000000e+00 
1.067232e+17 7.988460e-45 1.000000e+01 1.878169e+04 3.927482e-13 4.782121e+16 0.000000e+00 6.023508e+02 0.000000e+00 0.000000e+00 6.023508e+02 0.000000e+00 0.000000e+00 
1.134816e+17 5.673767e-47 1.000000e+01 1.878169e+04 3.581906e-13 5.243492e+16 0.000000e+00 6.404957e+02 0.000000e+00 0.000000e+00 6.404957e+02 0.000000e+00 0.000000e+00 
1.206680e+17 4.043423e-49 1.000000e+01 1.878169e+04 3.266737e-13 5.749374e+16 0.000000e+00 6.810561e+02 0.000000e+00 0.000000e+00 6.810561e+02 0.000000e+00 0.000000e+00 
1.283095e+17 2.890797e-51 1.000000e+01 1.878169e+04 2.979299e-13 6.304064e+16 0.000000e+00 7.241850e+02 0.000000e+00 0.000000e+00 7.241850e+02 0.000000e+00 0.000000e+00 
1.364349e+17 2.073549e-53 1.000000e+01 1.878169e+04 2.717153e-13 6.912268e+16 0.000000e+00 7.700451e+02 0.000000e+00 0.000000e+00 7.700451e+02 0.000000e+00 0.000000e+00 
1.450749e+17 1.504856e-55 1.000000e+01 1.878169e+04 2.478073e-13 7.579152e+16 0.000000e+00 8.188095e+02 0.000000e+00 0.000000e+00 8.188095e+02 0.000000e+00 0.000000e+00 
