time(s)          = 2.429883e+13
time(solar year) = 7.700000e+05
star mass (g)    = 2.413302e+33
star mass (Msun) = 1.213690e+00
total mass (g)   = 2.709558e+33
mdot (g/s)       = 1.869566e+18
mdot (Msun/yr)   = 2.967098e-08
1.542620e+13 4.014312e+02 1.480393e+02 7.226421e+04 2.094667e-07 3.449914e+11 1.000000e-02 -4.911850e+01 -4.911875e+01 6.841663e+02 2.468850e-04 1.647456e-311 -7.086434e+02 
1.640308e+13 3.995856e+02 1.441944e+02 7.131961e+04 1.910374e-07 3.733279e+11 1.000000e-02 -4.821982e+01 -4.822061e+01 1.462215e+03 7.944875e-04 1.006385e-311 -1.486123e+03 
1.744183e+13 3.972048e+02 1.404494e+02 7.038736e+04 1.742298e-07 4.039915e+11 1.000000e-02 -4.747935e+01 -4.748077e+01 1.491418e+03 1.424991e-03 6.883503e-312 -1.514926e+03 
1.854637e+13 3.939954e+02 1.368016e+02 6.946729e+04 1.589011e-07 4.371731e+11 1.000000e-02 -4.674519e+01 -4.674734e+01 1.522471e+03 2.146903e-03 6.347187e-312 -1.545578e+03 
1.972084e+13 3.902469e+02 1.332486e+02 6.855925e+04 1.449212e-07 4.730796e+11 1.000000e-02 -4.609651e+01 -4.609948e+01 1.550156e+03 2.969349e-03 5.857178e-312 -1.572901e+03 
2.096970e+13 3.858748e+02 1.297879e+02 6.766309e+04 1.321714e-07 5.119344e+11 1.000000e-02 -4.546986e+01 -4.547376e+01 1.578120e+03 3.902270e-03 5.411452e-312 -1.600510e+03 
2.229764e+13 3.810217e+02 1.264170e+02 6.677863e+04 1.205435e-07 5.539796e+11 1.000000e-02 -4.489427e+01 -4.489923e+01 1.604326e+03 4.956375e-03 5.003406e-312 -1.626380e+03 
2.370967e+13 3.756802e+02 1.231337e+02 6.590574e+04 1.099387e-07 5.994770e+11 1.000000e-02 -4.434180e+01 -4.434795e+01 1.630314e+03 6.143262e-03 4.629750e-312 -1.652040e+03 
2.521112e+13 3.699317e+02 1.199357e+02 6.504426e+04 1.002671e-07 6.487099e+11 1.000000e-02 -4.382239e+01 -4.382987e+01 1.655296e+03 7.475431e-03 4.286270e-312 -1.676704e+03 
2.680766e+13 3.637959e+02 1.168207e+02 6.419403e+04 9.144649e-08 7.019846e+11 1.000000e-02 -4.332287e+01 -4.333184e+01 1.679952e+03 8.966375e-03 3.970729e-312 -1.701045e+03 
2.850529e+13 3.573269e+02 1.137866e+02 6.335492e+04 8.340203e-08 7.596329e+11 1.000000e-02 -4.284596e+01 -4.285659e+01 1.703986e+03 1.063062e-02 3.679775e-312 -1.724768e+03 
3.031043e+13 3.505527e+02 1.108314e+02 6.252678e+04 7.606542e-08 8.220133e+11 1.000000e-02 -4.238490e+01 -4.239738e+01 1.727716e+03 1.248383e-02 3.411344e-312 -1.748187e+03 
3.222989e+13 3.435140e+02 1.079529e+02 6.170947e+04 6.937437e-08 8.895139e+11 1.000000e-02 -4.193976e+01 -4.195430e+01 1.751042e+03 1.454281e-02 3.163564e-312 -1.771201e+03 
3.427090e+13 3.362399e+02 1.051491e+02 6.090284e+04 6.327208e-08 9.625547e+11 1.000000e-02 -4.150672e+01 -4.152354e+01 1.774123e+03 1.682567e-02 2.934572e-312 -1.793967e+03 
3.644116e+13 3.287636e+02 1.024182e+02 6.010675e+04 5.770674e-08 1.041590e+12 1.000000e-02 -4.108494e+01 -4.110429e+01 1.796937e+03 1.935182e-02 2.722670e-312 -1.816461e+03 
3.874885e+13 3.211126e+02 9.975815e+01 5.932107e+04 5.263110e-08 1.127110e+12 1.000000e-02 -4.067202e+01 -4.069416e+01 1.819570e+03 2.214213e-02 2.526331e-312 -1.838767e+03 
4.120268e+13 3.133153e+02 9.716723e+01 5.854565e+04 4.800208e-08 1.219648e+12 1.000000e-02 -4.026688e+01 -4.029210e+01 1.842031e+03 2.521895e-02 2.344305e-312 -1.860892e+03 
4.381191e+13 3.053969e+02 9.464360e+01 5.778038e+04 4.378038e-08 1.319778e+12 1.000000e-02 -3.986783e+01 -3.989644e+01 1.864371e+03 2.860624e-02 2.175855e-312 -1.882885e+03 
4.658637e+13 2.973821e+02 9.218552e+01 5.702510e+04 3.993014e-08 1.428122e+12 1.000000e-02 -3.947379e+01 -3.950612e+01 1.886608e+03 3.232966e-02 2.019362e-312 -1.904763e+03 
4.953652e+13 2.892934e+02 8.979127e+01 5.627970e+04 3.641870e-08 1.545352e+12 1.000000e-02 -3.908344e+01 -3.911986e+01 1.908779e+03 3.641667e-02 1.873882e-312 -1.926560e+03 
5.267350e+13 2.811527e+02 8.745921e+01 5.554405e+04 3.321622e-08 1.672196e+12 1.000000e-02 -3.869575e+01 -3.873665e+01 1.930903e+03 4.089661e-02 1.739093e-312 -1.948294e+03 
5.600913e+13 2.729799e+02 8.518772e+01 5.481801e+04 3.029553e-08 1.809442e+12 1.000000e-02 -3.830960e+01 -3.835540e+01 1.953009e+03 4.580086e-02 1.613499e-312 -1.969990e+03 
5.955600e+13 2.647941e+02 8.297522e+01 5.410146e+04 2.763184e-08 1.957939e+12 1.000000e-02 -3.792400e+01 -3.797517e+01 1.975115e+03 5.116292e-02 1.496891e-312 -1.991666e+03 
6.332747e+13 2.566130e+02 8.082018e+01 5.339427e+04 2.520252e-08 2.118609e+12 1.000000e-02 -3.753795e+01 -3.759497e+01 1.997247e+03 5.701852e-02 1.388177e-312 -2.013345e+03 
6.733779e+13 2.484532e+02 7.872112e+01 5.269633e+04 2.298695e-08 2.292446e+12 1.000000e-02 -3.715049e+01 -3.721389e+01 2.019424e+03 6.340579e-02 1.287093e-312 -2.035043e+03 
7.160206e+13 2.403302e+02 7.667657e+01 5.200751e+04 2.096632e-08 2.480527e+12 1.000000e-02 -3.676062e+01 -3.683099e+01 2.041668e+03 7.036533e-02 1.192985e-312 -2.056779e+03 
7.613637e+13 2.322584e+02 7.468513e+01 5.132770e+04 1.912348e-08 2.684015e+12 1.000000e-02 -3.636741e+01 -3.644535e+01 2.063998e+03 7.794039e-02 1.105307e-312 -2.078571e+03 
8.095782e+13 2.242510e+02 7.274540e+01 5.065677e+04 1.744278e-08 2.904169e+12 1.000000e-02 -3.596986e+01 -3.605604e+01 2.086435e+03 8.617698e-02 1.023327e-312 -2.100436e+03 
8.608461e+13 2.163205e+02 7.085606e+01 4.999462e+04 1.590995e-08 3.142348e+12 1.000000e-02 -3.556698e+01 -3.566211e+01 2.109000e+03 9.512405e-02 9.468971e-313 -2.122392e+03 
9.153605e+13 2.084782e+02 6.901578e+01 4.934111e+04 1.451199e-08 3.400024e+12 1.000000e-02 -3.515776e+01 -3.526259e+01 2.131713e+03 1.048336e-01 8.755816e-313 -2.144457e+03 
9.733271e+13 2.007346e+02 6.722330e+01 4.869615e+04 1.323702e-08 3.678786e+12 1.000000e-02 -3.474113e+01 -3.485650e+01 2.154596e+03 1.153608e-01 8.090840e-313 -2.166648e+03 
1.034965e+14 1.930991e+02 6.547737e+01 4.805962e+04 1.207421e-08 3.980353e+12 1.000000e-02 -3.431603e+01 -3.444279e+01 2.177672e+03 1.267643e-01 7.465963e-313 -2.188985e+03 
1.100505e+14 1.855806e+02 6.377679e+01 4.743142e+04 1.101371e-08 4.306580e+12 1.000000e-02 -3.388130e+01 -3.402041e+01 2.200962e+03 1.391061e-01 6.884336e-313 -2.211485e+03 
1.170197e+14 1.781867e+02 6.212038e+01 4.681142e+04 1.004650e-08 4.659477e+12 1.000000e-02 -3.343578e+01 -3.358823e+01 2.224490e+03 1.524521e-01 6.337444e-313 -2.234170e+03 
1.244301e+14 1.709248e+02 6.050699e+01 4.619953e+04 9.164369e-09 5.041212e+12 1.000000e-02 -3.297822e+01 -3.314509e+01 2.248282e+03 1.668720e-01 5.824894e-313 -2.257060e+03 
1.323098e+14 1.638010e+02 5.893550e+01 4.559563e+04 8.359838e-09 5.454128e+12 1.000000e-02 -3.250732e+01 -3.268976e+01 2.272362e+03 1.824395e-01 5.344974e-313 -2.280176e+03 
1.406886e+14 1.568211e+02 5.740483e+01 4.499963e+04 7.626075e-09 5.900759e+12 1.000000e-02 -3.202172e+01 -3.222095e+01 2.296759e+03 1.992325e-01 4.891019e-313 -2.303542e+03 
1.495979e+14 1.499900e+02 5.591391e+01 4.441142e+04 6.956850e-09 6.383841e+12 1.000000e-02 -3.151997e+01 -3.173730e+01 2.321502e+03 2.173333e-01 4.467132e-313 -2.327182e+03 
1.590714e+14 1.433120e+02 5.446171e+01 4.383090e+04 6.346483e-09 6.906328e+12 1.000000e-02 -3.100052e+01 -3.123735e+01 2.346622e+03 2.368288e-01 4.067519e-313 -2.351122e+03 
1.691449e+14 1.367909e+02 5.304723e+01 4.325797e+04 5.789795e-09 7.471415e+12 1.000000e-02 -3.046180e+01 -3.071961e+01 2.372150e+03 2.578106e-01 3.688623e-313 -2.375390e+03 
1.798562e+14 1.304299e+02 5.166948e+01 4.269252e+04 5.282061e-09 8.082550e+12 1.000000e-02 -2.990202e+01 -3.018240e+01 2.398122e+03 2.803752e-01 3.333455e-313 -2.400016e+03 
1.912459e+14 1.242315e+02 5.032752e+01 4.213447e+04 4.818972e-09 8.743457e+12 1.000000e-02 -2.931948e+01 -2.962410e+01 2.424575e+03 3.046245e-01 2.994073e-313 -2.425031e+03 
2.033569e+14 1.181980e+02 4.902041e+01 4.158371e+04 4.396598e-09 9.458157e+12 1.000000e-02 -2.871207e+01 -2.904273e+01 2.451549e+03 3.306652e-01 2.675326e-313 -2.450472e+03 
2.162348e+14 1.123310e+02 4.774725e+01 4.104015e+04 4.011356e-09 1.023099e+13 1.000000e-02 -2.807800e+01 -2.843661e+01 2.479086e+03 3.586100e-01 2.372561e-313 -2.476373e+03 
2.299282e+14 1.066318e+02 4.650716e+01 4.050370e+04 3.659977e-09 1.106665e+13 1.000000e-02 -2.741469e+01 -2.780327e+01 2.507233e+03 3.885769e-01 2.087347e-313 -2.502777e+03 
2.444887e+14 1.011012e+02 4.529928e+01 3.997425e+04 3.339480e-09 1.197020e+13 1.000000e-02 -2.672041e+01 -2.714110e+01 2.536037e+03 4.206900e-01 1.812466e-313 -2.529727e+03 
2.599714e+14 9.573981e+01 4.412276e+01 3.945173e+04 3.047148e-09 1.294710e+13 1.000000e-02 -2.599182e+01 -2.644689e+01 2.565554e+03 4.550794e-01 1.552010e-313 -2.557272e+03 
2.764344e+14 9.054751e+01 4.297680e+01 3.893604e+04 2.780501e-09 1.400325e+13 1.000000e-02 -2.522753e+01 -2.571942e+01 2.595836e+03 4.918815e-01 1.304823e-313 -2.585460e+03 
2.939401e+14 8.552465e+01 4.186061e+01 3.842709e+04 2.537278e-09 1.514501e+13 1.000000e-02 -2.442295e+01 -2.495419e+01 2.626951e+03 5.312391e-01 1.064587e-313 -2.614354e+03 
3.125543e+14 8.067005e+01 4.077340e+01 3.792479e+04 2.315416e-09 1.637925e+13 1.000000e-02 -2.357764e+01 -2.415094e+01 2.658957e+03 5.733019e-01 8.362978e-314 -2.644008e+03 
3.323473e+14 7.598404e+01 3.971444e+01 3.742906e+04 2.113037e-09 1.771340e+13 1.000000e-02 -2.268480e+01 -2.330303e+01 2.691934e+03 6.182263e-01 6.175090e-314 -2.674497e+03 
3.533937e+14 7.146429e+01 3.868297e+01 3.693981e+04 1.928423e-09 1.915545e+13 1.000000e-02 -2.174604e+01 -2.241222e+01 2.725952e+03 6.661761e-01 4.055388e-314 -2.705889e+03 
3.757729e+14 6.711152e+01 3.767830e+01 3.645695e+04 1.760013e-09 2.071403e+13 1.000000e-02 -2.075086e+01 -2.146818e+01 2.761099e+03 7.173224e-01 1.982029e-314 -2.738264e+03 
3.995693e+14 6.292197e+01 3.669971e+01 3.598041e+04 1.606378e-09 2.239847e+13 1.000000e-02 -1.970464e+01 -2.047648e+01 2.797468e+03 7.718440e-01 0.000000e+00 -2.771721e+03 
4.248727e+14 5.889726e+01 3.574655e+01 3.551009e+04 1.466219e-09 2.421882e+13 1.000000e-02 -1.859095e+01 -1.942088e+01 2.835138e+03 8.299281e-01 0.000000e+00 -2.806328e+03 
4.517784e+14 5.503175e+01 3.481814e+01 3.504592e+04 1.338349e-09 2.618593e+13 1.000000e-02 -1.742133e+01 -1.831310e+01 2.874261e+03 8.917699e-01 0.000000e+00 -2.842247e+03 
4.803880e+14 5.132865e+01 3.391384e+01 3.458782e+04 1.221687e-09 2.831152e+13 1.000000e-02 -1.617081e+01 -1.712838e+01 2.914861e+03 9.575739e-01 0.000000e+00 -2.879488e+03 
5.108093e+14 4.777988e+01 3.303303e+01 3.413571e+04 1.115246e-09 3.060824e+13 1.000000e-02 -1.485926e+01 -1.588682e+01 2.957225e+03 1.027554e+00 0.000000e+00 -2.918357e+03 
5.431571e+14 4.439082e+01 3.217509e+01 3.368951e+04 1.018126e-09 3.308972e+13 1.000000e-02 -1.345171e+01 -1.455365e+01 3.001210e+03 1.101933e+00 0.000000e+00 -2.958696e+03 
5.775534e+14 4.115062e+01 3.133944e+01 3.324914e+04 9.295073e-10 3.577071e+13 1.000000e-02 -1.197569e+01 -1.315663e+01 3.047412e+03 1.180945e+00 0.000000e+00 -3.001124e+03 
6.141279e+14 3.806697e+01 3.052549e+01 3.281452e+04 8.486415e-10 3.866712e+13 1.000000e-02 -1.039037e+01 -1.165521e+01 3.095285e+03 1.264837e+00 0.000000e+00 -3.045084e+03 
6.530185e+14 3.512671e+01 2.973268e+01 3.238559e+04 7.748465e-10 4.179614e+13 1.000000e-02 -8.720494e+00 -1.007436e+01 3.146058e+03 1.353865e+00 0.000000e+00 -3.091824e+03 
6.943719e+14 3.233866e+01 2.896047e+01 3.196226e+04 7.075002e-10 4.517633e+13 1.000000e-02 -6.939103e+00 -8.387405e+00 3.198369e+03 1.448301e+00 0.000000e+00 -3.139994e+03 
7.383441e+14 2.968965e+01 2.820830e+01 3.154447e+04 6.460354e-10 4.882777e+13 1.000000e-02 -5.034376e+00 -6.582807e+00 3.254601e+03 1.548431e+00 0.000000e+00 -3.191964e+03 
7.851009e+14 2.718590e+01 2.747568e+01 3.113214e+04 5.899350e-10 5.277215e+13 1.000000e-02 -3.046055e+00 -4.700610e+00 3.311981e+03 1.654555e+00 0.000000e+00 -3.245043e+03 
8.348187e+14 2.481980e+01 2.676208e+01 3.072520e+04 5.387274e-10 5.703291e+13 1.000000e-02 -8.474154e-01 -2.614408e+00 3.374654e+03 1.766992e+00 0.000000e+00 -3.303263e+03 
8.876849e+14 2.258722e+01 2.606701e+01 3.032357e+04 4.919826e-10 6.163546e+13 1.000000e-02 1.303107e+00 -5.829740e-01 3.437098e+03 1.886081e+00 0.000000e+00 -3.361383e+03 
9.438989e+14 2.049880e+01 2.539000e+01 2.992720e+04 4.493086e-10 6.660723e+13 1.000000e-02 3.472349e+00 1.460168e+00 3.498327e+03 2.012181e+00 0.000000e+00 -3.418402e+03 
1.003673e+15 1.854409e+01 2.473057e+01 2.953601e+04 4.103483e-10 7.197790e+13 1.000000e-02 5.852344e+00 3.706666e+00 3.565316e+03 2.145678e+00 0.000000e+00 -3.481095e+03 
1.067232e+15 1.672021e+01 2.408827e+01 2.914993e+04 3.747758e-10 7.777964e+13 1.000000e-02 8.342381e+00 6.055399e+00 3.634930e+03 2.286982e+00 0.000000e+00 -3.546477e+03 
1.134816e+15 1.502371e+01 2.346265e+01 2.876890e+04 3.422943e-10 8.404726e+13 1.000000e-02 1.100747e+01 8.570934e+00 3.708594e+03 2.436533e+00 0.000000e+00 -3.615944e+03 
1.206680e+15 1.344865e+01 2.285327e+01 2.839285e+04 3.126330e-10 9.081847e+13 1.000000e-02 1.383854e+01 1.124374e+01 3.786740e+03 2.594801e+00 0.000000e+00 -3.689969e+03 
1.283095e+15 1.199227e+01 2.225973e+01 2.802171e+04 2.855449e-10 9.813417e+13 1.000000e-02 1.684351e+01 1.408122e+01 3.868848e+03 2.762291e+00 0.000000e+00 -3.768076e+03 
1.364349e+15 1.064883e+01 2.168160e+01 2.765543e+04 2.608051e-10 1.060387e+14 1.000000e-02 2.004748e+01 1.710793e+01 3.956271e+03 2.939546e+00 0.000000e+00 -3.851627e+03 
1.450749e+15 9.414760e+00 2.111848e+01 2.729393e+04 2.382084e-10 1.145801e+14 1.000000e-02 2.344505e+01 2.031790e+01 4.048341e+03 3.127154e+00 0.000000e+00 -3.940012e+03 
1.542620e+15 8.284895e+00 2.056999e+01 2.693716e+04 2.175676e-10 1.238105e+14 1.000000e-02 2.706553e+01 2.373979e+01 4.146242e+03 3.325745e+00 0.000000e+00 -4.034426e+03 
1.640308e+15 7.254931e+00 2.003575e+01 2.658505e+04 1.987124e-10 1.337866e+14 1.000000e-02 3.090879e+01 2.737279e+01 4.249721e+03 3.536000e+00 0.000000e+00 -4.134668e+03 
1.744183e+15 6.319941e+00 1.951538e+01 2.623755e+04 1.814872e-10 1.445696e+14 1.000000e-02 3.499911e+01 3.124045e+01 4.359599e+03 3.758658e+00 0.000000e+00 -4.241577e+03 
1.854637e+15 5.475194e+00 1.900852e+01 2.589458e+04 1.657503e-10 1.562264e+14 1.000000e-02 3.934487e+01 3.535036e+01 4.476018e+03 3.994512e+00 0.000000e+00 -4.355334e+03 
1.972084e+15 4.715748e+00 1.851483e+01 2.555610e+04 1.513725e-10 1.688292e+14 1.000000e-02 4.396608e+01 3.972166e+01 4.599567e+03 4.244423e+00 0.000000e+00 -4.476547e+03 
2.096970e+15 4.036641e+00 1.803397e+01 2.522205e+04 1.382359e-10 1.824566e+14 1.000000e-02 4.887735e+01 4.436803e+01 4.730621e+03 4.509317e+00 0.000000e+00 -4.605617e+03 
2.229764e+15 3.432835e+00 1.756559e+01 2.489236e+04 1.262330e-10 1.971938e+14 1.000000e-02 5.409740e+01 4.930720e+01 4.869690e+03 4.790195e+00 0.000000e+00 -4.743067e+03 
2.370967e+15 2.899251e+00 1.710937e+01 2.456698e+04 1.152658e-10 2.131333e+14 1.000000e-02 5.964448e+01 5.455634e+01 5.017263e+03 5.088135e+00 0.000000e+00 -4.889393e+03 
2.521112e+15 2.430789e+00 1.666501e+01 2.424586e+04 1.052450e-10 2.303754e+14 1.000000e-02 6.553813e+01 6.013383e+01 5.173857e+03 5.404295e+00 0.000000e+00 -5.045110e+03 
2.680766e+15 2.022355e+00 1.623218e+01 2.392893e+04 9.608897e-11 2.490289e+14 1.000000e-02 7.179888e+01 6.605896e+01 5.340016e+03 5.739920e+00 0.000000e+00 -5.210750e+03 
2.850529e+15 1.668890e+00 1.581060e+01 2.361614e+04 8.772329e-11 2.692118e+14 1.000000e-02 7.844792e+01 7.235157e+01 5.516297e+03 6.096344e+00 0.000000e+00 -5.386843e+03 
3.031043e+15 1.365401e+00 1.539997e+01 2.330744e+04 8.008004e-11 2.910519e+14 1.000000e-02 8.550754e+01 7.903254e+01 5.703285e+03 6.474995e+00 0.000000e+00 -5.573938e+03 
3.222989e+15 1.107003e+00 1.500000e+01 2.300278e+04 7.309717e-11 3.146877e+14 1.000000e-02 9.300070e+01 8.612331e+01 5.901578e+03 6.877395e+00 0.000000e+00 -5.772582e+03 
3.427090e+15 8.889513e-01 1.461042e+01 2.270210e+04 6.671806e-11 3.402692e+14 1.000000e-02 1.009513e+02 9.364610e+01 6.111801e+03 7.305169e+00 0.000000e+00 -5.983333e+03 
3.644116e+15 7.066810e-01 1.423096e+01 2.240535e+04 6.089095e-11 3.679587e+14 1.000000e-02 1.093838e+02 1.016237e+02 6.334590e+03 7.760041e+00 0.000000e+00 -6.206753e+03 
3.874885e+15 5.558426e-01 1.386135e+01 2.211248e+04 5.556854e-11 3.979317e+14 1.000000e-02 1.183234e+02 1.100796e+02 6.570605e+03 8.243843e+00 0.000000e+00 -6.443408e+03 
4.120268e+15 4.323358e-01 1.350134e+01 2.182344e+04 5.070761e-11 4.303780e+14 1.000000e-02 1.277959e+02 1.190374e+02 6.820518e+03 8.758516e+00 0.000000e+00 -6.693872e+03 
4.381191e+15 3.323388e-01 1.315069e+01 2.153818e+04 4.626860e-11 4.655031e+14 1.000000e-02 1.378273e+02 1.285212e+02 7.085015e+03 9.306112e+00 0.000000e+00 -6.958725e+03 
4.658637e+15 2.523324e-01 1.280914e+01 2.125664e+04 4.221536e-11 5.035286e+14 1.000000e-02 1.484439e+02 1.385551e+02 7.364790e+03 9.888802e+00 0.000000e+00 -7.238549e+03 
4.953652e+15 1.891170e-01 1.247646e+01 2.097879e+04 3.851479e-11 5.446943e+14 1.000000e-02 1.596712e+02 1.491623e+02 7.660532e+03 1.050888e+01 0.000000e+00 -7.533926e+03 
5.267350e+15 1.398244e-01 1.215242e+01 2.070456e+04 3.513660e-11 5.892592e+14 1.000000e-02 1.715352e+02 1.603664e+02 7.972918e+03 1.116875e+01 0.000000e+00 -7.845423e+03 
5.600913e+15 1.019176e-01 1.183679e+01 2.043393e+04 3.205305e-11 6.375033e+14 1.000000e-02 1.840554e+02 1.721844e+02 8.302562e+03 1.187099e+01 0.000000e+00 -8.173562e+03 
5.955600e+15 7.319116e-02 1.152937e+01 2.016682e+04 2.923877e-11 6.897288e+14 1.000000e-02 1.972565e+02 1.846382e+02 8.649981e+03 1.261828e+01 0.000000e+00 -8.518773e+03 
6.332747e+15 5.175037e-02 1.122993e+01 1.990321e+04 2.667052e-11 7.462627e+14 1.000000e-02 2.111288e+02 1.977153e+02 9.015412e+03 1.341348e+01 0.000000e+00 -8.881239e+03 
6.733779e+15 3.600816e-02 1.093826e+01 1.964305e+04 2.432702e-11 8.074582e+14 1.000000e-02 2.257040e+02 2.114444e+02 9.398675e+03 1.425959e+01 0.000000e+00 -9.260721e+03 
7.160206e+15 2.463469e-02 1.065418e+01 1.938629e+04 2.218880e-11 8.736971e+14 1.000000e-02 2.408145e+02 2.256547e+02 9.798383e+03 1.515982e+01 0.000000e+00 -9.655895e+03 
7.613637e+15 1.657838e-02 1.037746e+01 1.913288e+04 2.023803e-11 9.453926e+14 1.000000e-02 2.566336e+02 2.405160e+02 1.021143e+04 1.611754e+01 0.000000e+00 -1.006355e+04 
8.095782e+15 1.094779e-02 1.010794e+01 1.888279e+04 1.845840e-11 1.022991e+15 1.000000e-02 2.720021e+02 2.548657e+02 1.067381e+04 1.713635e+01 0.000000e+00 -1.052026e+04 
8.608461e+15 7.034463e-03 1.000000e+01 1.878169e+04 1.683501e-11 1.115633e+15 1.000000e-02 2.886790e+02 2.704590e+02 1.132993e+04 1.822006e+01 0.000000e+00 -1.116955e+04 
9.153605e+15 4.408679e-03 1.000000e+01 1.878169e+04 1.535420e-11 1.223229e+15 1.000000e-02 3.110604e+02 2.916876e+02 1.212357e+04 1.937274e+01 0.000000e+00 -1.195310e+04 
9.733271e+15 2.718355e-03 1.000000e+01 1.878169e+04 1.400351e-11 1.341214e+15 1.000000e-02 3.357018e+02 3.151032e+02 1.289620e+04 2.059869e+01 0.000000e+00 -1.271416e+04 
1.034965e+16 1.650098e-03 1.000000e+01 1.878169e+04 1.277155e-11 1.470589e+15 1.000000e-02 3.614653e+02 3.395628e+02 1.369983e+04 2.190250e+01 0.000000e+00 -1.350530e+04 
1.100505e+16 9.854581e-04 1.000000e+01 1.878169e+04 1.164791e-11 1.612451e+15 1.000000e-02 3.890475e+02 3.657584e+02 1.455782e+04 2.328905e+01 0.000000e+00 -1.434961e+04 
1.170197e+16 5.790032e-04 1.000000e+01 1.878169e+04 1.062310e-11 1.768005e+15 1.000000e-02 4.182296e+02 3.934661e+02 1.546234e+04 2.476354e+01 0.000000e+00 -1.523940e+04 
1.244301e+16 3.345856e-04 1.000000e+01 1.878169e+04 9.688425e-12 1.938570e+15 1.000000e-02 4.492525e+02 4.229210e+02 1.642110e+04 2.633149e+01 0.000000e+00 -1.618231e+04 
1.323098e+16 1.901280e-04 1.000000e+01 1.878169e+04 8.835975e-12 2.125594e+15 1.000000e-02 4.821395e+02 4.541407e+02 1.743447e+04 2.799881e+01 0.000000e+00 -1.717872e+04 
1.406886e+16 1.062196e-04 1.000000e+01 1.878169e+04 8.058521e-12 2.330663e+15 1.000000e-02 5.170257e+02 4.872539e+02 1.850655e+04 2.977177e+01 0.000000e+00 -1.823269e+04 
1.495979e+16 5.833172e-05 1.000000e+01 1.878169e+04 7.349467e-12 2.555518e+15 1.000000e-02 5.540006e+02 5.223435e+02 1.963986e+04 3.165704e+01 0.000000e+00 -1.934673e+04 
1.590714e+16 3.148234e-05 1.000000e+01 1.878169e+04 6.702799e-12 2.802067e+15 1.000000e-02 5.931829e+02 5.595211e+02 2.083790e+04 3.366172e+01 0.000000e+00 -2.052428e+04 
1.691449e+16 1.669618e-05 1.000000e+01 1.878169e+04 6.113028e-12 3.072404e+15 1.000000e-02 6.346860e+02 5.988926e+02 2.210395e+04 3.579337e+01 0.000000e+00 -2.176859e+04 
1.798562e+16 8.699296e-06 1.000000e+01 1.878169e+04 5.575149e-12 3.368823e+15 1.000000e-02 6.786346e+02 6.405745e+02 2.344166e+04 3.806002e+01 0.000000e+00 -2.308323e+04 
1.912459e+16 4.452460e-06 1.000000e+01 1.878169e+04 5.084597e-12 3.693841e+15 1.000000e-02 7.251572e+02 6.846870e+02 2.485474e+04 4.047022e+01 0.000000e+00 -2.447188e+04 
2.033569e+16 2.238208e-06 1.000000e+01 1.878169e+04 4.637208e-12 4.050215e+15 1.000000e-02 7.743904e+02 7.313573e+02 2.634718e+04 4.303306e+01 0.000000e+00 -2.593844e+04 
2.162348e+16 1.104904e-06 1.000000e+01 1.878169e+04 4.229185e-12 4.440973e+15 1.000000e-02 8.264770e+02 7.807188e+02 2.792310e+04 4.575819e+01 0.000000e+00 -2.748697e+04 
2.299282e+16 5.355669e-07 1.000000e+01 1.878169e+04 3.857062e-12 4.869430e+15 1.000000e-02 8.815680e+02 8.329121e+02 2.958689e+04 4.865589e+01 0.000000e+00 -2.912177e+04 
2.444887e+16 2.548671e-07 1.000000e+01 1.878169e+04 3.517683e-12 5.339223e+15 1.000000e-02 9.398216e+02 8.880845e+02 3.134314e+04 5.173710e+01 0.000000e+00 -3.084735e+04 
2.599714e+16 1.190619e-07 1.000000e+01 1.878169e+04 3.208165e-12 5.854342e+15 1.000000e-02 1.001405e+03 9.463913e+02 3.319666e+04 5.501344e+01 0.000000e+00 -3.266845e+04 
2.764344e+16 5.459364e-08 1.000000e+01 1.878169e+04 2.925881e-12 6.419158e+15 1.000000e-02 1.066493e+03 1.007996e+03 3.515253e+04 5.849725e+01 0.000000e+00 -3.459004e+04 
2.939401e+16 2.456832e-08 1.000000e+01 1.878169e+04 2.668435e-12 7.038467e+15 1.000000e-02 1.135271e+03 1.073069e+03 3.721609e+04 6.220168e+01 0.000000e+00 -3.661735e+04 
3.125543e+16 1.085000e-08 1.000000e+01 1.878169e+04 2.433642e-12 7.717526e+15 1.000000e-02 1.207932e+03 1.141792e+03 3.939294e+04 6.614070e+01 0.000000e+00 -3.875590e+04 
3.323473e+16 4.701810e-09 1.000000e+01 1.878169e+04 2.219508e-12 8.462099e+15 1.000000e-02 1.284682e+03 1.214353e+03 4.168897e+04 7.032916e+01 0.000000e+00 -4.101147e+04 
3.533937e+16 1.999139e-09 1.000000e+01 1.878169e+04 2.024215e-12 9.278507e+15 1.000000e-02 1.365736e+03 1.290953e+03 4.411038e+04 7.478286e+01 0.000000e+00 -4.339012e+04 
3.757729e+16 8.339277e-10 1.000000e+01 1.878169e+04 1.846106e-12 1.017368e+16 1.000000e-02 1.451319e+03 1.371800e+03 4.666368e+04 7.951861e+01 0.000000e+00 -4.589826e+04 
3.995693e+16 3.412624e-10 1.000000e+01 1.878169e+04 1.683669e-12 1.115522e+16 1.000000e-02 1.541670e+03 1.457116e+03 4.935572e+04 8.455425e+01 0.000000e+00 -4.854261e+04 
4.248727e+16 1.369911e-10 1.000000e+01 1.878169e+04 1.535524e-12 1.223145e+16 1.000000e-02 1.637040e+03 1.547131e+03 5.219368e+04 8.990878e+01 0.000000e+00 -5.133021e+04 
4.517784e+16 5.394016e-11 1.000000e+01 1.878169e+04 1.400415e-12 1.341152e+16 1.000000e-02 1.737691e+03 1.642089e+03 5.518514e+04 9.560239e+01 0.000000e+00 -5.426849e+04 
4.803880e+16 2.083154e-11 1.000000e+01 1.878169e+04 1.277193e-12 1.470544e+16 1.000000e-02 1.843901e+03 1.742245e+03 5.833803e+04 1.016566e+02 0.000000e+00 -5.736525e+04 
5.108093e+16 7.890349e-12 1.000000e+01 1.878169e+04 1.164814e-12 1.612420e+16 1.000000e-02 1.955963e+03 1.847869e+03 6.166071e+04 1.080941e+02 0.000000e+00 -6.062868e+04 
5.431571e+16 2.930990e-12 1.000000e+01 1.878169e+04 1.062323e-12 1.767983e+16 1.000000e-02 2.074182e+03 1.959243e+03 6.516195e+04 1.149394e+02 0.000000e+00 -6.406739e+04 
5.775534e+16 1.067716e-12 1.000000e+01 1.878169e+04 9.688503e-13 1.938555e+16 1.000000e-02 2.198882e+03 2.076664e+03 6.885098e+04 1.222181e+02 0.000000e+00 -6.769043e+04 
6.141279e+16 3.814184e-13 1.000000e+01 1.878169e+04 8.836019e-13 2.125583e+16 1.000000e-02 2.330402e+03 2.200445e+03 7.273749e+04 1.299577e+02 0.000000e+00 -7.150731e+04 
6.530185e+16 1.336091e-13 1.000000e+01 1.878169e+04 8.058546e-13 2.330655e+16 1.000000e-02 2.469099e+03 2.330911e+03 7.683164e+04 1.381875e+02 0.000000e+00 -7.552800e+04 
6.943719e+16 4.589275e-14 1.000000e+01 1.878169e+04 7.349481e-13 2.555513e+16 1.000000e-02 2.615346e+03 2.468408e+03 8.114409e+04 1.469384e+02 0.000000e+00 -7.976295e+04 
7.383441e+16 1.545656e-14 1.000000e+01 1.878169e+04 6.702806e-13 2.802064e+16 1.000000e-02 2.769539e+03 2.613295e+03 8.568604e+04 1.562435e+02 0.000000e+00 -8.422315e+04 
7.851009e+16 5.104217e-15 1.000000e+01 1.878169e+04 6.113032e-13 3.072402e+16 1.000000e-02 2.932106e+03 2.765968e+03 9.046975e+04 1.661379e+02 0.000000e+00 -8.892063e+04 
8.348187e+16 1.652658e-15 1.000000e+01 1.878169e+04 5.575151e-13 3.368822e+16 1.000000e-02 3.103471e+03 2.926812e+03 9.550718e+04 1.766589e+02 0.000000e+00 -9.386712e+04 
8.876849e+16 5.246451e-16 1.000000e+01 1.878169e+04 5.084599e-13 3.693840e+16 1.000000e-02 3.284094e+03 3.096248e+03 1.008114e+05 1.878461e+02 0.000000e+00 -9.907545e+04 
9.438989e+16 1.632940e-16 1.000000e+01 1.878169e+04 4.637209e-13 4.050215e+16 1.000000e-02 3.474452e+03 3.274711e+03 1.063959e+05 1.997417e+02 0.000000e+00 -1.045589e+05 
1.003673e+17 4.983024e-17 1.000000e+01 1.878169e+04 4.229185e-13 4.440972e+16 1.000000e-02 3.675028e+03 3.462637e+03 1.122745e+05 2.123907e+02 0.000000e+00 -1.103307e+05 
1.067232e+17 1.490866e-17 1.000000e+01 1.878169e+04 3.857062e-13 4.869429e+16 1.000000e-02 3.886260e+03 3.660420e+03 1.184593e+05 2.258406e+02 0.000000e+00 -1.164033e+05 
1.134816e+17 4.373549e-18 1.000000e+01 1.878169e+04 3.517683e-13 5.339223e+16 1.000000e-02 4.108091e+03 3.867949e+03 1.249515e+05 2.401424e+02 0.000000e+00 -1.227774e+05 
1.206680e+17 1.259147e-18 1.000000e+01 1.878169e+04 3.208165e-13 5.854342e+16 1.000000e-02 4.337862e+03 4.082512e+03 1.316596e+05 2.553497e+02 0.000000e+00 -1.293630e+05 
1.283095e+17 3.555702e-19 1.000000e+01 1.878169e+04 2.925881e-13 6.419158e+16 1.000000e-02 4.527626e+03 4.256106e+03 1.376911e+05 2.715202e+02 0.000000e+00 -1.352915e+05 
1.364349e+17 1.097393e-19 1.000000e+01 1.878169e+04 2.668435e-13 7.038467e+16 1.000000e-02 4.514063e+03 4.225348e+03 1.341409e+05 2.887146e+02 0.000000e+00 -1.317395e+05 
1.450749e+17 1.808428e-20 1.000000e+01 1.878169e+04 2.433642e-13 7.717526e+16 1.000000e-02 3.069979e+02 0.000000e+00 -0.000000e+00 3.069979e+02 0.000000e+00 3.069979e+02 
