time(s)          = 2.429883e+13
time(solar year) = 7.700000e+05
star mass (g)    = 2.298159e+33
star mass (Msun) = 1.155783e+00
total mass (g)   = 2.327772e+33
mdot (g/s)       = 0.000000e+00
mdot (Msun/yr)   = 0.000000e+00
1.542620e+13 3.989785e-314 1.000000e+01 1.878169e+04 2.044078e-07 9.188344e+10 0.000000e+00 7.543493e-319 0.000000e+00 0.000000e+00 7.543493e-319 3.372461e-315 0.000000e+00 
1.640308e+13 4.373934e-314 1.000000e+01 1.878169e+04 1.864221e-07 1.007482e+11 0.000000e+00 2.511000e-318 0.000000e+00 0.000000e+00 2.511000e-318 4.454038e-315 0.000000e+00 
1.744183e+13 4.842446e-314 1.000000e+01 1.878169e+04 1.700190e-07 1.104682e+11 0.000000e+00 4.734947e-318 0.000000e+00 0.000000e+00 4.734947e-318 3.425759e-19 0.000000e+00 
1.854637e+13 5.280217e-314 1.000000e+01 1.878169e+04 1.550592e-07 1.211260e+11 0.000000e+00 7.521305e-318 0.000000e+00 0.000000e+00 7.521305e-318 3.235613e+00 0.000000e+00 
1.972084e+13 1.654799e-290 1.000000e+01 1.878169e+04 1.414157e-07 1.328120e+11 0.000000e+00 4.522385e-295 0.000000e+00 0.000000e+00 4.522385e-295 3.819507e+01 0.000000e+00 
2.096970e+13 2.158998e-264 1.000000e+01 1.878169e+04 1.289726e-07 1.456254e+11 0.000000e+00 6.469558e-269 0.000000e+00 0.000000e+00 6.469558e-269 4.861995e+01 0.000000e+00 
2.229764e+13 1.240390e-240 1.000000e+01 1.878169e+04 1.176244e-07 1.596751e+11 0.000000e+00 4.075497e-245 0.000000e+00 0.000000e+00 4.075497e-245 5.557988e+01 0.000000e+00 
2.370967e+13 5.887469e-219 1.000000e+01 1.878169e+04 1.072747e-07 1.750803e+11 0.000000e+00 2.121050e-223 0.000000e+00 0.000000e+00 2.121050e-223 5.636061e+01 0.000000e+00 
2.521112e+13 3.447516e-199 1.000000e+01 1.878169e+04 9.783573e-08 1.919717e+11 0.000000e+00 1.361848e-203 0.000000e+00 0.000000e+00 1.361848e-203 5.554770e+01 0.000000e+00 
2.680766e+13 3.660332e-181 1.000000e+01 1.878169e+04 8.922725e-08 2.104928e+11 0.000000e+00 1.585414e-185 0.000000e+00 0.000000e+00 1.585414e-185 5.328778e+01 0.000000e+00 
2.850529e+13 9.997868e-165 1.000000e+01 1.878169e+04 8.137622e-08 2.308008e+11 0.000000e+00 4.748208e-169 0.000000e+00 0.000000e+00 4.748208e-169 5.060267e+01 0.000000e+00 
3.031043e+13 9.679362e-150 1.000000e+01 1.878169e+04 7.421599e-08 2.530680e+11 0.000000e+00 5.040447e-154 0.000000e+00 0.000000e+00 5.040447e-154 4.767158e+01 0.000000e+00 
3.222989e+13 4.451460e-136 1.000000e+01 1.878169e+04 6.768579e-08 2.774835e+11 0.000000e+00 2.541703e-140 0.000000e+00 0.000000e+00 2.541703e-140 4.475423e+01 0.000000e+00 
3.427090e+13 1.270724e-123 1.000000e+01 1.878169e+04 6.173017e-08 3.042547e+11 0.000000e+00 7.955612e-128 0.000000e+00 0.000000e+00 7.955612e-128 4.192996e+01 0.000000e+00 
3.644116e+13 2.875019e-112 1.000000e+01 1.878169e+04 5.629859e-08 3.336086e+11 0.000000e+00 1.973617e-116 0.000000e+00 0.000000e+00 1.973617e-116 3.926695e+01 0.000000e+00 
3.874885e+13 6.445131e-102 1.000000e+01 1.878169e+04 5.134492e-08 3.657946e+11 0.000000e+00 4.851254e-106 0.000000e+00 0.000000e+00 4.851254e-106 3.678254e+01 0.000000e+00 
4.120268e+13 1.755617e-92 1.000000e+01 1.878169e+04 4.682713e-08 4.010858e+11 0.000000e+00 1.448945e-96 0.000000e+00 0.000000e+00 1.448945e-96 3.448500e+01 0.000000e+00 
4.381191e+13 7.001123e-84 1.000000e+01 1.878169e+04 4.270685e-08 4.397818e+11 0.000000e+00 6.335634e-88 0.000000e+00 0.000000e+00 6.335634e-88 3.236224e+01 0.000000e+00 
4.658637e+13 4.846220e-76 1.000000e+01 1.878169e+04 3.894911e-08 4.822111e+11 0.000000e+00 4.808675e-80 0.000000e+00 0.000000e+00 4.808675e-80 3.040073e+01 0.000000e+00 
4.953652e+13 6.802781e-69 1.000000e+01 1.878169e+04 3.552201e-08 5.287340e+11 0.000000e+00 7.401314e-73 0.000000e+00 0.000000e+00 7.401314e-73 2.857770e+01 0.000000e+00 
5.267350e+13 2.232331e-62 1.000000e+01 1.878169e+04 3.239646e-08 5.797453e+11 0.000000e+00 2.663062e-66 0.000000e+00 0.000000e+00 2.663062e-66 2.687408e+01 0.000000e+00 
5.600913e+13 1.949965e-56 1.000000e+01 1.878169e+04 2.954592e-08 6.356781e+11 0.000000e+00 2.550645e-60 0.000000e+00 0.000000e+00 2.550645e-60 2.526772e+01 0.000000e+00 
5.955600e+13 5.105482e-51 1.000000e+01 1.878169e+04 2.694620e-08 6.970072e+11 0.000000e+00 7.322549e-55 0.000000e+00 0.000000e+00 7.322549e-55 2.374275e+01 0.000000e+00 
6.332747e+13 4.464820e-46 1.000000e+01 1.878169e+04 2.457523e-08 7.642532e+11 0.000000e+00 7.021597e-50 0.000000e+00 0.000000e+00 7.021597e-50 2.228337e+01 0.000000e+00 
6.733779e+13 1.439290e-41 1.000000e+01 1.878169e+04 2.241287e-08 8.379869e+11 0.000000e+00 2.481971e-45 0.000000e+00 0.000000e+00 2.481971e-45 2.088015e+01 0.000000e+00 
7.160206e+13 1.870741e-37 1.000000e+01 1.878169e+04 2.044078e-08 9.188344e+11 0.000000e+00 3.537535e-41 0.000000e+00 0.000000e+00 3.537535e-41 1.952445e+01 0.000000e+00 
7.613637e+13 1.064100e-33 1.000000e+01 1.878169e+04 1.864221e-08 1.007482e+12 0.000000e+00 2.206748e-37 0.000000e+00 0.000000e+00 2.206748e-37 1.821242e+01 0.000000e+00 
8.095782e+13 2.857148e-30 1.000000e+01 1.878169e+04 1.700190e-08 1.104682e+12 0.000000e+00 6.499332e-34 0.000000e+00 0.000000e+00 6.499332e-34 1.694047e+01 0.000000e+00 
8.608461e+13 3.889055e-27 1.000000e+01 1.878169e+04 1.550592e-08 1.211260e+12 0.000000e+00 9.707000e-31 0.000000e+00 0.000000e+00 9.707000e-31 1.570775e+01 0.000000e+00 
9.153605e+13 2.874418e-24 1.000000e+01 1.878169e+04 1.414157e-08 1.328120e+12 0.000000e+00 7.876100e-28 0.000000e+00 0.000000e+00 7.876100e-28 1.451266e+01 0.000000e+00 
9.733271e+13 1.234456e-21 1.000000e+01 1.878169e+04 1.289726e-08 1.456254e+12 0.000000e+00 3.715844e-25 0.000000e+00 0.000000e+00 3.715844e-25 1.335422e+01 0.000000e+00 
1.034965e+14 3.299807e-19 6.547737e+01 4.805962e+04 1.176244e-08 4.085854e+12 1.000000e-04 -2.030143e-15 -6.087567e+02 -1.243841e+06 1.092088e-22 1.222942e+01 -1.642568e-17 
1.100505e+14 5.906729e-17 6.377679e+01 4.743142e+04 1.072747e-08 4.421489e+12 1.000000e-04 -2.920345e-13 -4.453878e+02 -9.100214e+05 2.151130e-20 1.113381e+01 -2.362857e-15 
1.170197e+14 7.702127e-15 6.212038e+01 4.681142e+04 9.783573e-09 4.784695e+12 1.000000e-04 -3.444843e-11 -3.640428e+02 -7.438074e+05 3.088018e-18 1.005961e+01 -2.787257e-13 
1.244301e+14 8.173240e-13 6.050699e+01 4.619953e+04 8.922725e-09 5.177737e+12 1.000000e-04 -3.997016e-09 -3.559579e+02 -7.272829e+05 3.605296e-16 8.995828e+00 -3.234051e-11 
1.323098e+14 8.443568e-11 5.893550e+01 4.559563e+04 8.137622e-09 5.603066e+12 1.000000e-04 -6.079851e-07 -4.618743e+02 -9.436953e+05 4.086016e-14 7.927648e+00 -4.919283e-09 
1.406886e+14 1.126864e-08 5.740483e+01 4.499963e+04 7.421599e-09 6.063333e+12 1.000000e-04 -9.159175e-05 -4.497294e+02 -9.188866e+05 5.954137e-12 6.838431e+00 -7.410759e-07 
1.495979e+14 1.457923e-06 5.591391e+01 4.441142e+04 6.768579e-09 6.561410e+12 1.000000e-04 -5.220927e-03 -1.655840e+02 -3.383065e+05 8.450182e-10 5.714478e+00 -4.224292e-05 
1.590714e+14 6.915083e-05 5.446171e+01 4.383090e+04 6.173017e-09 7.100401e+12 1.000000e-04 -9.179962e-02 -4.895103e+01 -9.995715e+04 4.507690e-08 4.554478e+00 -7.417871e-04 
1.691449e+14 9.664540e-04 5.304723e+01 4.325797e+04 5.629859e-09 7.683668e+12 1.000000e-04 -6.381840e-01 -1.819271e+01 -3.696117e+04 7.574091e-07 3.384020e+00 -5.012748e-03 
1.798562e+14 5.048793e-03 5.166948e+01 4.269252e+04 5.134492e-09 8.314848e+12 1.000000e-04 -2.337211e+00 -8.817108e+00 -1.744846e+04 5.311059e-06 2.270483e+00 -1.440483e-02 
1.912459e+14 1.337988e-02 5.032752e+01 4.213447e+04 4.682713e-09 8.997876e+12 1.000000e-04 -5.580606e+00 -5.105673e+00 -9.309400e+03 2.073096e-05 1.324662e+00 4.810575e-03 
2.033569e+14 2.338800e-02 4.902041e+01 4.158371e+04 4.270685e-09 9.737012e+12 1.000000e-04 -1.005417e+01 -3.271174e+00 -4.974144e+03 5.495061e-05 6.545177e-01 2.424078e-01 
2.162348e+14 3.246847e-02 4.774725e+01 4.104015e+04 3.894911e-09 1.053686e+13 1.000000e-04 -1.498718e+01 -2.346864e+00 -2.633052e+03 1.131525e-04 2.792160e-01 1.469930e+00 
2.299282e+14 4.054066e-02 4.650716e+01 4.050370e+04 3.552202e-09 1.140242e+13 1.000000e-04 -1.913164e+01 -1.971194e+00 -1.613097e+03 1.986827e-04 1.154014e-01 6.028607e+00 
2.444887e+14 4.896616e-02 4.529928e+01 3.997425e+04 3.239647e-09 1.233908e+13 1.000000e-04 -2.183999e+01 -1.910483e+00 -1.396542e+03 3.165794e-04 5.251653e-02 1.858247e+01 
2.599714e+14 5.929524e-02 4.412276e+01 3.945173e+04 2.954594e-09 1.335267e+13 1.000000e-04 -2.279177e+01 -2.031647e+00 -1.639570e+03 4.763011e-04 2.795328e-02 4.403770e+01 
2.764344e+14 7.354002e-02 4.297680e+01 3.893604e+04 2.694623e-09 1.444953e+13 1.000000e-04 -2.198582e+01 -2.262226e+00 -2.159242e+03 6.944095e-04 1.757873e-02 8.251497e+01 
2.939401e+14 9.449247e-02 4.186061e+01 3.842709e+04 2.457527e-09 1.563649e+13 1.000000e-04 -1.986992e+01 -2.529819e+00 -2.781199e+03 9.991364e-04 1.291942e-02 1.268304e+02 
3.125543e+14 1.258748e-01 4.077340e+01 3.792479e+04 2.241293e-09 1.692094e+13 1.000000e-04 -1.720478e+01 -2.756036e+00 -3.317913e+03 1.437467e-03 1.097211e-02 1.657714e+02 
3.323473e+14 1.721748e-01 3.971444e+01 3.742906e+04 2.044086e-09 1.831090e+13 1.000000e-04 -1.472764e+01 -2.873119e+00 -3.607650e+03 2.084816e-03 1.081318e-02 1.887804e+02 
3.533937e+14 2.376124e-01 3.868297e+01 3.693981e+04 1.864233e-09 1.981502e+13 1.000000e-04 -1.300662e+01 -2.835054e+00 -3.540106e+03 3.055568e-03 1.283461e-02 1.883537e+02 
3.757729e+14 3.234062e-01 3.767830e+01 3.645695e+04 1.700206e-09 2.144267e+13 1.000000e-04 -1.242385e+01 -2.624943e+00 -3.069343e+03 4.507964e-03 1.968629e-02 1.610332e+02 
3.995693e+14 4.235715e-01 3.669971e+01 3.598041e+04 1.550614e-09 2.320398e+13 1.000000e-04 -1.339955e+01 -2.337730e+00 -2.382119e+03 6.630779e-03 4.003438e-02 1.170889e+02 
4.248727e+14 5.310335e-01 3.574655e+01 3.551009e+04 1.414186e-09 2.510992e+13 1.000000e-04 -1.524615e+01 -2.122227e+00 -1.823868e+03 9.624358e-03 8.890560e-02 7.843179e+01 
4.517784e+14 6.488251e-01 3.481814e+01 3.504592e+04 1.289765e-09 2.717232e+13 1.000000e-04 -1.663619e+01 -2.016067e+00 -1.530130e+03 1.372092e-02 1.690403e-01 5.615625e+01 
4.803880e+14 7.840523e-01 3.391384e+01 3.458782e+04 1.176296e-09 2.940403e+13 1.000000e-04 -1.733227e+01 -1.970906e+00 -1.397749e+03 1.923269e-02 2.665980e-01 4.522191e+01 
5.108093e+14 9.421727e-01 3.303303e+01 3.413571e+04 1.072813e-09 3.181887e+13 1.000000e-04 -1.732809e+01 -1.944312e+00 -1.317168e+03 2.658306e-02 3.674417e-01 3.950275e+01 
5.431571e+14 1.127084e+00 3.217509e+01 3.368951e+04 9.784413e-10 3.443181e+13 1.000000e-04 -1.682938e+01 -1.924151e+00 -1.252434e+03 3.632583e-02 4.618473e-01 3.645103e+01 
5.775534e+14 1.343346e+00 3.133944e+01 3.324914e+04 8.923783e-10 3.725902e+13 1.000000e-04 -1.587409e+01 -1.901271e+00 -1.184270e+03 4.917496e-02 5.422182e-01 3.472671e+01 
6.141279e+14 1.593582e+00 3.052549e+01 3.281452e+04 8.138945e-10 4.031791e+13 1.000000e-04 -1.465198e+01 -1.879703e+00 -1.115877e+03 6.603715e-02 6.034692e-01 3.388846e+01 
6.530185e+14 1.883319e+00 2.973268e+01 3.238559e+04 7.423244e-10 4.362727e+13 1.000000e-04 -1.315199e+01 -1.854616e+00 -1.042770e+03 8.806112e-02 6.390164e-01 3.354092e+01 
6.943719e+14 2.214537e+00 2.896047e+01 3.196226e+04 6.770611e-10 4.720736e+13 1.000000e-04 -1.140713e+01 -1.827711e+00 -9.623863e+02 1.166882e-01 6.446823e-01 3.329319e+01 
7.383441e+14 2.591969e+00 2.820830e+01 3.154447e+04 6.175513e-10 5.107992e+13 1.000000e-04 -9.666658e+00 -1.806914e+00 -8.955878e+02 1.537113e-01 6.154912e-01 3.373261e+01 
7.851009e+14 3.023191e+00 2.747568e+01 3.113214e+04 5.632909e-10 5.526831e+13 1.000000e-04 -7.300340e+00 -1.758909e+00 -7.764693e+02 2.013859e-01 5.389428e-01 3.221453e+01 
8.348187e+14 3.490713e+00 2.676208e+01 3.072520e+04 5.138200e-10 5.979759e+13 1.000000e-04 -5.681938e+00 -1.757932e+00 -7.347501e+02 2.623651e-01 4.365686e-01 3.347567e+01 
8.876849e+14 4.048164e+00 2.606701e+01 3.032357e+04 4.687199e-10 6.469445e+13 1.000000e-04 -2.523312e+00 -1.640764e+00 -4.970019e+02 3.401318e-01 1.915885e-01 2.592707e+01 
9.438989e+14 4.554842e+00 2.539000e+01 2.992720e+04 4.276074e-10 6.998756e+13 1.000000e-04 -8.889846e-01 -1.334734e+00 2.269724e+02 4.380890e-01 2.314438e-03 -1.448685e+01 
1.003673e+15 4.866188e+00 2.473057e+01 2.953601e+04 3.901290e-10 7.570832e+13 1.000000e-04 -4.953687e-01 -1.052798e+00 9.716310e+02 5.574292e-01 4.424683e-28 -5.873916e+01 
1.067232e+15 5.038337e+00 2.408827e+01 2.914993e+04 3.559603e-10 8.189096e+13 1.000000e-04 -1.230360e-01 -8.211531e-01 1.556145e+03 6.981170e-01 1.076577e-30 -9.340572e+01 
1.134816e+15 5.044098e+00 2.346265e+01 2.876890e+04 3.248057e-10 8.857264e+13 1.000000e-04 3.410169e-01 -5.186753e-01 2.297019e+03 8.596922e-01 0.000000e+00 -1.373536e+02 
1.206680e+15 4.804138e+00 2.285327e+01 2.839285e+04 2.963932e-10 9.579452e+13 1.000000e-04 9.537731e-01 -8.571995e-02 3.366687e+03 1.039493e+00 0.000000e+00 -2.008623e+02 
1.283095e+15 4.260784e+00 2.225973e+01 2.802171e+04 2.704718e-10 1.036031e+14 1.000000e-04 1.699806e+00 4.683633e-01 4.775576e+03 1.231443e+00 0.000000e+00 -2.845727e+02 
1.364349e+15 3.468952e+00 2.168160e+01 2.765543e+04 2.468117e-10 1.120507e+14 1.000000e-04 2.528550e+00 1.101609e+00 6.427946e+03 1.426941e+00 0.000000e+00 -3.827964e+02 
1.450749e+15 2.574354e+00 2.111848e+01 2.729393e+04 2.252062e-10 1.211953e+14 1.000000e-04 3.398756e+00 1.781071e+00 8.241691e+03 1.617685e+00 0.000000e+00 -4.906532e+02 
1.542620e+15 1.738280e+00 2.056999e+01 2.693716e+04 2.054721e-10 1.310988e+14 1.000000e-04 4.284436e+00 2.486041e+00 1.016068e+04 1.798395e+00 0.000000e+00 -6.048043e+02 
1.640308e+15 1.069408e+00 2.003575e+01 2.658505e+04 1.874474e-10 1.418267e+14 1.000000e-04 5.173059e+00 3.205098e+00 1.215100e+04 1.967961e+00 0.000000e+00 -7.232290e+02 
1.744183e+15 6.013189e-01 1.951538e+01 2.623755e+04 1.709875e-10 1.534472e+14 1.000000e-04 6.060727e+00 3.931932e+00 1.419135e+04 2.128795e+00 0.000000e+00 -8.446544e+02 
1.854637e+15 3.102827e-01 1.900852e+01 2.589458e+04 1.559612e-10 1.660322e+14 1.000000e-04 6.948409e+00 4.663212e+00 1.626839e+04 2.285197e+00 0.000000e+00 -9.682791e+02 
1.972084e+15 1.475679e-01 1.851483e+01 2.555610e+04 1.422480e-10 1.796588e+14 1.000000e-04 7.839313e+00 5.397549e+00 1.837453e+04 2.441764e+00 0.000000e+00 -1.093644e+03 
2.096970e+15 6.496435e-02 1.803397e+01 2.522205e+04 1.297364e-10 1.944100e+14 1.000000e-04 8.737340e+00 6.134935e+00 2.050665e+04 2.602405e+00 0.000000e+00 -1.220560e+03 
2.229764e+15 2.658056e-02 1.756559e+01 2.489236e+04 1.183230e-10 2.103763e+14 1.000000e-04 9.646341e+00 6.876305e+00 2.266500e+04 2.770036e+00 0.000000e+00 -1.349036e+03 
2.370967e+15 1.014530e-02 1.710937e+01 2.456698e+04 1.079127e-10 2.276560e+14 1.000000e-04 1.056984e+01 7.623151e+00 2.485194e+04 2.946694e+00 0.000000e+00 -1.479212e+03 
2.521112e+15 3.624291e-03 1.666501e+01 2.424586e+04 9.841790e-11 2.463562e+14 1.000000e-04 1.151102e+01 8.377219e+00 2.707102e+04 3.133805e+00 0.000000e+00 -1.611297e+03 
2.680766e+15 1.215441e-03 1.623218e+01 2.392893e+04 8.975831e-11 2.665929e+14 1.000000e-04 1.247276e+01 9.140302e+00 2.932627e+04 3.332453e+00 0.000000e+00 -1.745529e+03 
2.850529e+15 3.836684e-04 1.581060e+01 2.361614e+04 8.186059e-11 2.884922e+14 1.000000e-04 1.345768e+01 9.914127e+00 3.162175e+04 3.543557e+00 0.000000e+00 -1.882150e+03 
3.031043e+15 1.142689e-04 1.539997e+01 2.330744e+04 7.465776e-11 3.121905e+14 1.000000e-04 1.446829e+01 1.070031e+01 3.396139e+04 3.767982e+00 0.000000e+00 -2.021393e+03 
3.222989e+15 3.217996e-05 1.500000e+01 2.300278e+04 6.808869e-11 3.378356e+14 1.000000e-04 1.550692e+01 1.150032e+01 3.634890e+04 4.006603e+00 0.000000e+00 -2.163476e+03 
3.427090e+15 8.585670e-06 1.461042e+01 2.270210e+04 6.209762e-11 3.655873e+14 1.000000e-04 1.657585e+01 1.231552e+01 3.878774e+04 4.260329e+00 0.000000e+00 -2.308607e+03 
3.644116e+15 2.174016e-06 1.423096e+01 2.240535e+04 5.663371e-11 3.956187e+14 1.000000e-04 1.767729e+01 1.314717e+01 4.128117e+04 4.530122e+00 0.000000e+00 -2.456977e+03 
3.874885e+15 5.233021e-07 1.386135e+01 2.211248e+04 5.165055e-11 4.281171e+14 1.000000e-04 1.881342e+01 1.399642e+01 4.383223e+04 4.816999e+00 0.000000e+00 -2.608768e+03 
4.120268e+15 1.199186e-07 1.350134e+01 2.182344e+04 4.710586e-11 4.632850e+14 1.000000e-04 1.998640e+01 1.486436e+01 4.644380e+04 5.122044e+00 0.000000e+00 -2.764149e+03 
4.381191e+15 2.619733e-08 1.315069e+01 2.153818e+04 4.296106e-11 5.013419e+14 1.000000e-04 2.119838e+01 1.575198e+01 4.911860e+04 5.446405e+00 0.000000e+00 -2.923282e+03 
4.658637e+15 5.462750e-09 1.280914e+01 2.125664e+04 3.918095e-11 5.425249e+14 1.000000e-04 2.245153e+01 1.666022e+01 5.185923e+04 5.791307e+00 0.000000e+00 -3.086319e+03 
4.953652e+15 1.088574e-09 1.247646e+01 2.097879e+04 3.573345e-11 5.870910e+14 1.000000e-04 2.374804e+01 1.758999e+01 5.466813e+04 6.158051e+00 0.000000e+00 -3.253406e+03 
5.267350e+15 2.075251e-10 1.215242e+01 2.070456e+04 3.258930e-11 6.353179e+14 1.000000e-04 2.509014e+01 1.854212e+01 5.754764e+04 6.548019e+00 0.000000e+00 -3.424680e+03 
5.600913e+15 3.788723e-11 1.183679e+01 2.043393e+04 2.972179e-11 6.875065e+14 1.000000e-04 2.648006e+01 1.951738e+01 6.049993e+04 6.962683e+00 0.000000e+00 -3.600269e+03 
5.955600e+15 6.630442e-12 1.152937e+01 2.016682e+04 2.710660e-11 7.439822e+14 1.000000e-04 2.792006e+01 2.051645e+01 6.352693e+04 7.403606e+00 0.000000e+00 -3.780287e+03 
6.332747e+15 1.113314e-12 1.122993e+01 1.990321e+04 2.472151e-11 8.050971e+14 1.000000e-04 2.941223e+01 2.153977e+01 6.662984e+04 7.872451e+00 0.000000e+00 -3.964803e+03 
6.733779e+15 1.795211e-13 1.093826e+01 1.964305e+04 2.254628e-11 8.712323e+14 1.000000e-04 3.095772e+01 2.258674e+01 6.980680e+04 8.370986e+00 0.000000e+00 -4.153704e+03 
7.160206e+15 2.782958e-14 1.065418e+01 1.938629e+04 2.056246e-11 9.428002e+14 1.000000e-04 3.255343e+01 2.365234e+01 7.304266e+04 8.901092e+00 0.000000e+00 -4.346087e+03 
7.613637e+15 4.153644e-15 1.037746e+01 1.913288e+04 1.875318e-11 1.020247e+15 1.000000e-04 3.418520e+01 2.472043e+01 7.629307e+04 9.464767e+00 0.000000e+00 -4.539305e+03 
8.095782e+15 6.023366e-16 1.010794e+01 1.888279e+04 1.710311e-11 1.104056e+15 1.000000e-04 3.565601e+01 2.559188e+01 7.895428e+04 1.006414e+01 0.000000e+00 -4.697364e+03 
8.608461e+15 8.375517e-17 1.000000e+01 1.878169e+04 1.559822e-11 1.204092e+15 1.000000e-04 3.754178e+01 2.684032e+01 8.343500e+04 1.070147e+01 0.000000e+00 -4.964081e+03 
9.153605e+15 1.124898e-17 1.000000e+01 1.878169e+04 1.422574e-11 1.320261e+15 1.000000e-04 3.976275e+01 2.838359e+01 8.867575e+04 1.137915e+01 0.000000e+00 -5.276024e+03 
9.733271e+15 1.468118e-18 1.000000e+01 1.878169e+04 1.297403e-11 1.447637e+15 1.000000e-04 4.225085e+01 3.015109e+01 9.416328e+04 1.209976e+01 0.000000e+00 -5.602493e+03 
1.034965e+16 1.882936e-19 1.000000e+01 1.878169e+04 1.183246e-11 1.587303e+15 1.000000e-04 4.461947e+01 3.175348e+01 9.903988e+04 1.286599e+01 0.000000e+00 -5.892459e+03 
1.100505e+16 2.047426e-20 1.000000e+01 1.878169e+04 1.079133e-11 1.740443e+15 1.000000e-04 5.300306e+01 3.932231e+01 1.218744e+05 1.368075e+01 0.000000e+00 -7.252918e+03 
1.170197e+16 1.127094e-21 1.000000e+01 1.878169e+04 9.841810e-12 1.908358e+15 0.000000e+00 1.454711e+01 0.000000e+00 0.000000e+00 1.454711e+01 0.000000e+00 0.000000e+00 
1.244301e+16 2.981122e-23 1.000000e+01 1.878169e+04 8.975837e-12 2.092473e+15 0.000000e+00 1.546832e+01 0.000000e+00 0.000000e+00 1.546832e+01 0.000000e+00 0.000000e+00 
1.323098e+16 1.078066e-24 1.000000e+01 1.878169e+04 8.186061e-12 2.294351e+15 0.000000e+00 1.644788e+01 0.000000e+00 0.000000e+00 1.644788e+01 0.000000e+00 0.000000e+00 
1.406886e+16 4.771931e-26 1.000000e+01 1.878169e+04 7.465776e-12 2.515705e+15 0.000000e+00 1.748947e+01 0.000000e+00 0.000000e+00 1.748947e+01 0.000000e+00 0.000000e+00 
1.495979e+16 2.424635e-27 1.000000e+01 1.878169e+04 6.808869e-12 2.758416e+15 0.000000e+00 1.859702e+01 0.000000e+00 0.000000e+00 1.859702e+01 0.000000e+00 0.000000e+00 
1.590714e+16 1.370039e-28 1.000000e+01 1.878169e+04 6.209762e-12 3.024543e+15 0.000000e+00 1.977470e+01 0.000000e+00 0.000000e+00 1.977470e+01 0.000000e+00 0.000000e+00 
1.691449e+16 8.347284e-30 1.000000e+01 1.878169e+04 5.663371e-12 3.316345e+15 0.000000e+00 2.102697e+01 0.000000e+00 0.000000e+00 2.102697e+01 0.000000e+00 0.000000e+00 
1.798562e+16 5.343492e-31 1.000000e+01 1.878169e+04 5.165055e-12 3.636301e+15 0.000000e+00 2.235853e+01 0.000000e+00 0.000000e+00 2.235853e+01 0.000000e+00 0.000000e+00 
1.912459e+16 3.527799e-32 1.000000e+01 1.878169e+04 4.710586e-12 3.987124e+15 0.000000e+00 2.377442e+01 0.000000e+00 0.000000e+00 2.377442e+01 0.000000e+00 0.000000e+00 
2.033569e+16 2.371652e-33 1.000000e+01 1.878169e+04 4.296106e-12 4.371795e+15 0.000000e+00 2.527997e+01 0.000000e+00 0.000000e+00 2.527997e+01 0.000000e+00 0.000000e+00 
2.162348e+16 1.609418e-34 1.000000e+01 1.878169e+04 3.918095e-12 4.793578e+15 0.000000e+00 2.688087e+01 0.000000e+00 0.000000e+00 2.688087e+01 0.000000e+00 0.000000e+00 
2.299282e+16 1.095749e-35 1.000000e+01 1.878169e+04 3.573345e-12 5.256053e+15 0.000000e+00 2.858314e+01 0.000000e+00 0.000000e+00 2.858314e+01 0.000000e+00 0.000000e+00 
2.444887e+16 7.452533e-37 1.000000e+01 1.878169e+04 3.258930e-12 5.763148e+15 0.000000e+00 3.039321e+01 0.000000e+00 0.000000e+00 3.039321e+01 0.000000e+00 0.000000e+00 
2.599714e+16 5.047723e-38 1.000000e+01 1.878169e+04 2.972179e-12 6.319166e+15 0.000000e+00 3.231791e+01 0.000000e+00 0.000000e+00 3.231791e+01 0.000000e+00 0.000000e+00 
2.764344e+16 3.397020e-39 1.000000e+01 1.878169e+04 2.710660e-12 6.928828e+15 0.000000e+00 3.436449e+01 0.000000e+00 0.000000e+00 3.436449e+01 0.000000e+00 0.000000e+00 
2.939401e+16 2.267675e-40 1.000000e+01 1.878169e+04 2.472151e-12 7.597309e+15 0.000000e+00 3.654068e+01 0.000000e+00 0.000000e+00 3.654068e+01 0.000000e+00 0.000000e+00 
3.125543e+16 1.499682e-41 1.000000e+01 1.878169e+04 2.254628e-12 8.330283e+15 0.000000e+00 3.885467e+01 0.000000e+00 0.000000e+00 3.885467e+01 0.000000e+00 0.000000e+00 
3.323473e+16 9.816268e-43 1.000000e+01 1.878169e+04 2.056246e-12 9.133974e+15 0.000000e+00 4.131521e+01 0.000000e+00 0.000000e+00 4.131521e+01 0.000000e+00 0.000000e+00 
3.533937e+16 6.355061e-44 1.000000e+01 1.878169e+04 1.875318e-12 1.001520e+16 0.000000e+00 4.393156e+01 0.000000e+00 0.000000e+00 4.393156e+01 0.000000e+00 0.000000e+00 
3.757729e+16 4.067203e-45 1.000000e+01 1.878169e+04 1.710311e-12 1.098145e+16 0.000000e+00 4.671359e+01 0.000000e+00 0.000000e+00 4.671359e+01 0.000000e+00 0.000000e+00 
3.995693e+16 2.572254e-46 1.000000e+01 1.878169e+04 1.559822e-12 1.204092e+16 0.000000e+00 4.967180e+01 0.000000e+00 0.000000e+00 4.967180e+01 0.000000e+00 0.000000e+00 
4.248727e+16 1.607173e-47 1.000000e+01 1.878169e+04 1.422574e-12 1.320261e+16 0.000000e+00 5.281735e+01 0.000000e+00 0.000000e+00 5.281735e+01 0.000000e+00 0.000000e+00 
4.517784e+16 9.919064e-49 1.000000e+01 1.878169e+04 1.297403e-12 1.447637e+16 0.000000e+00 5.616209e+01 0.000000e+00 0.000000e+00 5.616209e+01 0.000000e+00 0.000000e+00 
4.803880e+16 6.046447e-50 1.000000e+01 1.878169e+04 1.183246e-12 1.587303e+16 0.000000e+00 5.971864e+01 0.000000e+00 0.000000e+00 5.971864e+01 0.000000e+00 0.000000e+00 
5.108093e+16 3.640335e-51 1.000000e+01 1.878169e+04 1.079133e-12 1.740443e+16 0.000000e+00 6.350042e+01 0.000000e+00 0.000000e+00 6.350042e+01 0.000000e+00 0.000000e+00 
5.431571e+16 2.164751e-52 1.000000e+01 1.878169e+04 9.841810e-13 1.908358e+16 0.000000e+00 6.752169e+01 0.000000e+00 0.000000e+00 6.752169e+01 0.000000e+00 0.000000e+00 
5.775534e+16 1.271556e-53 1.000000e+01 1.878169e+04 8.975837e-13 2.092473e+16 0.000000e+00 7.179760e+01 0.000000e+00 0.000000e+00 7.179760e+01 0.000000e+00 0.000000e+00 
6.141279e+16 7.378672e-55 1.000000e+01 1.878169e+04 8.186061e-13 2.294351e+16 0.000000e+00 7.634430e+01 0.000000e+00 0.000000e+00 7.634430e+01 0.000000e+00 0.000000e+00 
6.530185e+16 4.230656e-56 1.000000e+01 1.878169e+04 7.465776e-13 2.515705e+16 0.000000e+00 8.117892e+01 0.000000e+00 0.000000e+00 8.117892e+01 0.000000e+00 0.000000e+00 
6.943719e+16 2.397242e-57 1.000000e+01 1.878169e+04 6.808869e-13 2.758416e+16 0.000000e+00 8.631970e+01 0.000000e+00 0.000000e+00 8.631970e+01 0.000000e+00 0.000000e+00 
7.383441e+16 1.342745e-58 1.000000e+01 1.878169e+04 6.209762e-13 3.024543e+16 0.000000e+00 9.178603e+01 0.000000e+00 0.000000e+00 9.178603e+01 0.000000e+00 0.000000e+00 
7.851009e+16 7.436516e-60 1.000000e+01 1.878169e+04 5.663371e-13 3.316345e+16 0.000000e+00 9.759853e+01 0.000000e+00 0.000000e+00 9.759853e+01 0.000000e+00 0.000000e+00 
8.348187e+16 4.073521e-61 1.000000e+01 1.878169e+04 5.165055e-13 3.636301e+16 0.000000e+00 1.037791e+02 0.000000e+00 0.000000e+00 1.037791e+02 0.000000e+00 0.000000e+00 
8.876849e+16 2.207684e-62 1.000000e+01 1.878169e+04 4.710586e-13 3.987124e+16 0.000000e+00 1.103511e+02 0.000000e+00 0.000000e+00 1.103511e+02 0.000000e+00 0.000000e+00 
9.438989e+16 1.184194e-63 1.000000e+01 1.878169e+04 4.296106e-13 4.371795e+16 0.000000e+00 1.173392e+02 0.000000e+00 0.000000e+00 1.173392e+02 0.000000e+00 0.000000e+00 
1.003673e+17 6.289122e-65 1.000000e+01 1.878169e+04 3.918095e-13 4.793578e+16 0.000000e+00 1.247699e+02 0.000000e+00 0.000000e+00 1.247699e+02 0.000000e+00 0.000000e+00 
1.067232e+17 3.308312e-66 1.000000e+01 1.878169e+04 3.573345e-13 5.256053e+16 0.000000e+00 1.326712e+02 0.000000e+00 0.000000e+00 1.326712e+02 0.000000e+00 0.000000e+00 
1.134816e+17 1.724427e-67 1.000000e+01 1.878169e+04 3.258930e-13 5.763148e+16 0.000000e+00 1.410728e+02 0.000000e+00 0.000000e+00 1.410728e+02 0.000000e+00 0.000000e+00 
1.206680e+17 8.910019e-69 1.000000e+01 1.878169e+04 2.972179e-13 6.319166e+16 0.000000e+00 1.500065e+02 0.000000e+00 0.000000e+00 1.500065e+02 0.000000e+00 0.000000e+00 
1.283095e+17 4.565401e-70 1.000000e+01 1.878169e+04 2.710660e-13 6.928828e+16 0.000000e+00 1.595058e+02 0.000000e+00 0.000000e+00 1.595058e+02 0.000000e+00 0.000000e+00 
1.364349e+17 2.320651e-71 1.000000e+01 1.878169e+04 2.472151e-13 7.597309e+16 0.000000e+00 1.696068e+02 0.000000e+00 0.000000e+00 1.696068e+02 0.000000e+00 0.000000e+00 
1.450749e+17 1.240872e-72 1.000000e+01 1.878169e+04 2.254628e-13 8.330283e+16 0.000000e+00 1.803474e+02 0.000000e+00 0.000000e+00 1.803474e+02 0.000000e+00 0.000000e+00 
