time(s)          = 4.733539e+12
time(solar year) = 1.500000e+05
star mass (g)    = 1.140207e+33
star mass (Msun) = 5.734292e-01
total mass (g)   = 1.328874e+33
mdot (g/s)       = 1.259890e+21
mdot (Msun/yr)   = 1.999510e-05
1.542620e+13 3.337229e+04 1.480393e+02 7.226421e+04 1.440757e-07 5.015710e+11 4.898232e-03 -2.972028e+02 -2.977088e+02 1.557192e+03 -2.305415e+00 2.397393e+02 -3.896182e+02 
1.640308e+13 3.099504e+04 1.441944e+02 7.131961e+04 1.315793e-07 5.420275e+11 8.711111e-03 -2.594968e+02 -2.592958e+02 3.540847e+03 -2.540716e+00 1.518414e+02 -4.704842e+02 
1.744183e+13 2.837973e+04 1.404494e+02 7.038736e+04 1.201733e-07 5.857152e+11 1.145295e-02 -2.570916e+02 -2.562150e+02 3.704272e+03 -2.800931e+00 1.124430e+02 -4.780354e+02 
1.854637e+13 2.602104e+04 1.368016e+02 6.946729e+04 1.097613e-07 6.328945e+11 1.515079e-02 -2.384451e+02 -2.372246e+02 3.759489e+03 -3.088907e+00 1.033168e+02 -4.627005e+02 
1.972084e+13 2.367445e+04 1.332486e+02 6.855925e+04 1.002557e-07 6.838441e+11 1.745600e-02 -1.813036e+02 -1.795891e+02 3.867253e+03 -3.407852e+00 9.540832e+01 -4.120308e+02 
2.096970e+13 2.152087e+04 1.297879e+02 6.766309e+04 9.157679e-08 7.388672e+11 1.974007e-02 -1.505770e+02 -1.484022e+02 3.910427e+03 -3.761407e+00 8.708063e+01 -3.839056e+02 
2.229764e+13 1.950726e+04 1.264170e+02 6.677863e+04 8.365222e-08 7.982888e+11 2.129818e-02 -1.890877e+02 -1.867001e+02 3.918290e+03 -4.153702e+00 7.994786e+01 -4.228392e+02 
2.370967e+13 1.776296e+04 1.231337e+02 6.590574e+04 7.641632e-08 8.624563e+11 2.450348e-02 -2.073212e+02 -2.045820e+02 3.905716e+03 -4.589439e+00 7.331819e+01 -4.402991e+02 
2.521112e+13 1.611049e+04 1.199357e+02 6.504426e+04 6.980906e-08 9.317451e+11 2.651198e-02 -9.353934e+01 -8.988105e+01 3.996991e+03 -5.074009e+00 6.706223e+01 -3.320599e+02 
2.680766e+13 1.454971e+04 1.168207e+02 6.419403e+04 6.377521e-08 1.006567e+12 2.697462e-02 -8.911220e+01 -8.491613e+01 4.028625e+03 -5.613658e+00 6.113904e+01 -3.295159e+02 
2.850529e+13 1.318880e+04 1.137866e+02 6.335492e+04 5.826483e-08 1.087361e+12 2.886979e-02 -1.070701e+02 -1.023472e+02 4.015310e+03 -6.215615e+00 5.559299e+01 -3.466600e+02 
3.031043e+13 1.192359e+04 1.108314e+02 6.252678e+04 5.323240e-08 1.174600e+12 2.975229e-02 -1.479341e+02 -1.427239e+02 4.019595e+03 -6.888330e+00 5.068312e+01 -3.877351e+02 
3.222989e+13 1.083001e+04 1.079529e+02 6.170947e+04 4.863644e-08 1.268791e+12 3.260545e-02 -4.308681e+01 -3.668234e+01 4.058101e+03 -7.641793e+00 4.588038e+01 -2.852840e+02 
3.427090e+13 9.733318e+03 1.051491e+02 6.090284e+04 4.443871e-08 1.370491e+12 3.098821e-02 -6.403340e+01 -5.688558e+01 4.102869e+03 -8.487981e+00 4.138903e+01 -3.088807e+02 
3.644116e+13 8.849475e+03 1.024182e+02 6.010675e+04 4.060465e-08 1.480292e+12 3.433292e-02 -3.439543e+01 -2.614519e+01 4.077211e+03 -9.441436e+00 3.720436e+01 -2.777500e+02 
3.874885e+13 7.941472e+03 9.975815e+01 5.932107e+04 3.710260e-08 1.598839e+12 3.198031e-02 -6.957241e+01 -6.039591e+01 4.126416e+03 -1.052018e+01 3.327441e+01 -3.158369e+02 
4.120268e+13 7.232688e+03 9.716723e+01 5.854565e+04 3.390377e-08 1.726818e+12 3.614680e-02 -5.841712e+00 4.860753e+00 4.101642e+03 -1.174719e+01 2.967378e+01 -2.507064e+02 
4.381191e+13 6.469315e+03 9.464360e+01 5.778038e+04 3.098172e-08 1.864983e+12 3.224444e-02 -2.747528e+01 -1.545832e+01 4.176398e+03 -1.315277e+01 2.626802e+01 -2.767951e+02 
4.658637e+13 5.898639e+03 9.218552e+01 5.702510e+04 2.831247e-08 2.014134e+12 3.692790e-02 1.438043e+01 2.823999e+01 4.124482e+03 -1.477916e+01 2.323631e+01 -2.319082e+02 
4.953652e+13 5.264080e+03 8.979127e+01 5.627970e+04 2.587400e-08 2.175145e+12 3.195634e-02 -5.702797e+00 9.990403e+00 4.213401e+03 -1.668980e+01 2.038481e+01 -2.573009e+02 
5.267350e+13 4.805412e+03 8.745921e+01 5.554405e+04 2.364635e-08 2.348948e+12 3.712665e-02 4.453016e+01 6.277924e+01 4.152140e+03 -1.899369e+01 1.775959e+01 -2.035003e+02 
5.600913e+13 4.275652e+03 8.518772e+01 5.481801e+04 2.161114e-08 2.536562e+12 3.084982e-02 3.314575e+01 5.431590e+01 4.260835e+03 -2.193330e+01 1.504150e+01 -2.214136e+02 
5.955600e+13 3.906972e+03 8.297522e+01 5.410146e+04 1.975174e-08 2.739073e+12 3.631436e-02 1.032686e+02 1.296442e+02 4.197518e+03 -2.679346e+01 1.178113e+01 -1.477009e+02 
6.332747e+13 3.459178e+03 8.082018e+01 5.339427e+04 1.805280e-08 2.957672e+12 2.815617e-02 1.635240e+02 1.944933e+02 4.359292e+03 -3.096933e+01 0.000000e+00 -9.795673e+01 
6.733779e+13 3.154058e+03 7.872112e+01 5.269633e+04 1.650041e-08 3.193638e+12 3.231645e-02 1.106521e+02 1.434388e+02 4.234967e+03 -3.278674e+01 0.000000e+00 -1.433300e+02 
7.160206e+13 2.794917e+03 7.667657e+01 5.200751e+04 1.508190e-08 3.448340e+12 2.511876e-02 1.643303e+02 1.990393e+02 4.382810e+03 -3.470902e+01 0.000000e+00 -9.856386e+01 
7.613637e+13 2.543446e+03 7.468513e+01 5.132770e+04 1.378567e-08 3.723265e+12 2.816984e-02 1.173183e+02 1.540605e+02 4.272749e+03 -3.674222e+01 0.000000e+00 -1.389377e+02 
8.095782e+13 2.254848e+03 7.274540e+01 5.065677e+04 1.260115e-08 4.020012e+12 2.180839e-02 1.648677e+02 2.037603e+02 4.411086e+03 -3.889262e+01 0.000000e+00 -9.972520e+01 
8.608461e+13 2.047990e+03 7.085606e+01 4.999462e+04 1.151867e-08 4.340310e+12 2.386921e-02 1.232378e+02 1.644048e+02 4.314844e+03 -4.116701e+01 0.000000e+00 -1.355504e+02 
9.153605e+13 1.815456e+03 6.901578e+01 4.934111e+04 1.052942e-08 4.686023e+12 1.822814e-02 1.652045e+02 2.087770e+02 4.446994e+03 -4.357245e+01 0.000000e+00 -1.015449e+02 
9.733271e+13 1.645524e+03 6.722330e+01 4.869615e+04 9.625324e-09 5.059170e+12 1.940618e-02 1.281325e+02 1.742490e+02 4.365059e+03 -4.611655e+01 0.000000e+00 -1.336743e+02 
1.034965e+14 1.457386e+03 6.547737e+01 4.805962e+04 8.799027e-09 5.461925e+12 1.438516e-02 1.648515e+02 2.136588e+02 4.496035e+03 -4.880732e+01 0.000000e+00 -1.048417e+02 
1.100505e+14 1.317828e+03 6.377679e+01 4.743142e+04 8.043798e-09 5.896645e+12 1.478168e-02 1.314998e+02 1.831531e+02 4.432019e+03 -5.165336e+01 0.000000e+00 -1.343284e+02 
1.170197e+14 1.164366e+03 6.212038e+01 4.681142e+04 7.353492e-09 6.365876e+12 1.029486e-02 1.633250e+02 2.179889e+02 4.572265e+03 -5.466386e+01 0.000000e+00 -1.109412e+02 
1.244301e+14 1.049431e+03 6.050699e+01 4.619953e+04 6.722494e-09 6.872379e+12 1.000577e-02 1.326583e+02 1.905070e+02 4.542660e+03 -5.784866e+01 0.000000e+00 -1.398083e+02 
1.323098e+14 9.214464e+02 5.893550e+01 4.559563e+04 6.145657e-09 7.419164e+12 5.981998e-03 1.603419e+02 2.215607e+02 4.727235e+03 -6.121873e+01 0.000000e+00 -1.232166e+02 
1.406886e+14 8.250928e+02 5.740483e+01 4.499963e+04 5.618286e-09 8.009494e+12 5.093659e-03 1.305867e+02 1.953725e+02 4.880442e+03 -6.478580e+01 0.000000e+00 -1.621317e+02 
1.495979e+14 7.038214e+02 5.591391e+01 4.441142e+04 5.135971e-09 8.647133e+12 1.469494e-03 1.565959e+02 2.251620e+02 1.074774e+04 -6.856606e+01 0.000000e+00 -4.878475e+02 
1.590714e+14 2.111387e+02 5.446171e+01 4.383090e+04 4.691267e-09 9.343083e+12 1.000000e-04 1.133931e+02 1.860776e+02 3.813467e+04 -7.268447e+01 0.000000e+00 -2.172745e+03 
1.691449e+14 1.343578e+01 5.304723e+01 4.325797e+04 4.280269e-09 1.010637e+13 1.000000e-04 -1.732349e+01 5.989952e+01 1.832768e+05 -7.722301e+01 0.000000e+00 -1.100408e+04 
1.798562e+14 3.690527e-01 5.166948e+01 4.269252e+04 3.903764e-09 1.093625e+13 1.000000e-04 5.737868e+01 1.394872e+02 4.268460e+05 -8.210855e+01 0.000000e+00 -2.553048e+04 
1.912459e+14 1.459960e-02 5.032752e+01 4.213447e+04 3.560278e-09 1.183460e+13 1.000000e-04 9.957135e+00 9.726518e+01 2.976626e+05 -8.730804e+01 0.000000e+00 -1.783383e+04 
2.033569e+14 4.389511e-04 4.902041e+01 4.158371e+04 3.247012e-09 1.280676e+13 1.000000e-04 3.573459e+01 1.285715e+02 3.934388e+05 -9.283696e+01 0.000000e+00 -2.354948e+04 
2.162348e+14 1.444855e-05 4.774725e+01 4.104015e+04 2.961310e-09 1.385878e+13 1.000000e-04 1.923729e+01 1.179533e+02 3.609479e+05 -9.871600e+01 0.000000e+00 -2.161827e+04 
2.299282e+14 4.398022e-07 4.650716e+01 4.050370e+04 2.700747e-09 1.499722e+13 1.000000e-04 2.316033e+01 1.281277e+02 3.920666e+05 -1.049673e+02 0.000000e+00 -2.347980e+04 
2.444887e+14 1.302762e-08 4.529928e+01 3.997425e+04 2.463111e-09 1.622917e+13 1.000000e-04 2.077334e+01 1.323879e+02 4.049556e+05 -1.116146e+02 0.000000e+00 -2.425483e+04 
2.599714e+14 9.279172e-23 1.000000e+01 1.878169e+04 2.246384e-09 8.360857e+12 0.000000e+00 -1.186827e+02 0.000000e+00 0.000000e+00 -1.186827e+02 0.000000e+00 0.000000e+00 
2.764344e+14 0.000000e+00 1.000000e+01 1.878169e+04 2.048726e-09 9.167498e+12 0.000000e+00 -1.261985e+02 0.000000e+00 0.000000e+00 -1.261985e+02 0.000000e+00 0.000000e+00 
2.939401e+14 0.000000e+00 1.000000e+01 1.878169e+04 1.868461e-09 1.005196e+13 0.000000e+00 -1.341902e+02 0.000000e+00 0.000000e+00 -1.341902e+02 0.000000e+00 0.000000e+00 
3.125543e+14 0.000000e+00 1.000000e+01 1.878169e+04 1.704056e-09 1.102176e+13 0.000000e+00 -1.426880e+02 0.000000e+00 0.000000e+00 -1.426880e+02 0.000000e+00 0.000000e+00 
3.323473e+14 0.000000e+00 1.000000e+01 1.878169e+04 1.554118e-09 1.208512e+13 0.000000e+00 -1.517240e+02 0.000000e+00 0.000000e+00 -1.517240e+02 0.000000e+00 0.000000e+00 
3.533937e+14 0.000000e+00 1.000000e+01 1.878169e+04 1.417372e-09 1.325107e+13 0.000000e+00 -1.613321e+02 0.000000e+00 0.000000e+00 -1.613321e+02 0.000000e+00 0.000000e+00 
3.757729e+14 0.000000e+00 1.000000e+01 1.878169e+04 1.292659e-09 1.452950e+13 0.000000e+00 -1.715487e+02 0.000000e+00 0.000000e+00 -1.715487e+02 0.000000e+00 0.000000e+00 
3.995693e+14 0.000000e+00 1.000000e+01 1.878169e+04 1.178919e-09 1.593129e+13 0.000000e+00 -1.824123e+02 0.000000e+00 0.000000e+00 -1.824123e+02 0.000000e+00 0.000000e+00 
4.248727e+14 0.000000e+00 1.000000e+01 1.878169e+04 1.075187e-09 1.746831e+13 0.000000e+00 -1.939639e+02 0.000000e+00 0.000000e+00 -1.939639e+02 0.000000e+00 0.000000e+00 
4.517784e+14 0.000000e+00 1.000000e+01 1.878169e+04 9.805820e-10 1.915362e+13 0.000000e+00 -2.062470e+02 0.000000e+00 0.000000e+00 -2.062470e+02 0.000000e+00 0.000000e+00 
4.803880e+14 0.000000e+00 1.000000e+01 1.878169e+04 8.943014e-10 2.100152e+13 0.000000e+00 -2.193079e+02 0.000000e+00 0.000000e+00 -2.193079e+02 0.000000e+00 0.000000e+00 
5.108093e+14 0.000000e+00 1.000000e+01 1.878169e+04 8.156126e-10 2.302771e+13 0.000000e+00 -2.331959e+02 0.000000e+00 0.000000e+00 -2.331959e+02 0.000000e+00 0.000000e+00 
5.431571e+14 0.000000e+00 1.000000e+01 1.878169e+04 7.438475e-10 2.524939e+13 0.000000e+00 -2.479634e+02 0.000000e+00 0.000000e+00 -2.479634e+02 0.000000e+00 0.000000e+00 
5.775534e+14 0.000000e+00 1.000000e+01 1.878169e+04 6.783970e-10 2.768540e+13 0.000000e+00 -2.636661e+02 0.000000e+00 0.000000e+00 -2.636661e+02 0.000000e+00 0.000000e+00 
6.141279e+14 0.000000e+00 1.000000e+01 1.878169e+04 6.187054e-10 3.035644e+13 0.000000e+00 -2.803631e+02 0.000000e+00 0.000000e+00 -2.803631e+02 0.000000e+00 0.000000e+00 
6.530185e+14 0.000000e+00 1.000000e+01 1.878169e+04 5.642661e-10 3.328517e+13 0.000000e+00 -2.981176e+02 0.000000e+00 0.000000e+00 -2.981176e+02 0.000000e+00 0.000000e+00 
6.943719e+14 0.000000e+00 1.000000e+01 1.878169e+04 5.146168e-10 3.649647e+13 0.000000e+00 -3.169963e+02 0.000000e+00 0.000000e+00 -3.169963e+02 0.000000e+00 0.000000e+00 
7.383441e+14 0.000000e+00 1.000000e+01 1.878169e+04 4.693361e-10 4.001758e+13 0.000000e+00 -3.370706e+02 0.000000e+00 0.000000e+00 -3.370706e+02 0.000000e+00 0.000000e+00 
7.851009e+14 0.000000e+00 1.000000e+01 1.878169e+04 4.280396e-10 4.387840e+13 0.000000e+00 -3.584161e+02 0.000000e+00 0.000000e+00 -3.584161e+02 0.000000e+00 0.000000e+00 
8.348187e+14 0.000000e+00 1.000000e+01 1.878169e+04 3.903767e-10 4.811171e+13 0.000000e+00 -3.811134e+02 0.000000e+00 0.000000e+00 -3.811134e+02 0.000000e+00 0.000000e+00 
8.876849e+14 0.000000e+00 1.000000e+01 1.878169e+04 3.560278e-10 5.275344e+13 0.000000e+00 -4.052480e+02 0.000000e+00 0.000000e+00 -4.052480e+02 0.000000e+00 0.000000e+00 
9.438989e+14 0.000000e+00 1.000000e+01 1.878169e+04 3.247012e-10 5.784300e+13 0.000000e+00 -4.309110e+02 0.000000e+00 0.000000e+00 -4.309110e+02 0.000000e+00 0.000000e+00 
1.003673e+15 0.000000e+00 1.000000e+01 1.878169e+04 2.961310e-10 6.342359e+13 0.000000e+00 -4.581991e+02 0.000000e+00 0.000000e+00 -4.581991e+02 0.000000e+00 0.000000e+00 
1.067232e+15 0.000000e+00 1.000000e+01 1.878169e+04 2.700747e-10 6.954258e+13 0.000000e+00 -4.872153e+02 0.000000e+00 0.000000e+00 -4.872153e+02 0.000000e+00 0.000000e+00 
1.134816e+15 0.000000e+00 1.000000e+01 1.878169e+04 2.463111e-10 7.625193e+13 0.000000e+00 -5.180689e+02 0.000000e+00 0.000000e+00 -5.180689e+02 0.000000e+00 0.000000e+00 
1.206680e+15 0.000000e+00 1.000000e+01 1.878169e+04 2.246384e-10 8.360857e+13 0.000000e+00 -5.508765e+02 0.000000e+00 0.000000e+00 -5.508765e+02 0.000000e+00 0.000000e+00 
1.283095e+15 0.000000e+00 1.000000e+01 1.878169e+04 2.048726e-10 9.167498e+13 0.000000e+00 -5.857616e+02 0.000000e+00 0.000000e+00 -5.857616e+02 0.000000e+00 0.000000e+00 
1.364349e+15 0.000000e+00 1.000000e+01 1.878169e+04 1.868461e-10 1.005196e+14 0.000000e+00 -6.228559e+02 0.000000e+00 0.000000e+00 -6.228559e+02 0.000000e+00 0.000000e+00 
1.450749e+15 0.000000e+00 1.000000e+01 1.878169e+04 1.704056e-10 1.102176e+14 0.000000e+00 -6.622992e+02 0.000000e+00 0.000000e+00 -6.622992e+02 0.000000e+00 0.000000e+00 
1.542620e+15 0.000000e+00 1.000000e+01 1.878169e+04 1.554118e-10 1.208512e+14 0.000000e+00 -7.042403e+02 0.000000e+00 0.000000e+00 -7.042403e+02 0.000000e+00 0.000000e+00 
1.640308e+15 0.000000e+00 1.000000e+01 1.878169e+04 1.417372e-10 1.325107e+14 0.000000e+00 -7.488375e+02 0.000000e+00 0.000000e+00 -7.488375e+02 0.000000e+00 0.000000e+00 
1.744183e+15 0.000000e+00 1.000000e+01 1.878169e+04 1.292659e-10 1.452950e+14 0.000000e+00 -7.962588e+02 0.000000e+00 0.000000e+00 -7.962588e+02 0.000000e+00 0.000000e+00 
1.854637e+15 0.000000e+00 1.000000e+01 1.878169e+04 1.178919e-10 1.593129e+14 0.000000e+00 -8.466831e+02 0.000000e+00 0.000000e+00 -8.466831e+02 0.000000e+00 0.000000e+00 
1.972084e+15 0.000000e+00 1.000000e+01 1.878169e+04 1.075187e-10 1.746831e+14 0.000000e+00 -9.003006e+02 0.000000e+00 0.000000e+00 -9.003006e+02 0.000000e+00 0.000000e+00 
2.096970e+15 0.000000e+00 1.000000e+01 1.878169e+04 9.805820e-11 1.915362e+14 0.000000e+00 -9.573136e+02 0.000000e+00 0.000000e+00 -9.573136e+02 0.000000e+00 0.000000e+00 
2.229764e+15 0.000000e+00 1.000000e+01 1.878169e+04 8.943014e-11 2.100152e+14 0.000000e+00 -1.017937e+03 0.000000e+00 0.000000e+00 -1.017937e+03 0.000000e+00 0.000000e+00 
2.370967e+15 0.000000e+00 1.000000e+01 1.878169e+04 8.156126e-11 2.302771e+14 0.000000e+00 -1.082399e+03 0.000000e+00 0.000000e+00 -1.082399e+03 0.000000e+00 0.000000e+00 
2.521112e+15 0.000000e+00 1.000000e+01 1.878169e+04 7.438475e-11 2.524939e+14 0.000000e+00 -1.150944e+03 0.000000e+00 0.000000e+00 -1.150944e+03 0.000000e+00 0.000000e+00 
2.680766e+15 0.000000e+00 1.000000e+01 1.878169e+04 6.783970e-11 2.768540e+14 0.000000e+00 -1.223829e+03 0.000000e+00 0.000000e+00 -1.223829e+03 0.000000e+00 0.000000e+00 
2.850529e+15 0.000000e+00 1.000000e+01 1.878169e+04 6.187054e-11 3.035644e+14 0.000000e+00 -1.301330e+03 0.000000e+00 0.000000e+00 -1.301330e+03 0.000000e+00 0.000000e+00 
3.031043e+15 0.000000e+00 1.000000e+01 1.878169e+04 5.642661e-11 3.328517e+14 0.000000e+00 -1.383739e+03 0.000000e+00 0.000000e+00 -1.383739e+03 0.000000e+00 0.000000e+00 
3.222989e+15 0.000000e+00 1.000000e+01 1.878169e+04 5.146168e-11 3.649647e+14 0.000000e+00 -1.471367e+03 0.000000e+00 0.000000e+00 -1.471367e+03 0.000000e+00 0.000000e+00 
3.427090e+15 0.000000e+00 1.000000e+01 1.878169e+04 4.693361e-11 4.001758e+14 0.000000e+00 -1.564543e+03 0.000000e+00 0.000000e+00 -1.564543e+03 0.000000e+00 0.000000e+00 
3.644116e+15 0.000000e+00 1.000000e+01 1.878169e+04 4.280396e-11 4.387840e+14 0.000000e+00 -1.663620e+03 0.000000e+00 0.000000e+00 -1.663620e+03 0.000000e+00 0.000000e+00 
3.874885e+15 0.000000e+00 1.000000e+01 1.878169e+04 3.903767e-11 4.811171e+14 0.000000e+00 -1.768972e+03 0.000000e+00 0.000000e+00 -1.768972e+03 0.000000e+00 0.000000e+00 
4.120268e+15 0.000000e+00 1.000000e+01 1.878169e+04 3.560278e-11 5.275344e+14 0.000000e+00 -1.880995e+03 0.000000e+00 0.000000e+00 -1.880995e+03 0.000000e+00 0.000000e+00 
4.381191e+15 0.000000e+00 1.000000e+01 1.878169e+04 3.247012e-11 5.784300e+14 0.000000e+00 -2.000112e+03 0.000000e+00 0.000000e+00 -2.000112e+03 0.000000e+00 0.000000e+00 
4.658637e+15 0.000000e+00 1.000000e+01 1.878169e+04 2.961310e-11 6.342359e+14 0.000000e+00 -2.126772e+03 0.000000e+00 0.000000e+00 -2.126772e+03 0.000000e+00 0.000000e+00 
4.953652e+15 0.000000e+00 1.000000e+01 1.878169e+04 2.700747e-11 6.954258e+14 0.000000e+00 -2.261453e+03 0.000000e+00 0.000000e+00 -2.261453e+03 0.000000e+00 0.000000e+00 
5.267350e+15 0.000000e+00 1.000000e+01 1.878169e+04 2.463111e-11 7.625193e+14 0.000000e+00 -2.404663e+03 0.000000e+00 0.000000e+00 -2.404663e+03 0.000000e+00 0.000000e+00 
5.600913e+15 0.000000e+00 1.000000e+01 1.878169e+04 2.246384e-11 8.360857e+14 0.000000e+00 -2.556942e+03 0.000000e+00 0.000000e+00 -2.556942e+03 0.000000e+00 0.000000e+00 
5.955600e+15 0.000000e+00 1.000000e+01 1.878169e+04 2.048726e-11 9.167498e+14 0.000000e+00 -2.718864e+03 0.000000e+00 0.000000e+00 -2.718864e+03 0.000000e+00 0.000000e+00 
6.332747e+15 0.000000e+00 1.000000e+01 1.878169e+04 1.868461e-11 1.005196e+15 0.000000e+00 -2.891041e+03 0.000000e+00 0.000000e+00 -2.891041e+03 0.000000e+00 0.000000e+00 
6.733779e+15 0.000000e+00 1.000000e+01 1.878169e+04 1.704056e-11 1.102176e+15 0.000000e+00 -3.074121e+03 0.000000e+00 0.000000e+00 -3.074121e+03 0.000000e+00 0.000000e+00 
7.160206e+15 0.000000e+00 1.000000e+01 1.878169e+04 1.554118e-11 1.208512e+15 0.000000e+00 -3.268794e+03 0.000000e+00 0.000000e+00 -3.268794e+03 0.000000e+00 0.000000e+00 
7.613637e+15 0.000000e+00 1.000000e+01 1.878169e+04 1.417372e-11 1.325107e+15 0.000000e+00 -3.475796e+03 0.000000e+00 0.000000e+00 -3.475796e+03 0.000000e+00 0.000000e+00 
8.095782e+15 0.000000e+00 1.000000e+01 1.878169e+04 1.292659e-11 1.452950e+15 0.000000e+00 -3.695906e+03 0.000000e+00 0.000000e+00 -3.695906e+03 0.000000e+00 0.000000e+00 
8.608461e+15 0.000000e+00 1.000000e+01 1.878169e+04 1.178919e-11 1.593129e+15 0.000000e+00 -3.929955e+03 0.000000e+00 0.000000e+00 -3.929955e+03 0.000000e+00 0.000000e+00 
9.153605e+15 0.000000e+00 1.000000e+01 1.878169e+04 1.075187e-11 1.746831e+15 0.000000e+00 -4.178825e+03 0.000000e+00 0.000000e+00 -4.178825e+03 0.000000e+00 0.000000e+00 
9.733271e+15 0.000000e+00 1.000000e+01 1.878169e+04 9.805820e-12 1.915362e+15 0.000000e+00 -4.443456e+03 0.000000e+00 0.000000e+00 -4.443456e+03 0.000000e+00 0.000000e+00 
1.034965e+16 0.000000e+00 1.000000e+01 1.878169e+04 8.943014e-12 2.100152e+15 0.000000e+00 -4.724845e+03 0.000000e+00 0.000000e+00 -4.724845e+03 0.000000e+00 0.000000e+00 
1.100505e+16 0.000000e+00 1.000000e+01 1.878169e+04 8.156126e-12 2.302771e+15 0.000000e+00 -5.024053e+03 0.000000e+00 0.000000e+00 -5.024053e+03 0.000000e+00 0.000000e+00 
1.170197e+16 0.000000e+00 1.000000e+01 1.878169e+04 7.438475e-12 2.524939e+15 0.000000e+00 -5.342209e+03 0.000000e+00 0.000000e+00 -5.342209e+03 0.000000e+00 0.000000e+00 
1.244301e+16 0.000000e+00 1.000000e+01 1.878169e+04 6.783970e-12 2.768540e+15 0.000000e+00 -5.680513e+03 0.000000e+00 0.000000e+00 -5.680513e+03 0.000000e+00 0.000000e+00 
1.323098e+16 0.000000e+00 1.000000e+01 1.878169e+04 6.187054e-12 3.035644e+15 0.000000e+00 -6.040240e+03 0.000000e+00 0.000000e+00 -6.040240e+03 0.000000e+00 0.000000e+00 
1.406886e+16 0.000000e+00 1.000000e+01 1.878169e+04 5.642661e-12 3.328517e+15 0.000000e+00 -6.422748e+03 0.000000e+00 0.000000e+00 -6.422748e+03 0.000000e+00 0.000000e+00 
1.495979e+16 0.000000e+00 1.000000e+01 1.878169e+04 5.146168e-12 3.649647e+15 0.000000e+00 -6.829479e+03 0.000000e+00 0.000000e+00 -6.829479e+03 0.000000e+00 0.000000e+00 
1.590714e+16 0.000000e+00 1.000000e+01 1.878169e+04 4.693361e-12 4.001758e+15 0.000000e+00 -7.261966e+03 0.000000e+00 0.000000e+00 -7.261966e+03 0.000000e+00 0.000000e+00 
1.691449e+16 0.000000e+00 1.000000e+01 1.878169e+04 4.280396e-12 4.387840e+15 0.000000e+00 -7.721842e+03 0.000000e+00 0.000000e+00 -7.721842e+03 0.000000e+00 0.000000e+00 
1.798562e+16 0.000000e+00 1.000000e+01 1.878169e+04 3.903767e-12 4.811171e+15 0.000000e+00 -8.210839e+03 0.000000e+00 0.000000e+00 -8.210839e+03 0.000000e+00 0.000000e+00 
1.912459e+16 0.000000e+00 1.000000e+01 1.878169e+04 3.560278e-12 5.275344e+15 0.000000e+00 -8.730804e+03 0.000000e+00 0.000000e+00 -8.730804e+03 0.000000e+00 0.000000e+00 
2.033569e+16 0.000000e+00 1.000000e+01 1.878169e+04 3.247012e-12 5.784300e+15 0.000000e+00 -9.283696e+03 0.000000e+00 0.000000e+00 -9.283696e+03 0.000000e+00 0.000000e+00 
2.162348e+16 0.000000e+00 1.000000e+01 1.878169e+04 2.961310e-12 6.342359e+15 0.000000e+00 -9.871600e+03 0.000000e+00 0.000000e+00 -9.871600e+03 0.000000e+00 0.000000e+00 
2.299282e+16 0.000000e+00 1.000000e+01 1.878169e+04 2.700747e-12 6.954258e+15 0.000000e+00 -1.049673e+04 0.000000e+00 0.000000e+00 -1.049673e+04 0.000000e+00 0.000000e+00 
2.444887e+16 0.000000e+00 1.000000e+01 1.878169e+04 2.463111e-12 7.625193e+15 0.000000e+00 -1.116146e+04 0.000000e+00 0.000000e+00 -1.116146e+04 0.000000e+00 0.000000e+00 
2.599714e+16 0.000000e+00 1.000000e+01 1.878169e+04 2.246384e-12 8.360857e+15 0.000000e+00 -1.186827e+04 0.000000e+00 0.000000e+00 -1.186827e+04 0.000000e+00 0.000000e+00 
2.764344e+16 0.000000e+00 1.000000e+01 1.878169e+04 2.048726e-12 9.167498e+15 0.000000e+00 -1.261985e+04 0.000000e+00 0.000000e+00 -1.261985e+04 0.000000e+00 0.000000e+00 
2.939401e+16 0.000000e+00 1.000000e+01 1.878169e+04 1.868461e-12 1.005196e+16 0.000000e+00 -1.341902e+04 0.000000e+00 0.000000e+00 -1.341902e+04 0.000000e+00 0.000000e+00 
3.125543e+16 0.000000e+00 1.000000e+01 1.878169e+04 1.704056e-12 1.102176e+16 0.000000e+00 -1.426880e+04 0.000000e+00 0.000000e+00 -1.426880e+04 0.000000e+00 0.000000e+00 
3.323473e+16 0.000000e+00 1.000000e+01 1.878169e+04 1.554118e-12 1.208512e+16 0.000000e+00 -1.517240e+04 0.000000e+00 0.000000e+00 -1.517240e+04 0.000000e+00 0.000000e+00 
3.533937e+16 0.000000e+00 1.000000e+01 1.878169e+04 1.417372e-12 1.325107e+16 0.000000e+00 -1.613321e+04 0.000000e+00 0.000000e+00 -1.613321e+04 0.000000e+00 0.000000e+00 
3.757729e+16 0.000000e+00 1.000000e+01 1.878169e+04 1.292659e-12 1.452950e+16 0.000000e+00 -1.715487e+04 0.000000e+00 0.000000e+00 -1.715487e+04 0.000000e+00 0.000000e+00 
3.995693e+16 0.000000e+00 1.000000e+01 1.878169e+04 1.178919e-12 1.593129e+16 0.000000e+00 -1.824123e+04 0.000000e+00 0.000000e+00 -1.824123e+04 0.000000e+00 0.000000e+00 
4.248727e+16 0.000000e+00 1.000000e+01 1.878169e+04 1.075187e-12 1.746831e+16 0.000000e+00 -1.939639e+04 0.000000e+00 0.000000e+00 -1.939639e+04 0.000000e+00 0.000000e+00 
4.517784e+16 0.000000e+00 1.000000e+01 1.878169e+04 9.805820e-13 1.915362e+16 0.000000e+00 -2.062470e+04 0.000000e+00 0.000000e+00 -2.062470e+04 0.000000e+00 0.000000e+00 
4.803880e+16 0.000000e+00 1.000000e+01 1.878169e+04 8.943014e-13 2.100152e+16 0.000000e+00 -2.193079e+04 0.000000e+00 0.000000e+00 -2.193079e+04 0.000000e+00 0.000000e+00 
5.108093e+16 0.000000e+00 1.000000e+01 1.878169e+04 8.156126e-13 2.302771e+16 0.000000e+00 -2.331959e+04 0.000000e+00 0.000000e+00 -2.331959e+04 0.000000e+00 0.000000e+00 
5.431571e+16 0.000000e+00 1.000000e+01 1.878169e+04 7.438475e-13 2.524939e+16 0.000000e+00 -2.479634e+04 0.000000e+00 0.000000e+00 -2.479634e+04 0.000000e+00 0.000000e+00 
5.775534e+16 0.000000e+00 1.000000e+01 1.878169e+04 6.783970e-13 2.768540e+16 0.000000e+00 -2.636661e+04 0.000000e+00 0.000000e+00 -2.636661e+04 0.000000e+00 0.000000e+00 
6.141279e+16 0.000000e+00 1.000000e+01 1.878169e+04 6.187054e-13 3.035644e+16 0.000000e+00 -2.803631e+04 0.000000e+00 0.000000e+00 -2.803631e+04 0.000000e+00 0.000000e+00 
6.530185e+16 0.000000e+00 1.000000e+01 1.878169e+04 5.642661e-13 3.328517e+16 0.000000e+00 -2.981176e+04 0.000000e+00 0.000000e+00 -2.981176e+04 0.000000e+00 0.000000e+00 
6.943719e+16 0.000000e+00 1.000000e+01 1.878169e+04 5.146168e-13 3.649647e+16 0.000000e+00 -3.169963e+04 0.000000e+00 0.000000e+00 -3.169963e+04 0.000000e+00 0.000000e+00 
7.383441e+16 0.000000e+00 1.000000e+01 1.878169e+04 4.693361e-13 4.001758e+16 0.000000e+00 -3.370706e+04 0.000000e+00 0.000000e+00 -3.370706e+04 0.000000e+00 0.000000e+00 
7.851009e+16 0.000000e+00 1.000000e+01 1.878169e+04 4.280396e-13 4.387840e+16 0.000000e+00 -3.584161e+04 0.000000e+00 0.000000e+00 -3.584161e+04 0.000000e+00 0.000000e+00 
8.348187e+16 0.000000e+00 1.000000e+01 1.878169e+04 3.903767e-13 4.811171e+16 0.000000e+00 -3.811134e+04 0.000000e+00 0.000000e+00 -3.811134e+04 0.000000e+00 0.000000e+00 
8.876849e+16 0.000000e+00 1.000000e+01 1.878169e+04 3.560278e-13 5.275344e+16 0.000000e+00 -4.052480e+04 0.000000e+00 0.000000e+00 -4.052480e+04 0.000000e+00 0.000000e+00 
9.438989e+16 0.000000e+00 1.000000e+01 1.878169e+04 3.247012e-13 5.784300e+16 0.000000e+00 -4.309110e+04 0.000000e+00 0.000000e+00 -4.309110e+04 0.000000e+00 0.000000e+00 
1.003673e+17 0.000000e+00 1.000000e+01 1.878169e+04 2.961310e-13 6.342359e+16 0.000000e+00 -4.581991e+04 0.000000e+00 0.000000e+00 -4.581991e+04 0.000000e+00 0.000000e+00 
1.067232e+17 0.000000e+00 1.000000e+01 1.878169e+04 2.700747e-13 6.954258e+16 0.000000e+00 -4.872153e+04 0.000000e+00 0.000000e+00 -4.872153e+04 0.000000e+00 0.000000e+00 
1.134816e+17 0.000000e+00 1.000000e+01 1.878169e+04 2.463111e-13 7.625193e+16 0.000000e+00 -5.180689e+04 0.000000e+00 0.000000e+00 -5.180689e+04 0.000000e+00 0.000000e+00 
1.206680e+17 0.000000e+00 1.000000e+01 1.878169e+04 2.246384e-13 8.360857e+16 0.000000e+00 -5.508765e+04 0.000000e+00 0.000000e+00 -5.508765e+04 0.000000e+00 0.000000e+00 
1.283095e+17 0.000000e+00 1.000000e+01 1.878169e+04 2.048726e-13 9.167498e+16 0.000000e+00 -5.857616e+04 0.000000e+00 0.000000e+00 -5.857616e+04 0.000000e+00 0.000000e+00 
1.364349e+17 0.000000e+00 1.000000e+01 1.878169e+04 1.868461e-13 1.005196e+17 0.000000e+00 -6.228559e+04 0.000000e+00 0.000000e+00 -6.228559e+04 0.000000e+00 0.000000e+00 
1.450749e+17 0.000000e+00 1.000000e+01 1.878169e+04 1.704056e-13 1.102176e+17 0.000000e+00 -6.622992e+04 0.000000e+00 0.000000e+00 -6.622992e+04 0.000000e+00 0.000000e+00 
