time(s)          = 5.680246e+12
time(solar year) = 1.800000e+05
star mass (g)    = 1.530528e+33
star mass (Msun) = 7.697284e-01
total mass (g)   = 1.865980e+33
mdot (g/s)       = 1.030183e+20
mdot (Msun/yr)   = 1.634953e-06
1.542620e+13 4.281956e+04 1.480393e+02 7.226421e+04 1.669194e-07 4.329288e+11 2.922396e-02 -5.738750e+00 -5.526519e+00 1.542410e+03 -1.016423e+00 3.434142e+02 -9.745754e+01 
1.640308e+13 3.863064e+04 1.441944e+02 7.131961e+04 1.524295e-07 4.678859e+11 2.950020e-02 -2.542410e+01 -2.551356e+01 3.440536e+03 -1.117437e+00 1.957268e+02 -2.306023e+02 
1.744183e+13 3.489990e+04 1.404494e+02 7.038736e+04 1.392007e-07 5.056537e+11 3.033741e-02 -2.691956e+01 -2.659335e+01 3.445145e+03 -1.228689e+00 1.310598e+02 -2.326394e+02 
1.854637e+13 3.148938e+04 1.368016e+02 6.946729e+04 1.271230e-07 5.464572e+11 3.064474e-02 -1.189992e+01 -1.141483e+01 3.466347e+03 -1.351251e+00 1.203371e+02 -2.188857e+02 
1.972084e+13 2.842017e+04 1.332486e+02 6.855925e+04 1.160960e-07 5.905394e+11 3.106087e-02 4.692138e+00 5.357416e+00 3.482696e+03 -1.486314e+00 1.105305e+02 -2.032708e+02 
2.096970e+13 2.561552e+04 1.297879e+02 6.766309e+04 1.060279e-07 6.381629e+11 3.089890e-02 -2.305024e+01 -2.236191e+01 3.484660e+03 -1.635204e+00 1.015116e+02 -2.310904e+02 
2.229764e+13 2.316223e+04 1.264170e+02 6.677863e+04 9.683540e-08 6.896097e+11 3.209321e-02 -2.547435e+01 -2.464710e+01 3.481915e+03 -1.799395e+00 9.335772e+01 -2.333343e+02 
2.370967e+13 2.088085e+04 1.231337e+02 6.590574e+04 8.844209e-08 7.451852e+11 3.199129e-02 -2.325418e+01 -2.226053e+01 3.503213e+03 -1.980527e+00 8.576747e+01 -2.323718e+02 
2.521112e+13 1.887851e+04 1.199357e+02 6.504426e+04 8.077835e-08 8.052189e+11 3.312822e-02 -1.140688e+01 -1.018104e+01 3.507747e+03 -2.180435e+00 7.880320e+01 -2.207919e+02 
2.680766e+13 1.700707e+04 1.168207e+02 6.419403e+04 7.378057e-08 8.700669e+11 3.268828e-02 -2.692740e+01 -2.556863e+01 3.523243e+03 -2.401167e+00 7.233545e+01 -2.372070e+02 
2.850529e+13 1.539149e+04 1.137866e+02 6.335492e+04 6.739080e-08 9.401123e+11 3.425890e-02 -2.163381e+01 -2.002270e+01 3.518610e+03 -2.645014e+00 6.645655e+01 -2.316282e+02 
3.031043e+13 1.386199e+04 1.108314e+02 6.252678e+04 6.155606e-08 1.015770e+12 3.365996e-02 -3.049772e+01 -2.868094e+01 3.541552e+03 -2.914548e+00 6.096207e+01 -2.418367e+02 
3.222989e+13 1.255195e+04 1.079529e+02 6.170947e+04 5.622805e-08 1.097485e+12 3.547976e-02 -2.071192e+01 -1.856655e+01 3.535620e+03 -3.212655e+00 5.596376e+01 -2.316930e+02 
3.427090e+13 1.129868e+04 1.051491e+02 6.090284e+04 5.136263e-08 1.185742e+12 3.459644e-02 -3.393794e+01 -3.154788e+01 3.560598e+03 -3.542590e+00 5.127336e+01 -2.463812e+02 
3.644116e+13 1.023883e+04 1.024182e+02 6.010675e+04 4.691955e-08 1.281060e+12 3.678351e-02 -2.487777e+01 -2.209072e+01 3.549318e+03 -3.908023e+00 4.702555e+01 -2.366446e+02 
3.874885e+13 9.212287e+03 9.975815e+01 5.932107e+04 4.286205e-08 1.384000e+12 3.563326e-02 -3.878113e+01 -3.567986e+01 3.578594e+03 -4.313116e+00 4.301420e+01 -2.522664e+02 
4.120268e+13 8.354620e+03 9.716723e+01 5.854565e+04 3.915659e-08 1.495167e+12 3.820377e-02 -2.757454e+01 -2.397739e+01 3.563327e+03 -4.762595e+00 3.939252e+01 -2.401494e+02 
4.381191e+13 7.512799e+03 9.464360e+01 5.778038e+04 3.577253e-08 1.615216e+12 3.672584e-02 -4.317156e+01 -3.917541e+01 3.596884e+03 -5.261855e+00 3.594897e+01 -2.577199e+02 
4.658637e+13 6.819004e+03 9.218552e+01 5.702510e+04 3.268194e-08 1.744851e+12 3.972285e-02 -2.981114e+01 -2.519671e+01 3.576995e+03 -5.817086e+00 3.285327e+01 -2.431782e+02 
4.953652e+13 6.127935e+03 8.979127e+01 5.627970e+04 2.985928e-08 1.884831e+12 3.785596e-02 -4.707740e+01 -4.195319e+01 3.615430e+03 -6.435419e+00 2.988989e+01 -2.627095e+02 
5.267350e+13 5.566909e+03 8.745921e+01 5.554405e+04 2.728128e-08 2.035977e+12 4.132100e-02 -3.063183e+01 -2.473210e+01 3.590694e+03 -7.125141e+00 2.724037e+01 -2.448001e+02 
5.600913e+13 4.998797e+03 8.518772e+01 5.481801e+04 2.492664e-08 2.199173e+12 3.897822e-02 -4.970811e+01 -4.315374e+01 3.634667e+03 -7.895944e+00 2.468859e+01 -2.664731e+02 
5.955600e+13 4.545383e+03 8.297522e+01 5.410146e+04 2.277598e-08 2.375373e+12 4.295593e-02 -2.925294e+01 -2.172064e+01 3.604664e+03 -8.759294e+00 2.242028e+01 -2.442484e+02 
6.332747e+13 4.077556e+03 8.082018e+01 5.339427e+04 2.081156e-08 2.565607e+12 4.002436e-02 -5.015205e+01 -4.177186e+01 3.655057e+03 -9.728907e+00 2.021947e+01 -2.681298e+02 
6.733779e+13 3.711393e+03 7.872112e+01 5.269633e+04 1.901721e-08 2.770981e+12 4.455938e-02 -2.451481e+01 -1.489099e+01 3.619291e+03 -1.082147e+01 1.826446e+01 -2.403909e+02 
7.160206e+13 3.325340e+03 7.667657e+01 5.200751e+04 1.737814e-08 2.992697e+12 4.089251e-02 -4.701776e+01 -3.627899e+01 3.677288e+03 -1.205768e+01 1.633925e+01 -2.663358e+02 
7.613637e+13 3.029939e+03 7.468513e+01 5.132770e+04 1.588089e-08 3.232041e+12 4.602397e-02 -1.472199e+01 -2.378545e+00 3.635204e+03 -1.346392e+01 1.460428e+01 -2.315798e+02 
8.095782e+13 2.710527e+03 7.274540e+01 5.065677e+04 1.451313e-08 3.490411e+12 4.143152e-02 -3.804024e+01 -2.419139e+01 3.702477e+03 -1.507507e+01 1.285485e+01 -2.589087e+02 
8.608461e+13 2.472513e+03 7.085606e+01 4.999462e+04 1.326363e-08 3.769302e+12 4.717926e-02 2.972026e+00 1.894317e+01 3.653616e+03 -1.693978e+01 1.124136e+01 -2.150619e+02 
9.153605e+13 2.207300e+03 6.901578e+01 4.934111e+04 1.212211e-08 4.070342e+12 4.140745e-02 -1.891884e+01 -8.238568e-01 3.732762e+03 -1.913131e+01 9.615336e+00 -2.417000e+02 
9.733271e+13 2.015765e+03 6.722330e+01 4.869615e+04 1.107922e-08 4.395270e+12 4.773632e-02 3.320513e+01 5.425349e+01 3.676915e+03 -2.177605e+01 8.143779e+00 -1.863606e+02 
1.034965e+14 1.794467e+03 6.547737e+01 4.805962e+04 1.012638e-08 4.745984e+12 4.044854e-02 1.647347e+01 4.088651e+01 3.771695e+03 -2.515781e+01 6.694942e+00 -2.088081e+02 
1.100505e+14 1.640529e+03 6.377679e+01 4.743142e+04 9.255797e-09 5.124509e+12 4.722887e-02 9.587150e+01 1.262202e+02 3.715428e+03 -3.070125e+01 5.175389e+00 -1.262529e+02 
1.170197e+14 1.453279e+03 6.212038e+01 4.681142e+04 8.460304e-09 5.533066e+12 3.758032e-02 1.570859e+02 1.925298e+02 3.858018e+03 -3.544387e+01 0.000000e+00 -7.434499e+01 
1.244301e+14 1.325758e+03 6.050699e+01 4.619953e+04 7.733386e-09 5.974036e+12 4.286607e-02 1.012196e+02 1.387377e+02 3.745393e+03 -3.751805e+01 0.000000e+00 -1.234115e+02 
1.323098e+14 1.175814e+03 5.893550e+01 4.559563e+04 7.069123e-09 6.449970e+12 3.436216e-02 1.564169e+02 1.961283e+02 3.874387e+03 -3.971140e+01 0.000000e+00 -7.599811e+01 
1.406886e+14 1.070571e+03 5.740483e+01 4.499963e+04 6.462087e-09 6.963638e+12 3.836101e-02 1.066309e+02 1.486616e+02 3.774862e+03 -4.203077e+01 0.000000e+00 -1.197753e+02 
1.495979e+14 9.503323e+02 5.591391e+01 4.441142e+04 5.907337e-09 7.518010e+12 3.085898e-02 1.561298e+02 2.006130e+02 3.893528e+03 -4.448320e+01 0.000000e+00 -7.743614e+01 
1.590714e+14 8.636154e+02 5.446171e+01 4.383090e+04 5.400348e-09 8.116310e+12 3.368990e-02 1.123372e+02 1.594135e+02 3.806687e+03 -4.707634e+01 0.000000e+00 -1.159860e+02 
1.691449e+14 7.670197e+02 5.304723e+01 4.325797e+04 4.936998e-09 8.761998e+12 2.704638e-02 1.563825e+02 2.062006e+02 3.916882e+03 -4.981807e+01 0.000000e+00 -7.858806e+01 
1.798562e+14 6.956673e+02 5.166948e+01 4.269252e+04 4.513511e-09 9.458827e+12 2.882305e-02 1.185678e+02 1.712848e+02 3.842743e+03 -5.271697e+01 0.000000e+00 -1.119269e+02 
1.912459e+14 6.178519e+02 5.032752e+01 4.213447e+04 4.126448e-09 1.021083e+13 2.289146e-02 1.573356e+02 2.131175e+02 3.947093e+03 -5.578190e+01 0.000000e+00 -7.945176e+01 
2.033569e+14 5.592030e+02 4.902041e+01 4.158371e+04 3.772660e-09 1.102239e+13 2.372440e-02 1.254996e+02 1.845220e+02 3.886637e+03 -5.902249e+01 0.000000e+00 -1.076379e+02 
2.162348e+14 4.962236e+02 4.774725e+01 4.104015e+04 3.449274e-09 1.189820e+13 1.835318e-02 1.591424e+02 2.215912e+02 3.989605e+03 -6.244880e+01 0.000000e+00 -8.020046e+01 
2.299282e+14 4.480265e+02 4.650716e+01 4.050370e+04 3.153663e-09 1.284338e+13 1.835133e-02 1.331780e+02 1.992496e+02 3.946669e+03 -6.607169e+01 0.000000e+00 -1.035709e+02 
2.444887e+14 3.965728e+02 4.529928e+01 3.997425e+04 2.883428e-09 1.386345e+13 1.338389e-02 1.619466e+02 2.318494e+02 4.057994e+03 -6.990279e+01 0.000000e+00 -8.150467e+01 
2.599714e+14 3.568612e+02 4.412276e+01 3.945173e+04 2.636376e-09 1.496438e+13 1.265455e-02 1.413456e+02 2.153001e+02 4.048603e+03 -7.395451e+01 0.000000e+00 -1.015277e+02 
2.764344e+14 3.137527e+02 4.297680e+01 3.893604e+04 2.410495e-09 1.615272e+13 7.931863e-03 1.659367e+02 2.441776e+02 4.201030e+03 -7.824085e+01 0.000000e+00 -8.609940e+01 
2.939401e+14 2.804733e+02 4.186061e+01 3.842709e+04 2.203952e-09 1.743554e+13 6.577261e-03 1.486964e+02 2.314732e+02 4.367503e+03 -8.277674e+01 0.000000e+00 -1.133068e+02 
3.125543e+14 2.389651e+02 4.077340e+01 3.792479e+04 2.015016e-09 1.882109e+13 1.936940e-03 1.717966e+02 2.593801e+02 9.703314e+03 -8.758355e+01 0.000000e+00 -4.100707e+02 
3.323473e+14 6.799636e+01 3.971444e+01 3.742906e+04 1.840662e-09 2.033456e+13 1.000000e-04 1.373339e+02 2.301662e+02 3.587706e+04 -9.283228e+01 0.000000e+00 -2.013512e+03 
3.533937e+14 3.627397e+00 3.868297e+01 3.693981e+04 1.679397e-09 2.199588e+13 1.000000e-04 -3.501284e+01 6.361684e+01 1.945939e+05 -9.862967e+01 0.000000e+00 -1.170019e+04 
3.757729e+14 6.885243e-02 3.767830e+01 3.645695e+04 1.531665e-09 2.380218e+13 1.000000e-04 7.480271e+01 1.796732e+02 5.497083e+05 -1.048705e+02 0.000000e+00 -3.287820e+04 
3.995693e+14 2.078756e-03 3.669971e+01 3.598041e+04 1.396895e-09 2.575741e+13 1.000000e-04 1.938351e+00 1.134499e+02 3.471131e+05 -1.115115e+02 0.000000e+00 -2.080622e+04 
4.248727e+14 4.258662e-05 3.574655e+01 3.551009e+04 1.273984e-09 2.787327e+13 1.000000e-04 4.938069e+01 1.679538e+02 5.138484e+05 -1.185731e+02 0.000000e+00 -3.075395e+04 
4.517784e+14 1.022694e-06 3.481814e+01 3.504592e+04 1.161887e-09 3.016294e+13 1.000000e-04 1.782656e+01 1.439085e+02 4.402845e+05 -1.260820e+02 0.000000e+00 -2.637562e+04 
4.803880e+14 2.137186e-08 3.391384e+01 3.458782e+04 1.059654e-09 3.264069e+13 1.000000e-04 3.189623e+01 1.659625e+02 5.078970e+05 -1.340663e+02 0.000000e+00 -3.041467e+04 
5.108093e+14 1.206460e-09 3.303303e+01 3.413571e+04 9.664155e-10 3.532198e+13 1.000000e-04 -8.130782e+01 6.124845e+01 1.879066e+05 -1.425563e+02 0.000000e+00 -1.134562e+04 
5.431571e+14 1.562100e-10 3.217509e+01 3.368951e+04 8.813814e-10 3.822353e+13 1.000000e-04 -1.251165e+02 2.646736e+01 8.156266e+04 -1.515839e+02 0.000000e+00 -5.014499e+03 
5.775534e+14 2.181761e-11 3.133944e+01 3.324914e+04 8.038294e-10 4.136342e+13 1.000000e-04 -1.365883e+02 2.459481e+01 7.584330e+04 -1.611832e+02 0.000000e+00 -4.683117e+03 
6.141279e+14 3.076789e-12 3.052549e+01 3.281452e+04 7.331011e-10 4.476125e+13 1.000000e-04 -1.469326e+02 2.445774e+01 7.542880e+04 -1.713903e+02 0.000000e+00 -4.668613e+03 
6.530185e+14 4.353775e-13 2.973268e+01 3.238559e+04 6.685962e-10 4.843819e+13 1.000000e-04 -1.577633e+02 2.448060e+01 7.550056e+04 -1.822439e+02 0.000000e+00 -4.683746e+03 
6.943719e+14 6.152032e-14 2.896047e+01 3.196226e+04 6.097670e-10 5.241718e+13 1.000000e-04 -1.690840e+02 2.470076e+01 7.609872e+04 -1.937848e+02 0.000000e+00 -4.730924e+03 
7.383441e+14 7.600422e-15 2.820830e+01 3.154447e+04 5.561141e-10 5.672302e+13 1.000000e-04 -1.770669e+02 2.898962e+01 8.867509e+04 -2.060565e+02 0.000000e+00 -5.492814e+03 
7.851009e+14 6.983750e-22 1.000000e+01 1.878169e+04 5.071821e-10 3.703146e+13 0.000000e+00 -2.191054e+02 0.000000e+00 0.000000e+00 -2.191054e+02 0.000000e+00 0.000000e+00 
8.348187e+14 0.000000e+00 1.000000e+01 1.878169e+04 4.625555e-10 4.060419e+13 0.000000e+00 -2.329805e+02 0.000000e+00 0.000000e+00 -2.329805e+02 0.000000e+00 0.000000e+00 
8.876849e+14 0.000000e+00 1.000000e+01 1.878169e+04 4.218557e-10 4.452161e+13 0.000000e+00 -2.477344e+02 0.000000e+00 0.000000e+00 -2.477344e+02 0.000000e+00 0.000000e+00 
9.438989e+14 0.000000e+00 1.000000e+01 1.878169e+04 3.847369e-10 4.881697e+13 0.000000e+00 -2.634226e+02 0.000000e+00 0.000000e+00 -2.634226e+02 0.000000e+00 0.000000e+00 
1.003673e+15 0.000000e+00 1.000000e+01 1.878169e+04 3.508843e-10 5.352675e+13 0.000000e+00 -2.801042e+02 0.000000e+00 0.000000e+00 -2.801042e+02 0.000000e+00 0.000000e+00 
1.067232e+15 0.000000e+00 1.000000e+01 1.878169e+04 3.200103e-10 5.869091e+13 0.000000e+00 -2.978423e+02 0.000000e+00 0.000000e+00 -2.978423e+02 0.000000e+00 0.000000e+00 
1.134816e+15 0.000000e+00 1.000000e+01 1.878169e+04 2.918528e-10 6.435330e+13 0.000000e+00 -3.167036e+02 0.000000e+00 0.000000e+00 -3.167036e+02 0.000000e+00 0.000000e+00 
1.206680e+15 0.000000e+00 1.000000e+01 1.878169e+04 2.661729e-10 7.056199e+13 0.000000e+00 -3.367593e+02 0.000000e+00 0.000000e+00 -3.367593e+02 0.000000e+00 0.000000e+00 
1.283095e+15 0.000000e+00 1.000000e+01 1.878169e+04 2.427526e-10 7.736969e+13 0.000000e+00 -3.580852e+02 0.000000e+00 0.000000e+00 -3.580852e+02 0.000000e+00 0.000000e+00 
1.364349e+15 0.000000e+00 1.000000e+01 1.878169e+04 2.213930e-10 8.483418e+13 0.000000e+00 -3.807615e+02 0.000000e+00 0.000000e+00 -3.807615e+02 0.000000e+00 0.000000e+00 
1.450749e+15 0.000000e+00 1.000000e+01 1.878169e+04 2.019128e-10 9.301883e+13 0.000000e+00 -4.048738e+02 0.000000e+00 0.000000e+00 -4.048738e+02 0.000000e+00 0.000000e+00 
1.542620e+15 0.000000e+00 1.000000e+01 1.878169e+04 1.841467e-10 1.019931e+14 0.000000e+00 -4.305131e+02 0.000000e+00 0.000000e+00 -4.305131e+02 0.000000e+00 0.000000e+00 
1.640308e+15 0.000000e+00 1.000000e+01 1.878169e+04 1.679438e-10 1.118332e+14 0.000000e+00 -4.577760e+02 0.000000e+00 0.000000e+00 -4.577760e+02 0.000000e+00 0.000000e+00 
1.744183e+15 0.000000e+00 1.000000e+01 1.878169e+04 1.531665e-10 1.226227e+14 0.000000e+00 -4.867654e+02 0.000000e+00 0.000000e+00 -4.867654e+02 0.000000e+00 0.000000e+00 
1.854637e+15 0.000000e+00 1.000000e+01 1.878169e+04 1.396895e-10 1.344531e+14 0.000000e+00 -5.175905e+02 0.000000e+00 0.000000e+00 -5.175905e+02 0.000000e+00 0.000000e+00 
1.972084e+15 0.000000e+00 1.000000e+01 1.878169e+04 1.273984e-10 1.474249e+14 0.000000e+00 -5.503678e+02 0.000000e+00 0.000000e+00 -5.503678e+02 0.000000e+00 0.000000e+00 
2.096970e+15 0.000000e+00 1.000000e+01 1.878169e+04 1.161887e-10 1.616482e+14 0.000000e+00 -5.852207e+02 0.000000e+00 0.000000e+00 -5.852207e+02 0.000000e+00 0.000000e+00 
2.229764e+15 0.000000e+00 1.000000e+01 1.878169e+04 1.059654e-10 1.772437e+14 0.000000e+00 -6.222807e+02 0.000000e+00 0.000000e+00 -6.222807e+02 0.000000e+00 0.000000e+00 
2.370967e+15 0.000000e+00 1.000000e+01 1.878169e+04 9.664155e-11 1.943439e+14 0.000000e+00 -6.616876e+02 0.000000e+00 0.000000e+00 -6.616876e+02 0.000000e+00 0.000000e+00 
2.521112e+15 0.000000e+00 1.000000e+01 1.878169e+04 8.813814e-11 2.130938e+14 0.000000e+00 -7.035900e+02 0.000000e+00 0.000000e+00 -7.035900e+02 0.000000e+00 0.000000e+00 
2.680766e+15 0.000000e+00 1.000000e+01 1.878169e+04 8.038294e-11 2.336527e+14 0.000000e+00 -7.481459e+02 0.000000e+00 0.000000e+00 -7.481459e+02 0.000000e+00 0.000000e+00 
2.850529e+15 0.000000e+00 1.000000e+01 1.878169e+04 7.331011e-11 2.561951e+14 0.000000e+00 -7.955235e+02 0.000000e+00 0.000000e+00 -7.955235e+02 0.000000e+00 0.000000e+00 
3.031043e+15 0.000000e+00 1.000000e+01 1.878169e+04 6.685962e-11 2.809124e+14 0.000000e+00 -8.459012e+02 0.000000e+00 0.000000e+00 -8.459012e+02 0.000000e+00 0.000000e+00 
3.222989e+15 0.000000e+00 1.000000e+01 1.878169e+04 6.097670e-11 3.080143e+14 0.000000e+00 -8.994693e+02 0.000000e+00 0.000000e+00 -8.994693e+02 0.000000e+00 0.000000e+00 
3.427090e+15 0.000000e+00 1.000000e+01 1.878169e+04 5.561141e-11 3.377309e+14 0.000000e+00 -9.564296e+02 0.000000e+00 0.000000e+00 -9.564296e+02 0.000000e+00 0.000000e+00 
3.644116e+15 0.000000e+00 1.000000e+01 1.878169e+04 5.071821e-11 3.703146e+14 0.000000e+00 -1.016997e+03 0.000000e+00 0.000000e+00 -1.016997e+03 0.000000e+00 0.000000e+00 
3.874885e+15 0.000000e+00 1.000000e+01 1.878169e+04 4.625555e-11 4.060419e+14 0.000000e+00 -1.081400e+03 0.000000e+00 0.000000e+00 -1.081400e+03 0.000000e+00 0.000000e+00 
4.120268e+15 0.000000e+00 1.000000e+01 1.878169e+04 4.218557e-11 4.452161e+14 0.000000e+00 -1.149881e+03 0.000000e+00 0.000000e+00 -1.149881e+03 0.000000e+00 0.000000e+00 
4.381191e+15 0.000000e+00 1.000000e+01 1.878169e+04 3.847369e-11 4.881697e+14 0.000000e+00 -1.222699e+03 0.000000e+00 0.000000e+00 -1.222699e+03 0.000000e+00 0.000000e+00 
4.658637e+15 0.000000e+00 1.000000e+01 1.878169e+04 3.508843e-11 5.352675e+14 0.000000e+00 -1.300129e+03 0.000000e+00 0.000000e+00 -1.300129e+03 0.000000e+00 0.000000e+00 
4.953652e+15 0.000000e+00 1.000000e+01 1.878169e+04 3.200103e-11 5.869091e+14 0.000000e+00 -1.382461e+03 0.000000e+00 0.000000e+00 -1.382461e+03 0.000000e+00 0.000000e+00 
5.267350e+15 0.000000e+00 1.000000e+01 1.878169e+04 2.918528e-11 6.435330e+14 0.000000e+00 -1.470008e+03 0.000000e+00 0.000000e+00 -1.470008e+03 0.000000e+00 0.000000e+00 
5.600913e+15 0.000000e+00 1.000000e+01 1.878169e+04 2.661729e-11 7.056199e+14 0.000000e+00 -1.563098e+03 0.000000e+00 0.000000e+00 -1.563098e+03 0.000000e+00 0.000000e+00 
5.955600e+15 0.000000e+00 1.000000e+01 1.878169e+04 2.427526e-11 7.736969e+14 0.000000e+00 -1.662084e+03 0.000000e+00 0.000000e+00 -1.662084e+03 0.000000e+00 0.000000e+00 
6.332747e+15 0.000000e+00 1.000000e+01 1.878169e+04 2.213930e-11 8.483418e+14 0.000000e+00 -1.767338e+03 0.000000e+00 0.000000e+00 -1.767338e+03 0.000000e+00 0.000000e+00 
6.733779e+15 0.000000e+00 1.000000e+01 1.878169e+04 2.019128e-11 9.301883e+14 0.000000e+00 -1.879258e+03 0.000000e+00 0.000000e+00 -1.879258e+03 0.000000e+00 0.000000e+00 
7.160206e+15 0.000000e+00 1.000000e+01 1.878169e+04 1.841467e-11 1.019931e+15 0.000000e+00 -1.998265e+03 0.000000e+00 0.000000e+00 -1.998265e+03 0.000000e+00 0.000000e+00 
7.613637e+15 0.000000e+00 1.000000e+01 1.878169e+04 1.679438e-11 1.118332e+15 0.000000e+00 -2.124808e+03 0.000000e+00 0.000000e+00 -2.124808e+03 0.000000e+00 0.000000e+00 
8.095782e+15 0.000000e+00 1.000000e+01 1.878169e+04 1.531665e-11 1.226227e+15 0.000000e+00 -2.259365e+03 0.000000e+00 0.000000e+00 -2.259365e+03 0.000000e+00 0.000000e+00 
8.608461e+15 0.000000e+00 1.000000e+01 1.878169e+04 1.396895e-11 1.344531e+15 0.000000e+00 -2.402442e+03 0.000000e+00 0.000000e+00 -2.402442e+03 0.000000e+00 0.000000e+00 
9.153605e+15 0.000000e+00 1.000000e+01 1.878169e+04 1.273984e-11 1.474249e+15 0.000000e+00 -2.554581e+03 0.000000e+00 0.000000e+00 -2.554581e+03 0.000000e+00 0.000000e+00 
9.733271e+15 0.000000e+00 1.000000e+01 1.878169e+04 1.161887e-11 1.616482e+15 0.000000e+00 -2.716354e+03 0.000000e+00 0.000000e+00 -2.716354e+03 0.000000e+00 0.000000e+00 
1.034965e+16 0.000000e+00 1.000000e+01 1.878169e+04 1.059654e-11 1.772437e+15 0.000000e+00 -2.888371e+03 0.000000e+00 0.000000e+00 -2.888371e+03 0.000000e+00 0.000000e+00 
1.100505e+16 0.000000e+00 1.000000e+01 1.878169e+04 9.664155e-12 1.943439e+15 0.000000e+00 -3.071282e+03 0.000000e+00 0.000000e+00 -3.071282e+03 0.000000e+00 0.000000e+00 
1.170197e+16 0.000000e+00 1.000000e+01 1.878169e+04 8.813814e-12 2.130938e+15 0.000000e+00 -3.265775e+03 0.000000e+00 0.000000e+00 -3.265775e+03 0.000000e+00 0.000000e+00 
1.244301e+16 0.000000e+00 1.000000e+01 1.878169e+04 8.038294e-12 2.336527e+15 0.000000e+00 -3.472586e+03 0.000000e+00 0.000000e+00 -3.472586e+03 0.000000e+00 0.000000e+00 
1.323098e+16 0.000000e+00 1.000000e+01 1.878169e+04 7.331011e-12 2.561951e+15 0.000000e+00 -3.692493e+03 0.000000e+00 0.000000e+00 -3.692493e+03 0.000000e+00 0.000000e+00 
1.406886e+16 0.000000e+00 1.000000e+01 1.878169e+04 6.685962e-12 2.809124e+15 0.000000e+00 -3.926326e+03 0.000000e+00 0.000000e+00 -3.926326e+03 0.000000e+00 0.000000e+00 
1.495979e+16 0.000000e+00 1.000000e+01 1.878169e+04 6.097670e-12 3.080143e+15 0.000000e+00 -4.174966e+03 0.000000e+00 0.000000e+00 -4.174966e+03 0.000000e+00 0.000000e+00 
1.590714e+16 0.000000e+00 1.000000e+01 1.878169e+04 5.561141e-12 3.377309e+15 0.000000e+00 -4.439353e+03 0.000000e+00 0.000000e+00 -4.439353e+03 0.000000e+00 0.000000e+00 
1.691449e+16 0.000000e+00 1.000000e+01 1.878169e+04 5.071821e-12 3.703146e+15 0.000000e+00 -4.720482e+03 0.000000e+00 0.000000e+00 -4.720482e+03 0.000000e+00 0.000000e+00 
1.798562e+16 0.000000e+00 1.000000e+01 1.878169e+04 4.625555e-12 4.060419e+15 0.000000e+00 -5.019414e+03 0.000000e+00 0.000000e+00 -5.019414e+03 0.000000e+00 0.000000e+00 
1.912459e+16 0.000000e+00 1.000000e+01 1.878169e+04 4.218557e-12 4.452161e+15 0.000000e+00 -5.337276e+03 0.000000e+00 0.000000e+00 -5.337276e+03 0.000000e+00 0.000000e+00 
2.033569e+16 0.000000e+00 1.000000e+01 1.878169e+04 3.847369e-12 4.881697e+15 0.000000e+00 -5.675267e+03 0.000000e+00 0.000000e+00 -5.675267e+03 0.000000e+00 0.000000e+00 
2.162348e+16 0.000000e+00 1.000000e+01 1.878169e+04 3.508843e-12 5.352675e+15 0.000000e+00 -6.034663e+03 0.000000e+00 0.000000e+00 -6.034663e+03 0.000000e+00 0.000000e+00 
2.299282e+16 0.000000e+00 1.000000e+01 1.878169e+04 3.200103e-12 5.869091e+15 0.000000e+00 -6.416817e+03 0.000000e+00 0.000000e+00 -6.416817e+03 0.000000e+00 0.000000e+00 
2.444887e+16 0.000000e+00 1.000000e+01 1.878169e+04 2.918528e-12 6.435330e+15 0.000000e+00 -6.823172e+03 0.000000e+00 0.000000e+00 -6.823172e+03 0.000000e+00 0.000000e+00 
2.599714e+16 0.000000e+00 1.000000e+01 1.878169e+04 2.661729e-12 7.056199e+15 0.000000e+00 -7.255260e+03 0.000000e+00 0.000000e+00 -7.255260e+03 0.000000e+00 0.000000e+00 
2.764344e+16 0.000000e+00 1.000000e+01 1.878169e+04 2.427526e-12 7.736969e+15 0.000000e+00 -7.714711e+03 0.000000e+00 0.000000e+00 -7.714711e+03 0.000000e+00 0.000000e+00 
2.939401e+16 0.000000e+00 1.000000e+01 1.878169e+04 2.213930e-12 8.483418e+15 0.000000e+00 -8.203257e+03 0.000000e+00 0.000000e+00 -8.203257e+03 0.000000e+00 0.000000e+00 
3.125543e+16 0.000000e+00 1.000000e+01 1.878169e+04 2.019128e-12 9.301883e+15 0.000000e+00 -8.722741e+03 0.000000e+00 0.000000e+00 -8.722741e+03 0.000000e+00 0.000000e+00 
3.323473e+16 0.000000e+00 1.000000e+01 1.878169e+04 1.841467e-12 1.019931e+16 0.000000e+00 -9.275123e+03 0.000000e+00 0.000000e+00 -9.275123e+03 0.000000e+00 0.000000e+00 
3.533937e+16 0.000000e+00 1.000000e+01 1.878169e+04 1.679438e-12 1.118332e+16 0.000000e+00 -9.862484e+03 0.000000e+00 0.000000e+00 -9.862484e+03 0.000000e+00 0.000000e+00 
3.757729e+16 0.000000e+00 1.000000e+01 1.878169e+04 1.531665e-12 1.226227e+16 0.000000e+00 -1.048704e+04 0.000000e+00 0.000000e+00 -1.048704e+04 0.000000e+00 0.000000e+00 
3.995693e+16 0.000000e+00 1.000000e+01 1.878169e+04 1.396895e-12 1.344531e+16 0.000000e+00 -1.115115e+04 0.000000e+00 0.000000e+00 -1.115115e+04 0.000000e+00 0.000000e+00 
4.248727e+16 0.000000e+00 1.000000e+01 1.878169e+04 1.273984e-12 1.474249e+16 0.000000e+00 -1.185731e+04 0.000000e+00 0.000000e+00 -1.185731e+04 0.000000e+00 0.000000e+00 
4.517784e+16 0.000000e+00 1.000000e+01 1.878169e+04 1.161887e-12 1.616482e+16 0.000000e+00 -1.260820e+04 0.000000e+00 0.000000e+00 -1.260820e+04 0.000000e+00 0.000000e+00 
4.803880e+16 0.000000e+00 1.000000e+01 1.878169e+04 1.059654e-12 1.772437e+16 0.000000e+00 -1.340663e+04 0.000000e+00 0.000000e+00 -1.340663e+04 0.000000e+00 0.000000e+00 
5.108093e+16 0.000000e+00 1.000000e+01 1.878169e+04 9.664155e-13 1.943439e+16 0.000000e+00 -1.425563e+04 0.000000e+00 0.000000e+00 -1.425563e+04 0.000000e+00 0.000000e+00 
5.431571e+16 0.000000e+00 1.000000e+01 1.878169e+04 8.813814e-13 2.130938e+16 0.000000e+00 -1.515839e+04 0.000000e+00 0.000000e+00 -1.515839e+04 0.000000e+00 0.000000e+00 
5.775534e+16 0.000000e+00 1.000000e+01 1.878169e+04 8.038294e-13 2.336527e+16 0.000000e+00 -1.611832e+04 0.000000e+00 0.000000e+00 -1.611832e+04 0.000000e+00 0.000000e+00 
6.141279e+16 0.000000e+00 1.000000e+01 1.878169e+04 7.331011e-13 2.561951e+16 0.000000e+00 -1.713903e+04 0.000000e+00 0.000000e+00 -1.713903e+04 0.000000e+00 0.000000e+00 
6.530185e+16 0.000000e+00 1.000000e+01 1.878169e+04 6.685962e-13 2.809124e+16 0.000000e+00 -1.822439e+04 0.000000e+00 0.000000e+00 -1.822439e+04 0.000000e+00 0.000000e+00 
6.943719e+16 0.000000e+00 1.000000e+01 1.878169e+04 6.097670e-13 3.080143e+16 0.000000e+00 -1.937848e+04 0.000000e+00 0.000000e+00 -1.937848e+04 0.000000e+00 0.000000e+00 
7.383441e+16 0.000000e+00 1.000000e+01 1.878169e+04 5.561141e-13 3.377309e+16 0.000000e+00 -2.060565e+04 0.000000e+00 0.000000e+00 -2.060565e+04 0.000000e+00 0.000000e+00 
7.851009e+16 0.000000e+00 1.000000e+01 1.878169e+04 5.071821e-13 3.703146e+16 0.000000e+00 -2.191054e+04 0.000000e+00 0.000000e+00 -2.191054e+04 0.000000e+00 0.000000e+00 
8.348187e+16 0.000000e+00 1.000000e+01 1.878169e+04 4.625555e-13 4.060419e+16 0.000000e+00 -2.329805e+04 0.000000e+00 0.000000e+00 -2.329805e+04 0.000000e+00 0.000000e+00 
8.876849e+16 0.000000e+00 1.000000e+01 1.878169e+04 4.218557e-13 4.452161e+16 0.000000e+00 -2.477344e+04 0.000000e+00 0.000000e+00 -2.477344e+04 0.000000e+00 0.000000e+00 
9.438989e+16 0.000000e+00 1.000000e+01 1.878169e+04 3.847369e-13 4.881697e+16 0.000000e+00 -2.634226e+04 0.000000e+00 0.000000e+00 -2.634226e+04 0.000000e+00 0.000000e+00 
1.003673e+17 0.000000e+00 1.000000e+01 1.878169e+04 3.508843e-13 5.352675e+16 0.000000e+00 -2.801042e+04 0.000000e+00 0.000000e+00 -2.801042e+04 0.000000e+00 0.000000e+00 
1.067232e+17 0.000000e+00 1.000000e+01 1.878169e+04 3.200103e-13 5.869091e+16 0.000000e+00 -2.978423e+04 0.000000e+00 0.000000e+00 -2.978423e+04 0.000000e+00 0.000000e+00 
1.134816e+17 0.000000e+00 1.000000e+01 1.878169e+04 2.918528e-13 6.435330e+16 0.000000e+00 -3.167036e+04 0.000000e+00 0.000000e+00 -3.167036e+04 0.000000e+00 0.000000e+00 
1.206680e+17 0.000000e+00 1.000000e+01 1.878169e+04 2.661729e-13 7.056199e+16 0.000000e+00 -3.367593e+04 0.000000e+00 0.000000e+00 -3.367593e+04 0.000000e+00 0.000000e+00 
1.283095e+17 0.000000e+00 1.000000e+01 1.878169e+04 2.427526e-13 7.736969e+16 0.000000e+00 -3.580852e+04 0.000000e+00 0.000000e+00 -3.580852e+04 0.000000e+00 0.000000e+00 
1.364349e+17 0.000000e+00 1.000000e+01 1.878169e+04 2.213930e-13 8.483418e+16 0.000000e+00 -3.807615e+04 0.000000e+00 0.000000e+00 -3.807615e+04 0.000000e+00 0.000000e+00 
1.450749e+17 0.000000e+00 1.000000e+01 1.878169e+04 2.019128e-13 9.301883e+16 0.000000e+00 -4.048738e+04 0.000000e+00 0.000000e+00 -4.048738e+04 0.000000e+00 0.000000e+00 
