time(s)          = 1.104492e+13
time(solar year) = 3.500000e+05
star mass (g)    = 2.298159e+33
star mass (Msun) = 1.155783e+00
total mass (g)   = 2.472685e+33
mdot (g/s)       = 1.692276e-111
mdot (Msun/yr)   = 2.685728e-137
1.542620e+13 1.050958e-62 1.000000e+01 1.878169e+04 2.044078e-07 9.188344e+10 0.000000e+00 1.987044e-67 0.000000e+00 0.000000e+00 1.987044e-67 3.372461e-315 0.000000e+00 
1.640308e+13 1.724465e-58 1.000000e+01 1.878169e+04 1.864221e-07 1.007482e+11 0.000000e+00 3.575427e-63 0.000000e+00 0.000000e+00 3.575427e-63 4.454038e-315 0.000000e+00 
1.744183e+13 7.523718e-55 1.000000e+01 1.878169e+04 1.700190e-07 1.104682e+11 0.000000e+00 1.710992e-59 0.000000e+00 0.000000e+00 1.710992e-59 3.425759e-19 0.000000e+00 
1.854637e+13 1.769363e-51 1.000000e+01 1.878169e+04 1.550592e-07 1.211260e+11 0.000000e+00 4.413645e-56 0.000000e+00 0.000000e+00 4.413645e-56 3.235613e+00 0.000000e+00 
1.972084e+13 8.151492e-46 1.000000e+01 1.878169e+04 1.414157e-07 1.328120e+11 0.000000e+00 2.227723e-50 0.000000e+00 0.000000e+00 2.227723e-50 3.819507e+01 0.000000e+00 
2.096970e+13 2.863530e-41 1.000000e+01 1.878169e+04 1.289726e-07 1.456254e+11 0.000000e+00 8.581201e-46 0.000000e+00 0.000000e+00 8.581201e-46 4.861995e+01 0.000000e+00 
2.229764e+13 3.555880e-37 1.000000e+01 1.878169e+04 1.176244e-07 1.596751e+11 0.000000e+00 1.168523e-41 0.000000e+00 0.000000e+00 1.168523e-41 5.557988e+01 0.000000e+00 
2.370967e+13 1.985778e-33 1.000000e+01 1.878169e+04 1.072747e-07 1.750803e+11 0.000000e+00 7.156551e-38 0.000000e+00 0.000000e+00 7.156551e-38 5.636061e+01 0.000000e+00 
2.521112e+13 5.227831e-30 1.000000e+01 1.878169e+04 9.783573e-08 1.919717e+11 0.000000e+00 2.066635e-34 0.000000e+00 0.000000e+00 2.066635e-34 5.554770e+01 0.000000e+00 
2.680766e+13 6.908047e-27 1.000000e+01 1.878169e+04 8.922725e-08 2.104928e+11 0.000000e+00 2.996504e-31 0.000000e+00 0.000000e+00 2.996504e-31 5.328778e+01 0.000000e+00 
2.850529e+13 4.846448e-24 1.000000e+01 1.878169e+04 8.137622e-08 2.308008e+11 0.000000e+00 2.308053e-28 0.000000e+00 0.000000e+00 2.308053e-28 5.060267e+01 0.000000e+00 
3.031043e+13 1.903237e-21 1.000000e+01 1.878169e+04 7.421599e-08 2.530680e+11 0.000000e+00 9.959965e-26 0.000000e+00 0.000000e+00 9.959965e-26 4.767158e+01 0.000000e+00 
3.222989e+13 4.393700e-19 1.079529e+02 6.170947e+04 6.768579e-08 9.117049e+11 1.000000e-04 -5.391010e-16 -4.442970e+02 -9.078088e+05 2.529852e-23 4.475423e+01 -4.361815e-18 
3.427090e+13 6.238916e-17 1.051491e+02 6.090284e+04 6.173017e-08 9.865975e+11 1.000000e-04 -5.263329e-14 -2.862129e+02 -5.847853e+05 3.959569e-21 4.192996e+01 -4.258629e-16 
3.644116e+13 5.682331e-15 1.024182e+02 6.010675e+04 5.629859e-08 1.067642e+12 1.000000e-04 -3.427403e-12 -1.916450e+02 -3.915491e+05 3.984393e-19 3.926695e+01 -2.773260e-14 
3.874885e+13 3.450519e-13 9.975815e+01 5.932107e+04 5.134492e-08 1.155344e+12 1.000000e-04 -1.541640e-10 -1.329870e+02 -2.716817e+05 2.681053e-17 3.678254e+01 -1.247506e-12 
4.120268e+13 1.447856e-11 9.716723e+01 5.854565e+04 4.682713e-08 1.250251e+12 1.000000e-04 -4.947002e-09 -9.536464e+01 -1.947900e+05 1.251069e-15 3.448500e+01 -4.003767e-11 
4.381191e+13 4.338941e-10 9.464360e+01 5.778038e+04 4.270685e-08 1.352953e+12 1.000000e-04 -1.167283e-07 -7.048524e+01 -1.439294e+05 4.186595e-14 3.236224e+01 -9.449831e-10 
4.658637e+13 9.574259e-09 9.218552e+01 5.702510e+04 3.894911e-08 1.464093e+12 1.000000e-04 -2.082367e-06 -5.355699e+01 -1.093083e+05 1.036277e-12 3.040073e+01 -1.686594e-08 
4.953652e+13 1.599817e-07 8.979127e+01 5.627970e+04 3.552201e-08 1.584362e+12 1.000000e-04 -2.881415e-05 -4.172347e+01 -8.508969e+04 1.951781e-11 2.857770e+01 -2.335538e-07 
5.267350e+13 2.076714e-06 8.745921e+01 5.554405e+04 3.239646e-08 1.714510e+12 1.000000e-04 -3.159915e-04 -3.318658e+01 -6.759936e+04 2.870034e-10 2.687407e+01 -2.564206e-06 
5.600913e+13 2.139891e-05 8.518772e+01 5.481801e+04 2.954592e-08 1.855349e+12 1.000000e-04 -2.780228e-03 -2.669002e+01 -5.426981e+04 3.367680e-09 2.526764e+01 -2.259779e-05 
5.955600e+13 1.771823e-04 8.297522e+01 5.410146e+04 2.694620e-08 2.007758e+12 1.000000e-04 -1.946200e-02 -2.126123e+01 -4.311133e+04 3.196949e-08 2.374233e+01 -1.584893e-04 
6.332747e+13 1.169945e-03 8.082018e+01 5.339427e+04 2.457523e-08 2.172687e+12 1.000000e-04 -1.050272e-01 -1.638774e+01 -3.306781e+04 2.450028e-07 2.228161e+01 -8.547165e-04 
6.733779e+13 5.985075e-03 7.872112e+01 5.269633e+04 2.241287e-08 2.351164e+12 1.000000e-04 -4.230782e-01 -1.220805e+01 -2.440423e+04 1.488186e-06 2.087477e+01 -3.377452e-03 
7.160206e+13 2.311922e-02 7.667657e+01 5.200751e+04 2.044078e-08 2.544302e+12 1.000000e-04 -1.267146e+00 -9.022336e+00 -1.771679e+04 7.050960e-06 1.951313e+01 -9.181725e-03 
7.613637e+13 6.790497e-02 7.468513e+01 5.132770e+04 1.864222e-08 2.753305e+12 1.000000e-04 -2.904950e+00 -6.806682e+00 -1.295921e+04 2.622288e-05 1.819926e+01 -1.453491e-02 
8.095782e+13 1.579853e-01 7.274540e+01 5.065677e+04 1.700190e-08 2.979477e+12 1.000000e-04 -5.355385e+00 -5.318857e+00 -9.665013e+03 7.876434e-05 1.694795e+01 4.048464e-04 
8.608461e+13 3.074475e-01 7.085606e+01 4.999462e+04 1.550592e-08 3.224227e+12 1.000000e-04 -8.377353e+00 -4.318157e+00 -7.378848e+03 1.985673e-04 1.578854e+01 7.919378e-02 
9.153605e+13 5.258063e-01 6.901578e+01 4.934111e+04 1.414157e-08 3.489082e+12 1.000000e-04 -1.164480e+01 -3.634713e+00 -5.776041e+03 4.363205e-04 1.474779e+01 2.858937e-01 
9.733271e+13 8.204086e-01 6.722330e+01 4.869615e+04 1.289727e-08 3.775693e+12 1.000000e-04 -1.487124e+01 -3.159031e+00 -4.637536e+03 8.625871e-04 1.384503e+01 6.946081e-01 
1.034965e+14 1.198955e+00 6.547737e+01 4.805962e+04 1.176246e-08 4.085847e+12 1.000000e-04 -1.784153e+01 -2.821488e+00 -3.816390e+03 1.572552e-03 1.308603e+01 1.377193e+00 
1.100505e+14 1.671137e+00 6.377679e+01 4.743142e+04 1.072751e-08 4.421475e+12 1.000000e-04 -2.040637e+01 -2.577398e+00 -3.214202e+03 2.693063e-03 1.246485e+01 2.392085e+00 
1.170197e+14 2.249508e+00 6.212038e+01 4.681142e+04 9.783626e-09 4.784669e+12 1.000000e-04 -2.247123e+01 -2.397427e+00 -2.764386e+03 4.392369e-03 1.196486e+01 3.777076e+00 
1.244301e+14 2.949808e+00 6.050699e+01 4.619953e+04 8.922802e-09 5.177693e+12 1.000000e-04 -2.398750e+01 -2.262147e+00 -2.421766e+03 6.893013e-03 1.156201e+01 5.547739e+00 
1.323098e+14 3.791225e+00 5.893550e+01 4.559563e+04 8.137730e-09 5.602991e+12 1.000000e-04 -2.493359e+01 -2.157972e+00 -2.154452e+03 1.048852e-02 1.122559e+01 7.700135e+00 
1.406886e+14 4.796005e+00 5.740483e+01 4.499963e+04 7.421749e-09 6.063211e+12 1.000000e-04 -2.532466e+01 -2.076361e+00 -1.941648e+03 1.556450e-02 1.092033e+01 1.022339e+01 
1.495979e+14 5.990584e+00 5.591391e+01 4.441142e+04 6.768780e-09 6.561215e+12 1.000000e-04 -2.516382e+01 -2.010223e+00 -1.766965e+03 2.262577e-02 1.060615e+01 1.309904e+01 
1.590714e+14 7.403458e+00 5.446171e+01 4.383090e+04 6.173284e-09 7.100094e+12 1.000000e-04 -2.450787e+01 -1.956941e+00 -1.622750e+03 3.232973e-02 1.024390e+01 1.633275e+01 
1.691449e+14 9.070781e+00 5.304723e+01 4.325797e+04 5.630208e-09 7.683192e+12 1.000000e-04 -2.334534e+01 -1.911819e+00 -1.499532e+03 4.553042e-02 9.792286e+00 1.991130e+01 
1.798562e+14 1.102789e+01 5.166948e+01 4.269252e+04 5.134943e-09 8.314117e+12 1.000000e-04 -2.175839e+01 -1.875788e+00 -1.396739e+03 6.333157e-02 9.227245e+00 2.385712e+01 
1.912459e+14 1.332657e+01 5.032752e+01 4.213447e+04 4.683290e-09 8.996767e+12 1.000000e-04 -1.974069e+01 -1.845162e+00 -1.308908e+03 8.715965e-02 8.520467e+00 2.814947e+01 
2.033569e+14 1.601357e+01 4.902041e+01 4.158371e+04 4.271417e-09 9.735342e+12 1.000000e-04 -1.730026e+01 -1.818622e+00 -1.230201e+03 1.188518e-01 7.675532e+00 3.257608e+01 
2.162348e+14 1.914920e+01 4.774725e+01 4.104015e+04 3.895834e-09 1.053437e+13 1.000000e-04 -1.467660e+01 -1.800700e+00 -1.171002e+03 1.607625e-01 6.684797e+00 3.737811e+01 
2.299282e+14 2.282490e+01 4.650716e+01 4.050370e+04 3.553356e-09 1.139872e+13 1.000000e-04 -1.136575e+01 -1.764840e+00 -1.079194e+03 2.159337e-01 5.500102e+00 4.078297e+01 
2.444887e+14 2.698052e+01 4.529928e+01 3.997425e+04 3.241083e-09 1.233361e+13 1.000000e-04 -8.537716e+00 -1.758671e+00 -1.035138e+03 2.881167e-01 4.231218e+00 4.511578e+01 
2.599714e+14 3.194643e+01 4.412276e+01 3.945173e+04 2.956370e-09 1.334465e+13 1.000000e-04 -4.534469e+00 -1.676255e+00 -8.609381e+02 3.822261e-01 2.385412e+00 4.349634e+01 
2.764344e+14 3.699798e+01 4.297680e+01 3.893604e+04 2.696806e-09 1.443784e+13 1.000000e-04 -1.093417e+00 -1.427866e+00 -2.857879e+02 5.036705e-01 4.044017e-01 1.585467e+01 
2.939401e+14 4.083275e+01 4.186061e+01 3.842709e+04 2.460171e-09 1.561968e+13 1.000000e-04 -5.347794e-01 -1.191695e+00 3.372771e+02 6.557747e-01 2.156680e-03 -2.075090e+01 
3.125543e+14 4.379943e+01 4.077340e+01 3.792479e+04 2.244437e-09 1.689724e+13 1.000000e-04 -2.136505e-01 -1.054440e+00 7.084958e+02 8.404282e-01 3.598602e-04 -4.268343e+01 
3.323473e+14 4.623352e+01 3.971444e+01 3.742906e+04 2.047755e-09 1.827810e+13 1.000000e-04 1.022795e-01 -9.581423e-01 9.621725e+02 1.060337e+00 6.637078e-05 -5.757450e+01 
3.533937e+14 4.811843e+01 3.868297e+01 3.693981e+04 1.868443e-09 1.977037e+13 1.000000e-04 4.452943e-01 -8.733861e-01 1.187362e+03 1.318662e+00 1.239811e-05 -7.073054e+01 
3.757729e+14 4.946492e+01 3.767830e+01 3.645695e+04 1.704966e-09 2.138281e+13 1.000000e-04 8.209980e-01 -7.974944e-01 1.389722e+03 1.618488e+00 2.325876e-06 -8.248520e+01 
3.995693e+14 5.028222e+01 3.669971e+01 3.598041e+04 1.555922e-09 2.312482e+13 1.000000e-04 1.234870e+00 -7.279285e-01 1.576049e+03 1.962798e+00 4.394084e-07 -9.324055e+01 
4.248727e+14 5.059007e+01 3.574655e+01 3.551009e+04 1.420033e-09 2.500653e+13 1.000000e-04 1.690535e+00 -6.638770e-01 1.748537e+03 2.354412e+00 8.377370e-08 -1.031244e+02 
4.517784e+14 5.042285e+01 3.481814e+01 3.504592e+04 1.296132e-09 2.703885e+13 1.000000e-04 2.192091e+00 -6.038889e-01 1.910205e+03 2.795980e+00 1.617808e-08 -1.123137e+02 
4.803880e+14 4.981059e+01 3.391384e+01 3.458782e+04 1.183157e-09 2.923350e+13 1.000000e-04 2.741359e+00 -5.485886e-01 2.060816e+03 3.289947e+00 3.177339e-09 -1.207925e+02 
5.108093e+14 4.881647e+01 3.303303e+01 3.413571e+04 1.080137e-09 3.160314e+13 1.000000e-04 3.341836e+00 -4.967557e-01 2.201342e+03 3.838591e+00 6.363088e-10 -1.286154e+02 
5.431571e+14 4.747474e+01 3.217509e+01 3.368951e+04 9.861871e-10 3.416138e+13 1.000000e-04 3.994750e+00 -4.492659e-01 2.332260e+03 4.444016e+00 1.299082e-10 -1.358099e+02 
5.775534e+14 4.586499e+01 3.133944e+01 3.324914e+04 9.005020e-10 3.692289e+13 1.000000e-04 4.703530e+00 -4.046832e-01 2.453688e+03 5.108213e+00 2.700552e-11 -1.423796e+02 
6.141279e+14 4.401443e+01 3.052549e+01 3.281452e+04 8.223469e-10 3.990350e+13 1.000000e-04 5.469168e+00 -3.638896e-01 2.567524e+03 5.833057e+00 5.698101e-12 -1.484373e+02 
6.530185e+14 4.200649e+01 2.973268e+01 3.238559e+04 7.510530e-10 4.312025e+13 1.000000e-04 6.294975e+00 -3.253975e-01 2.672666e+03 6.620372e+00 1.216437e-12 -1.539136e+02 
6.943719e+14 3.985584e+01 2.896047e+01 3.196226e+04 6.860105e-10 4.659151e+13 1.000000e-04 7.181915e+00 -2.900107e-01 2.772540e+03 7.471925e+00 2.613510e-13 -1.590130e+02 
7.383441e+14 3.764115e+01 2.820830e+01 3.154447e+04 6.266645e-10 5.033709e+13 1.000000e-04 8.133128e+00 -2.563554e-01 2.864567e+03 8.389484e+00 5.617621e-14 -1.635777e+02 
7.851009e+14 3.536438e+01 2.747568e+01 3.113214e+04 5.725095e-10 5.437838e+13 1.000000e-04 9.149942e+00 -2.248759e-01 2.954083e+03 9.374818e+00 1.196133e-14 -1.679263e+02 
8.348187e+14 3.309267e+01 2.676208e+01 3.072520e+04 5.230852e-10 5.873842e+13 1.000000e-04 1.023522e+01 -1.945086e-01 3.037040e+03 1.042973e+01 2.479303e-15 -1.718132e+02 
8.876849e+14 3.081903e+01 2.606701e+01 3.032357e+04 4.779724e-10 6.344211e+13 1.000000e-04 1.139184e+01 -1.642229e-01 3.122429e+03 1.155606e+01 4.819708e-16 -1.757746e+02 
9.438989e+14 2.858778e+01 2.539000e+01 2.992720e+04 4.367893e-10 6.851633e+13 1.000000e-04 1.262216e+01 -1.334778e-01 3.205876e+03 1.275564e+01 8.085963e-17 -1.795458e+02 
1.003673e+15 2.639022e+01 2.473057e+01 2.953601e+04 3.991882e-10 7.399019e+13 1.000001e-04 1.394217e+01 -8.812633e-02 3.322222e+03 1.403029e+01 9.701628e-18 -1.851995e+02 
1.067232e+15 2.416646e+01 2.408827e+01 2.914993e+04 3.648506e-10 7.989552e+13 1.000002e-04 1.536081e+01 -2.019530e-02 3.496301e+03 1.538101e+01 5.205658e-19 -1.942151e+02 
1.134816e+15 2.188345e+01 2.346265e+01 2.876890e+04 3.334848e-10 8.626751e+13 1.000003e-04 1.710437e+01 2.969493e-01 4.193082e+03 1.680742e+01 0.000000e+00 -2.342382e+02 
1.206680e+15 1.826758e+01 2.285327e+01 2.839285e+04 3.048013e-10 9.315197e+13 1.000000e-04 1.938548e+01 1.090843e+00 6.133390e+03 1.829463e+01 0.000000e+00 -3.482654e+02 
1.283095e+15 1.297086e+01 2.225973e+01 2.802171e+04 2.785078e-10 1.006138e+14 1.000000e-04 2.204081e+01 2.235626e+00 9.179667e+03 1.980518e+01 0.000000e+00 -5.282189e+02 
1.364349e+15 7.699081e+00 2.168160e+01 2.765543e+04 2.543583e-10 1.087263e+14 1.000000e-04 2.480329e+01 3.495006e+00 1.268700e+04 2.130829e+01 0.000000e+00 -7.357102e+02 
1.450749e+15 3.882854e+00 2.111848e+01 2.729393e+04 2.321821e-10 1.175540e+14 1.000000e-04 2.755229e+01 4.745729e+00 1.625962e+04 2.280656e+01 0.000000e+00 -9.471337e+02 
1.542620e+15 1.699577e+00 2.056999e+01 2.693716e+04 2.118538e-10 1.271498e+14 1.000000e-04 3.028286e+01 5.955541e+00 1.977045e+04 2.432732e+01 0.000000e+00 -1.154872e+03 
1.640308e+15 6.580620e-01 2.003575e+01 2.658505e+04 1.932569e-10 1.375633e+14 1.000000e-04 3.302206e+01 7.119815e+00 2.318412e+04 2.590225e+01 0.000000e+00 -1.356775e+03 
1.744183e+15 2.289070e-01 1.951538e+01 2.623755e+04 1.762694e-10 1.488492e+14 1.000000e-04 3.579962e+01 8.243370e+00 2.650195e+04 2.755625e+01 0.000000e+00 -1.552893e+03 
1.854637e+15 7.241904e-02 1.900852e+01 2.589458e+04 1.607655e-10 1.610705e+14 1.000000e-04 3.864039e+01 9.334194e+00 2.974017e+04 2.930620e+01 0.000000e+00 -1.744173e+03 
1.972084e+15 2.104038e-02 1.851483e+01 2.555610e+04 1.466218e-10 1.742995e+14 1.000000e-04 4.156463e+01 1.040097e+01 3.292017e+04 3.116366e+01 0.000000e+00 -1.931878e+03 
2.096970e+15 5.657110e-03 1.803397e+01 2.522205e+04 1.337212e-10 1.886167e+14 1.000000e-04 4.458954e+01 1.145191e+01 3.606353e+04 3.313763e+01 0.000000e+00 -2.117287e+03 
2.229764e+15 1.416271e-03 1.756559e+01 2.489236e+04 1.219554e-10 2.041104e+14 1.000000e-04 4.773051e+01 1.249426e+01 3.918989e+04 3.523625e+01 0.000000e+00 -2.301560e+03 
2.370967e+15 3.318008e-04 1.710937e+01 2.456698e+04 1.112246e-10 2.208771e+14 1.000000e-04 5.100184e+01 1.353417e+01 4.231623e+04 3.746767e+01 0.000000e+00 -2.485701e+03 
2.521112e+15 7.304227e-05 1.666501e+01 2.424586e+04 1.014381e-10 2.390212e+14 1.000000e-04 5.441717e+01 1.457679e+01 4.545688e+04 3.984038e+01 0.000000e+00 -2.670556e+03 
2.680766e+15 1.516116e-05 1.623218e+01 2.392893e+04 9.251264e-11 2.586558e+14 1.000000e-04 5.798968e+01 1.562634e+01 4.862373e+04 4.236334e+01 0.000000e+00 -2.856825e+03 
2.850529e+15 2.975931e-06 1.581060e+01 2.361614e+04 8.437253e-11 2.799032e+14 1.000000e-04 6.173235e+01 1.668629e+01 5.182652e+04 4.504606e+01 0.000000e+00 -3.045078e+03 
3.031043e+15 5.537865e-07 1.539997e+01 2.330744e+04 7.694866e-11 3.028960e+14 1.000000e-04 6.565807e+01 1.775940e+01 5.507313e+04 4.789868e+01 0.000000e+00 -3.235774e+03 
3.222989e+15 9.791555e-08 1.500000e+01 2.300278e+04 7.017802e-11 3.277776e+14 1.000000e-04 6.977983e+01 1.884789e+01 5.836984e+04 5.093193e+01 0.000000e+00 -3.429278e+03 
3.427090e+15 1.648178e-08 1.461042e+01 2.270210e+04 6.400311e-11 3.547031e+14 1.000000e-04 7.411079e+01 1.995351e+01 6.172158e+04 5.415728e+01 0.000000e+00 -3.625872e+03 
3.644116e+15 2.645860e-09 1.423096e+01 2.240535e+04 5.837153e-11 3.838404e+14 1.000000e-04 7.866448e+01 2.107761e+01 6.513217e+04 5.758687e+01 0.000000e+00 -3.825771e+03 
3.874885e+15 4.057311e-10 1.386135e+01 2.211248e+04 5.323547e-11 4.153713e+14 1.000000e-04 8.345487e+01 2.222122e+01 6.860452e+04 6.123365e+01 0.000000e+00 -4.029135e+03 
4.120268e+15 5.951960e-11 1.350134e+01 2.182344e+04 4.855132e-11 4.494922e+14 1.000000e-04 8.849647e+01 2.338510e+01 7.214072e+04 6.511137e+01 0.000000e+00 -4.236075e+03 
4.381191e+15 8.364291e-12 1.315069e+01 2.153818e+04 4.427933e-11 4.864160e+14 1.000000e-04 9.380429e+01 2.456964e+01 7.574180e+04 6.923465e+01 0.000000e+00 -4.446640e+03 
4.658637e+15 1.127505e-12 1.280914e+01 2.125664e+04 4.038323e-11 5.263730e+14 1.000000e-04 9.939321e+01 2.577417e+01 7.940566e+04 7.361904e+01 0.000000e+00 -4.660686e+03 
4.953652e+15 1.460078e-13 1.247646e+01 2.097879e+04 3.682995e-11 5.696122e+14 1.000000e-04 1.052714e+02 2.699028e+01 8.310806e+04 7.828109e+01 0.000000e+00 -4.876753e+03 
5.267350e+15 1.824248e-14 1.215242e+01 2.070456e+04 3.358931e-11 6.164034e+14 1.000000e-04 1.113761e+02 2.813778e+01 8.659931e+04 8.323836e+01 0.000000e+00 -5.079936e+03 
5.600913e+15 2.191618e-15 1.183679e+01 2.043393e+04 3.063381e-11 6.670382e+14 1.000000e-04 1.179414e+02 2.943185e+01 9.054028e+04 8.850956e+01 0.000000e+00 -5.309617e+03 
5.955600e+15 2.535346e-16 1.152937e+01 2.016682e+04 2.793837e-11 7.218325e+14 1.000000e-04 1.248519e+02 3.073734e+01 9.451722e+04 9.411456e+01 0.000000e+00 -5.541110e+03 
6.332747e+15 2.826864e-17 1.122993e+01 1.990321e+04 2.548010e-11 7.811279e+14 1.000000e-04 1.321416e+02 3.206704e+01 9.856927e+04 1.000745e+02 0.000000e+00 -5.776725e+03 
6.733779e+15 3.041108e-18 1.093826e+01 1.964305e+04 2.323812e-11 8.452941e+14 1.000000e-04 1.398263e+02 3.341440e+01 1.026768e+05 1.064119e+02 0.000000e+00 -6.015273e+03 
7.160206e+15 3.163621e-19 1.065418e+01 1.938629e+04 2.119342e-11 9.147314e+14 1.000000e-04 1.478966e+02 3.474598e+01 1.067280e+05 1.131506e+02 0.000000e+00 -6.250060e+03 
7.613637e+15 3.123197e-20 1.037746e+01 1.913288e+04 1.932863e-11 9.898726e+14 1.000000e-04 1.575544e+02 3.723837e+01 1.139068e+05 1.203160e+02 0.000000e+00 -6.670742e+03 
8.095782e+15 2.553609e-21 1.000000e+01 1.878169e+04 1.762792e-11 1.065451e+15 0.000000e+00 1.279352e+02 0.000000e+00 0.000000e+00 1.279352e+02 0.000000e+00 0.000000e+00 
8.608461e+15 1.767508e-22 1.000000e+01 1.878169e+04 1.607685e-11 1.168244e+15 0.000000e+00 1.360369e+02 0.000000e+00 0.000000e+00 1.360369e+02 0.000000e+00 0.000000e+00 
9.153605e+15 1.228762e-23 1.000000e+01 1.878169e+04 1.466227e-11 1.280954e+15 0.000000e+00 1.446517e+02 0.000000e+00 0.000000e+00 1.446517e+02 0.000000e+00 0.000000e+00 
9.733271e+15 8.579664e-25 1.000000e+01 1.878169e+04 1.337215e-11 1.404539e+15 0.000000e+00 1.538120e+02 0.000000e+00 0.000000e+00 1.538120e+02 0.000000e+00 0.000000e+00 
1.034965e+16 5.971573e-26 1.000000e+01 1.878169e+04 1.219554e-11 1.540046e+15 0.000000e+00 1.635524e+02 0.000000e+00 0.000000e+00 1.635524e+02 0.000000e+00 0.000000e+00 
1.100505e+16 4.123991e-27 1.000000e+01 1.878169e+04 1.112247e-11 1.688627e+15 0.000000e+00 1.739096e+02 0.000000e+00 0.000000e+00 1.739096e+02 0.000000e+00 0.000000e+00 
1.170197e+16 2.819589e-28 1.000000e+01 1.878169e+04 1.014381e-11 1.851542e+15 0.000000e+00 1.849227e+02 0.000000e+00 0.000000e+00 1.849227e+02 0.000000e+00 0.000000e+00 
1.244301e+16 1.905627e-29 1.000000e+01 1.878169e+04 9.251264e-12 2.030176e+15 0.000000e+00 1.966332e+02 0.000000e+00 0.000000e+00 1.966332e+02 0.000000e+00 0.000000e+00 
1.323098e+16 1.271522e-30 1.000000e+01 1.878169e+04 8.437253e-12 2.226044e+15 0.000000e+00 2.090853e+02 0.000000e+00 0.000000e+00 2.090853e+02 0.000000e+00 0.000000e+00 
1.406886e+16 8.367462e-32 1.000000e+01 1.878169e+04 7.694866e-12 2.440808e+15 0.000000e+00 2.223260e+02 0.000000e+00 0.000000e+00 2.223260e+02 0.000000e+00 0.000000e+00 
1.495979e+16 5.426319e-33 1.000000e+01 1.878169e+04 7.017802e-12 2.676293e+15 0.000000e+00 2.364051e+02 0.000000e+00 0.000000e+00 2.364051e+02 0.000000e+00 0.000000e+00 
1.590714e+16 3.465851e-34 1.000000e+01 1.878169e+04 6.400311e-12 2.934497e+15 0.000000e+00 2.513758e+02 0.000000e+00 0.000000e+00 2.513758e+02 0.000000e+00 0.000000e+00 
1.691449e+16 2.179399e-35 1.000000e+01 1.878169e+04 5.837153e-12 3.217612e+15 0.000000e+00 2.672946e+02 0.000000e+00 0.000000e+00 2.672946e+02 0.000000e+00 0.000000e+00 
1.798562e+16 1.348898e-36 1.000000e+01 1.878169e+04 5.323547e-12 3.528041e+15 0.000000e+00 2.842214e+02 0.000000e+00 0.000000e+00 2.842214e+02 0.000000e+00 0.000000e+00 
1.912459e+16 8.216448e-38 1.000000e+01 1.878169e+04 4.855132e-12 3.868420e+15 0.000000e+00 3.022202e+02 0.000000e+00 0.000000e+00 3.022202e+02 0.000000e+00 0.000000e+00 
2.033569e+16 4.925461e-39 1.000000e+01 1.878169e+04 4.427933e-12 4.241639e+15 0.000000e+00 3.213588e+02 0.000000e+00 0.000000e+00 3.213588e+02 0.000000e+00 0.000000e+00 
2.162348e+16 2.906059e-40 1.000000e+01 1.878169e+04 4.038323e-12 4.650864e+15 0.000000e+00 3.417093e+02 0.000000e+00 0.000000e+00 3.417093e+02 0.000000e+00 0.000000e+00 
2.299282e+16 1.687846e-41 1.000000e+01 1.878169e+04 3.682995e-12 5.099571e+15 0.000000e+00 3.633486e+02 0.000000e+00 0.000000e+00 3.633486e+02 0.000000e+00 0.000000e+00 
2.444887e+16 9.652603e-43 1.000000e+01 1.878169e+04 3.358931e-12 5.591569e+15 0.000000e+00 3.863582e+02 0.000000e+00 0.000000e+00 3.863582e+02 0.000000e+00 0.000000e+00 
2.599714e+16 5.437348e-44 1.000000e+01 1.878169e+04 3.063381e-12 6.131033e+15 0.000000e+00 4.108250e+02 0.000000e+00 0.000000e+00 4.108250e+02 0.000000e+00 0.000000e+00 
2.764344e+16 3.018166e-45 1.000000e+01 1.878169e+04 2.793837e-12 6.722544e+15 0.000000e+00 4.368411e+02 0.000000e+00 0.000000e+00 4.368411e+02 0.000000e+00 0.000000e+00 
2.939401e+16 1.651688e-46 1.000000e+01 1.878169e+04 2.548010e-12 7.371123e+15 0.000000e+00 4.645048e+02 0.000000e+00 0.000000e+00 4.645048e+02 0.000000e+00 0.000000e+00 
3.125543e+16 8.916434e-48 1.000000e+01 1.878169e+04 2.323812e-12 8.082276e+15 0.000000e+00 4.939203e+02 0.000000e+00 0.000000e+00 4.939203e+02 0.000000e+00 0.000000e+00 
3.323473e+16 4.751300e-49 1.000000e+01 1.878169e+04 2.119342e-12 8.862039e+15 0.000000e+00 5.251985e+02 0.000000e+00 0.000000e+00 5.251985e+02 0.000000e+00 0.000000e+00 
3.533937e+16 2.500924e-50 1.000000e+01 1.878169e+04 1.932863e-12 9.717033e+15 0.000000e+00 5.584576e+02 0.000000e+00 0.000000e+00 5.584576e+02 0.000000e+00 0.000000e+00 
3.757729e+16 1.301331e-51 1.000000e+01 1.878169e+04 1.762792e-12 1.065451e+16 0.000000e+00 5.938228e+02 0.000000e+00 0.000000e+00 5.938228e+02 0.000000e+00 0.000000e+00 
3.995693e+16 6.699200e-53 1.000000e+01 1.878169e+04 1.607685e-12 1.168244e+16 0.000000e+00 6.314275e+02 0.000000e+00 0.000000e+00 6.314275e+02 0.000000e+00 0.000000e+00 
4.248727e+16 3.414777e-54 1.000000e+01 1.878169e+04 1.466227e-12 1.280954e+16 0.000000e+00 6.714137e+02 0.000000e+00 0.000000e+00 6.714137e+02 0.000000e+00 0.000000e+00 
4.517784e+16 1.724872e-55 1.000000e+01 1.878169e+04 1.337215e-12 1.404539e+16 0.000000e+00 7.139320e+02 0.000000e+00 0.000000e+00 7.139320e+02 0.000000e+00 0.000000e+00 
4.803880e+16 8.640483e-57 1.000000e+01 1.878169e+04 1.219554e-12 1.540046e+16 0.000000e+00 7.591428e+02 0.000000e+00 0.000000e+00 7.591428e+02 0.000000e+00 0.000000e+00 
5.108093e+16 4.295389e-58 1.000000e+01 1.878169e+04 1.112247e-12 1.688627e+16 0.000000e+00 8.072168e+02 0.000000e+00 0.000000e+00 8.072168e+02 0.000000e+00 0.000000e+00 
5.431571e+16 2.120298e-59 1.000000e+01 1.878169e+04 1.014381e-12 1.851542e+16 0.000000e+00 8.583350e+02 0.000000e+00 0.000000e+00 8.583350e+02 0.000000e+00 0.000000e+00 
5.775534e+16 1.039692e-60 1.000000e+01 1.878169e+04 9.251264e-13 2.030176e+16 0.000000e+00 9.126904e+02 0.000000e+00 0.000000e+00 9.126904e+02 0.000000e+00 0.000000e+00 
6.141279e+16 5.065669e-62 1.000000e+01 1.878169e+04 8.437253e-13 2.226044e+16 0.000000e+00 9.704880e+02 0.000000e+00 0.000000e+00 9.704880e+02 0.000000e+00 0.000000e+00 
6.530185e+16 2.452605e-63 1.000000e+01 1.878169e+04 7.694866e-13 2.440808e+16 0.000000e+00 1.031946e+03 0.000000e+00 0.000000e+00 1.031946e+03 0.000000e+00 0.000000e+00 
6.943719e+16 1.179875e-64 1.000000e+01 1.878169e+04 7.017802e-13 2.676293e+16 0.000000e+00 1.097295e+03 0.000000e+00 0.000000e+00 1.097295e+03 0.000000e+00 0.000000e+00 
7.383441e+16 5.638358e-66 1.000000e+01 1.878169e+04 6.400311e-13 2.934497e+16 0.000000e+00 1.166783e+03 0.000000e+00 0.000000e+00 1.166783e+03 0.000000e+00 0.000000e+00 
7.851009e+16 2.675541e-67 1.000000e+01 1.878169e+04 5.837153e-13 3.217612e+16 0.000000e+00 1.240672e+03 0.000000e+00 0.000000e+00 1.240672e+03 0.000000e+00 0.000000e+00 
8.348187e+16 1.260098e-68 1.000000e+01 1.878169e+04 5.323547e-13 3.528041e+16 0.000000e+00 1.319239e+03 0.000000e+00 0.000000e+00 1.319239e+03 0.000000e+00 0.000000e+00 
8.876849e+16 5.887006e-70 1.000000e+01 1.878169e+04 4.855132e-13 3.868420e+16 0.000000e+00 1.402782e+03 0.000000e+00 0.000000e+00 1.402782e+03 0.000000e+00 0.000000e+00 
9.438989e+16 2.726677e-71 1.000000e+01 1.878169e+04 4.427933e-13 4.241639e+16 0.000000e+00 1.491615e+03 0.000000e+00 0.000000e+00 1.491615e+03 0.000000e+00 0.000000e+00 
1.003673e+17 1.251334e-72 1.000000e+01 1.878169e+04 4.038323e-13 4.650864e+16 0.000000e+00 1.586074e+03 0.000000e+00 0.000000e+00 1.586074e+03 0.000000e+00 0.000000e+00 
1.067232e+17 5.686896e-74 1.000000e+01 1.878169e+04 3.682995e-13 5.099571e+16 0.000000e+00 1.686515e+03 0.000000e+00 0.000000e+00 1.686515e+03 0.000000e+00 0.000000e+00 
1.134816e+17 2.558113e-75 1.000000e+01 1.878169e+04 3.358931e-13 5.591569e+16 0.000000e+00 1.793316e+03 0.000000e+00 0.000000e+00 1.793316e+03 0.000000e+00 0.000000e+00 
1.206680e+17 1.138437e-76 1.000000e+01 1.878169e+04 3.063381e-13 6.131033e+16 0.000000e+00 1.906881e+03 0.000000e+00 0.000000e+00 1.906881e+03 0.000000e+00 0.000000e+00 
1.283095e+17 5.010394e-78 1.000000e+01 1.878169e+04 2.793837e-13 6.722544e+16 0.000000e+00 2.027637e+03 0.000000e+00 0.000000e+00 2.027637e+03 0.000000e+00 0.000000e+00 
1.364349e+17 2.180028e-79 1.000000e+01 1.878169e+04 2.548010e-13 7.371123e+16 0.000000e+00 2.156040e+03 0.000000e+00 0.000000e+00 2.156040e+03 0.000000e+00 0.000000e+00 
1.450749e+17 9.847576e-81 1.000000e+01 1.878169e+04 2.323812e-13 8.082276e+16 0.000000e+00 2.292575e+03 0.000000e+00 0.000000e+00 2.292575e+03 0.000000e+00 0.000000e+00 
