time(s)          = 8.362585e+12
time(solar year) = 2.650000e+05
star mass (g)    = 2.298159e+33
star mass (Msun) = 1.155783e+00
total mass (g)   = 2.825138e+33
mdot (g/s)       = 1.203148e+16
mdot (Msun/yr)   = 1.909458e-10
1.542620e+13 1.144122e+02 1.480393e+02 7.226421e+04 2.044080e-07 3.535292e+11 1.000000e-04 -7.058940e+00 -2.729970e+00 -1.643468e+03 2.163187e-03 5.709400e+00 8.678790e+01 
1.640308e+13 1.581125e+02 1.441944e+02 7.131961e+04 1.864229e-07 3.825690e+11 1.000000e-04 -1.951694e+01 -2.001000e+00 -2.281981e+03 7.878154e-03 2.878849e+01 9.623895e+01 
1.744183e+13 2.004468e+02 1.404494e+02 7.038736e+04 1.700204e-07 4.139935e+11 1.000000e-04 -2.575033e+01 -1.936200e+00 -1.978205e+03 1.641871e-02 8.154232e+01 5.858244e+01 
1.854637e+13 2.599639e+02 1.368016e+02 6.946729e+04 1.550615e-07 4.479985e+11 1.000000e-04 -2.795818e+01 -1.954020e+00 -2.050659e+03 2.878238e-02 1.208816e+02 5.599381e+01 
1.972084e+13 3.341554e+02 1.332486e+02 6.855925e+04 1.414190e-07 4.847951e+11 1.000000e-04 -2.688135e+01 -1.947798e+00 -2.011982e+03 4.662589e-02 1.464393e+02 5.701834e+01 
2.096970e+13 4.297899e+02 1.297879e+02 6.766309e+04 1.289774e-07 5.246119e+11 1.000000e-04 -2.417652e+01 -1.911332e+00 -1.930160e+03 7.216555e-02 1.593762e+02 6.026569e+01 
2.229764e+13 5.462477e+02 1.264170e+02 6.677863e+04 1.176311e-07 5.676955e+11 1.000000e-04 -2.022572e+01 -1.852695e+00 -1.778026e+03 1.083728e-01 1.633309e+02 6.185704e+01 
2.370967e+13 6.864487e+02 1.231337e+02 6.590574e+04 1.072838e-07 6.143123e+11 1.000000e-04 -1.570253e+01 -1.771002e+00 -1.579521e+03 1.590399e-01 1.580136e+02 6.129060e+01 
2.521112e+13 8.475659e+02 1.199357e+02 6.504426e+04 9.784777e-08 6.647495e+11 1.000000e-04 -1.107405e+01 -1.666200e+00 -1.320265e+03 2.288671e-01 1.447895e+02 5.654050e+01 
2.680766e+13 1.025363e+03 1.168207e+02 6.419403e+04 8.924300e-08 7.193173e+11 1.000000e-04 -6.947361e+00 -1.538165e+00 -1.006676e+03 3.233314e-01 1.261838e+02 4.679734e+01 
2.850529e+13 1.209649e+03 1.137866e+02 6.335492e+04 8.139646e-08 7.783499e+11 1.000000e-04 -3.850338e+00 -1.405146e+00 -6.712691e+02 4.484011e-01 1.067698e+02 3.313205e+01 
3.031043e+13 1.393567e+03 1.108314e+02 6.252678e+04 7.424151e-08 8.422079e+11 1.000000e-04 -1.762969e+00 -1.274855e+00 -3.428200e+02 6.103102e-01 9.003886e+01 1.754353e+01 
3.222989e+13 1.567844e+03 1.079529e+02 6.170947e+04 6.771732e-08 9.112804e+11 1.000000e-04 -4.147842e-01 -1.160825e+00 -4.605331e+01 8.153991e-01 7.688600e+01 2.218030e+00 
3.427090e+13 1.730934e+03 1.051491e+02 6.090284e+04 6.176842e-08 9.859866e+11 1.000000e-04 5.337778e-01 -1.056128e+00 2.218038e+02 1.070187e+00 6.709687e+01 -1.226621e+01 
3.644116e+13 1.874745e+03 1.024182e+02 6.010675e+04 5.634415e-08 1.066779e+12 1.000000e-04 1.264048e+00 -9.678559e-01 4.578696e+02 1.381235e+00 5.927545e+01 -2.534266e+01 
3.874885e+13 2.002462e+03 9.975815e+01 5.932107e+04 5.139832e-08 1.154144e+12 1.000000e-04 1.911164e+00 -8.842579e-01 6.725062e+02 1.755268e+00 5.280384e+01 -3.736794e+01 
4.120268e+13 2.104822e+03 9.716723e+01 5.854565e+04 4.688875e-08 1.248608e+12 1.000000e-04 2.532909e+00 -8.131261e-01 8.677061e+02 2.198897e+00 4.731147e+01 -4.834002e+01 
4.381191e+13 2.189213e+03 9.464360e+01 5.778038e+04 4.277697e-08 1.350736e+12 1.000000e-04 3.179284e+00 -7.430515e-01 1.047395e+03 2.718763e+00 4.261212e+01 -5.840993e+01 
4.658637e+13 2.244874e+03 9.218552e+01 5.702510e+04 3.902787e-08 1.461138e+12 1.000000e-04 3.871182e+00 -6.841856e-01 1.214061e+03 3.321190e+00 3.850649e+01 -6.768042e+01 
4.953652e+13 2.284099e+03 8.979127e+01 5.627970e+04 3.560944e-08 1.580472e+12 1.000000e-04 4.630490e+00 -6.244425e-01 1.366146e+03 4.012483e+00 3.491721e+01 -7.603201e+01 
5.267350e+13 2.294044e+03 8.745921e+01 5.554405e+04 3.249243e-08 1.709446e+12 1.000000e-04 5.471166e+00 -5.749020e-01 1.511427e+03 4.798506e+00 3.171423e+01 -8.389774e+01 
5.600913e+13 2.291414e+03 8.518772e+01 5.481801e+04 2.965021e-08 1.848823e+12 1.000000e-04 6.400425e+00 -5.234306e-01 1.640808e+03 5.685095e+00 2.887123e+01 -9.073568e+01 
5.955600e+13 2.261229e+03 8.297522e+01 5.410146e+04 2.705846e-08 1.999429e+12 1.000000e-04 7.433993e+00 -4.810143e-01 1.769853e+03 6.677608e+00 2.629740e+01 -9.744173e+01 
6.332747e+13 2.223362e+03 8.082018e+01 5.339427e+04 2.469501e-08 2.162148e+12 1.000000e-04 8.568531e+00 -4.364380e-01 1.880124e+03 7.781367e+00 2.398893e+01 -1.029338e+02 
6.733779e+13 2.161342e+03 7.872112e+01 5.269633e+04 2.253964e-08 2.337940e+12 1.000000e-04 9.824521e+00 -3.995799e-01 1.996321e+03 9.001277e+00 2.188105e+01 -1.086466e+02 
7.160206e+13 2.096506e+03 7.667657e+01 5.200751e+04 2.057393e-08 2.527836e+12 1.000000e-04 1.119021e+01 -3.609445e-01 2.090282e+03 1.034220e+01 1.997741e+01 -1.129298e+02 
7.613637e+13 2.011958e+03 7.468513e+01 5.132770e+04 1.878107e-08 2.732949e+12 1.000000e-04 1.269118e+01 -3.286016e-01 2.195635e+03 1.180874e+01 1.823066e+01 -1.177448e+02 
8.095782e+13 1.928759e+03 7.274540e+01 5.065677e+04 1.714575e-08 2.954479e+12 1.000001e-04 1.430935e+01 -2.953424e-01 2.275837e+03 1.340545e+01 1.664655e+01 -1.209485e+02 
8.608461e+13 1.830608e+03 7.085606e+01 4.999462e+04 1.565402e-08 3.193723e+12 1.000087e-04 1.606813e+01 -2.738603e-01 2.372952e+03 1.513682e+01 1.518598e+01 -1.250079e+02 
9.153605e+13 1.736657e+03 6.901578e+01 4.934111e+04 1.429317e-08 3.452076e+12 1.002534e-04 1.789470e+01 -3.112185e-01 2.446426e+03 1.700721e+01 1.385359e+01 -1.275950e+02 
9.733271e+13 1.631517e+03 6.722330e+01 4.869615e+04 1.305160e-08 3.731050e+12 1.024514e-04 1.953996e+01 -6.969265e-01 2.547783e+03 1.902090e+01 1.261308e+01 -1.320138e+02 
1.034965e+14 1.530935e+03 6.547737e+01 4.805962e+04 1.191874e-08 4.032276e+12 1.159639e-04 2.061015e+01 -1.798083e+00 2.627886e+03 2.118151e+01 1.146872e+01 -1.357443e+02 
1.100505e+14 1.422572e+03 6.377679e+01 4.743142e+04 1.088496e-08 4.357520e+12 1.545335e-04 2.028793e+01 -4.472100e+00 2.732851e+03 2.349257e+01 1.040603e+01 -1.423376e+02 
1.170197e+14 1.319966e+03 6.212038e+01 4.681142e+04 9.941482e-09 4.708696e+12 2.540671e-04 1.922712e+01 -8.026666e+00 2.801458e+03 2.595720e+01 9.432472e+00 -1.475056e+02 
1.244301e+14 1.215542e+03 6.050699e+01 4.619953e+04 9.080334e-09 5.087866e+12 4.072724e-04 1.655914e+01 -1.337003e+01 2.879500e+03 2.857975e+01 8.546351e+00 -1.548331e+02 
1.323098e+14 1.119176e+03 5.893550e+01 4.559563e+04 8.294252e-09 5.497257e+12 6.759142e-04 1.429420e+01 -1.845402e+01 2.921481e+03 3.136512e+01 7.741827e+00 -1.596117e+02 
1.406886e+14 1.025133e+03 5.740483e+01 4.499963e+04 7.576633e-09 5.939265e+12 9.914807e-04 1.074499e+01 -2.501146e+01 2.972886e+03 3.431980e+01 7.014172e+00 -1.662283e+02 
1.495979e+14 9.396054e+02 5.591391e+01 4.441142e+04 6.921466e-09 6.416476e+12 1.465185e-03 8.465128e+00 -3.045494e+01 2.998405e+03 3.745086e+01 6.352783e+00 -1.700368e+02 
1.590714e+14 8.579391e+02 5.446171e+01 4.383090e+04 6.323277e-09 6.931675e+12 1.953647e-03 5.113944e+00 -3.717218e+01 3.035147e+03 4.076660e+01 5.753975e+00 -1.755791e+02 
1.691449e+14 7.841507e+02 5.304723e+01 4.325797e+04 5.777076e-09 7.487865e+12 2.635493e-03 3.530170e+00 -4.229343e+01 3.052422e+03 4.427576e+01 5.207836e+00 -1.781985e+02 
1.798562e+14 7.145309e+02 5.166948e+01 4.269252e+04 5.278318e-09 8.088281e+12 3.286262e-03 1.057959e+00 -4.852174e+01 3.081209e+03 4.798812e+01 4.712067e+00 -1.823876e+02 
1.912459e+14 6.518204e+02 5.032752e+01 4.213447e+04 4.822857e-09 8.736413e+12 4.159718e-03 6.195338e-01 -5.290684e+01 3.094089e+03 5.191389e+01 4.258103e+00 -1.836002e+02 
2.033569e+14 5.930885e+02 4.902041e+01 4.158371e+04 4.406912e-09 9.436021e+12 4.949697e-03 -4.840191e-01 -5.819410e+01 3.118185e+03 5.606423e+01 3.844576e+00 -1.861431e+02 
2.162348e+14 5.402630e+02 4.774725e+01 4.104015e+04 4.027035e-09 1.019116e+13 5.984982e-03 6.854712e-01 -6.142025e+01 3.128767e+03 6.045077e+01 3.464181e+00 -1.856137e+02 
2.299282e+14 4.910243e+02 4.650716e+01 4.050370e+04 3.680082e-09 1.100619e+13 6.878518e-03 1.400928e+00 -6.535788e+01 3.150025e+03 6.508604e+01 3.115228e+00 -1.861733e+02 
2.444887e+14 4.467756e+02 4.529928e+01 3.997425e+04 3.363184e-09 1.188584e+13 8.034102e-03 4.319904e+00 -6.732785e+01 3.158985e+03 6.998314e+01 2.790316e+00 -1.838044e+02 
2.599714e+14 4.056850e+02 4.412276e+01 3.945173e+04 3.073722e-09 1.283517e+13 8.992962e-03 7.141387e+00 -6.967149e+01 3.178226e+03 7.515607e+01 2.485577e+00 -1.821491e+02 
2.764344e+14 3.687674e+02 4.297680e+01 3.893604e+04 2.809309e-09 1.385965e+13 1.022071e-02 1.216882e+01 -7.006970e+01 3.186410e+03 8.061948e+01 2.197350e+00 -1.776403e+02 
2.939401e+14 3.345805e+02 4.186061e+01 3.842709e+04 2.567765e-09 1.496519e+13 1.119755e-02 1.744484e+01 -7.051136e+01 3.204357e+03 8.638898e+01 1.915918e+00 -1.734770e+02 
3.125543e+14 3.038654e+02 4.077340e+01 3.792479e+04 2.347101e-09 1.615814e+13 1.244083e-02 2.490385e+01 -6.903762e+01 3.212253e+03 9.248089e+01 1.624454e+00 -1.665618e+02 
3.323473e+14 2.754835e+02 3.971444e+01 3.742906e+04 2.145504e-09 1.744535e+13 1.337980e-02 3.302871e+01 -6.714590e+01 3.229543e+03 9.891255e+01 1.273237e+00 -1.596077e+02 
3.533937e+14 2.499771e+02 3.868297e+01 3.693981e+04 1.961315e-09 1.883420e+13 1.456991e-02 4.323629e+01 -6.332304e+01 3.237702e+03 1.057021e+02 7.913500e-01 -1.501699e+02 
3.757729e+14 2.264472e+02 3.767830e+01 3.645695e+04 1.793024e-09 2.033266e+13 1.540141e-02 5.465276e+01 -5.846907e+01 3.255019e+03 1.128688e+02 2.134440e-01 -1.402231e+02 
3.995693e+14 2.052897e+02 3.669971e+01 3.598041e+04 1.639250e-09 2.194930e+13 1.645186e-02 6.793476e+01 -5.254987e+01 3.263437e+03 1.204329e+02 4.028579e-02 -1.275957e+02 
4.248727e+14 1.858149e+02 3.574655e+01 3.551009e+04 1.498735e-09 2.369338e+13 1.711400e-02 8.313919e+01 -4.528530e+01 3.280306e+03 1.284157e+02 6.352871e-03 -1.134403e+02 
4.517784e+14 1.682940e+02 3.481814e+01 3.504592e+04 1.370328e-09 2.557485e+13 1.795506e-02 9.976119e+01 -3.707979e+01 3.289377e+03 1.368396e+02 9.061100e-04 -9.737482e+01 
4.803880e+14 1.521943e+02 3.391384e+01 3.458782e+04 1.252979e-09 2.760447e+13 1.838059e-02 1.193093e+02 -2.641946e+01 3.306930e+03 1.457285e+02 1.220130e-04 -7.888909e+01 
5.108093e+14 1.376903e+02 3.303303e+01 3.413571e+04 1.145731e-09 2.979382e+13 1.891405e-02 1.394498e+02 -1.565758e+01 3.317469e+03 1.551074e+02 1.598475e-05 -5.938983e+01 
5.431571e+14 1.243906e+02 3.217509e+01 3.368951e+04 1.047709e-09 3.215539e+13 1.902782e-02 1.640315e+02 -9.711196e-01 3.336460e+03 1.650026e+02 2.063704e-06 -3.595946e+01 
5.775534e+14 1.123793e+02 3.133944e+01 3.324914e+04 9.581145e-10 3.470267e+13 1.913705e-02 1.876911e+02 1.224890e+01 3.349439e+03 1.754422e+02 2.662603e-07 -1.308953e+01 
6.141279e+14 1.013990e+02 3.052549e+01 3.281452e+04 8.762176e-10 3.745020e+13 1.886659e-02 2.182311e+02 3.177561e+01 3.371066e+03 1.864555e+02 3.475150e-08 1.613681e+01 
6.530185e+14 9.143449e+01 2.973268e+01 3.238559e+04 8.013523e-10 4.041367e+13 1.841041e-02 2.450580e+02 4.698421e+01 3.388212e+03 1.980738e+02 4.461585e-09 4.192260e+01 
6.943719e+14 8.237278e+01 2.896047e+01 3.196226e+04 7.329110e-10 4.361002e+13 1.769676e-02 2.829299e+02 7.259961e+01 3.414910e+03 2.103303e+02 5.543884e-10 7.817135e+01 
7.383441e+14 7.406728e+01 2.820830e+01 3.154447e+04 6.703375e-10 4.705759e+13 1.649467e-02 3.118736e+02 8.861338e+01 3.439755e+03 2.232602e+02 6.585860e-11 1.056115e+02 
7.851009e+14 6.659011e+01 2.747568e+01 3.113214e+04 6.131252e-10 5.077615e+13 1.531411e-02 3.594002e+02 1.224993e+02 3.477934e+03 2.369009e+02 7.586594e-12 1.508194e+02 
8.348187e+14 5.957854e+01 2.676208e+01 3.072520e+04 5.608092e-10 5.478726e+13 1.311346e-02 3.879255e+02 1.366325e+02 3.519263e+03 2.512930e+02 8.311195e-13 1.768548e+02 
8.876849e+14 5.340580e+01 2.606701e+01 3.032357e+04 5.129671e-10 5.911407e+13 1.152636e-02 4.497305e+02 1.832511e+02 3.594800e+03 2.664793e+02 8.833901e-14 2.340902e+02 
9.438989e+14 4.722611e+01 2.539000e+01 2.992720e+04 4.692074e-10 6.378246e+13 7.914806e-03 4.716399e+02 1.891303e+02 3.684470e+03 2.825096e+02 8.890060e-15 2.506193e+02 
1.003673e+15 4.210962e+01 2.473057e+01 2.953601e+04 4.291783e-10 6.881990e+13 6.201281e-03 5.593768e+02 2.599423e+02 4.473722e+03 2.994345e+02 8.319491e-16 2.909842e+02 
1.067232e+15 3.263340e+01 2.408827e+01 2.914993e+04 3.924914e-10 7.426896e+13 2.038230e-04 5.556452e+02 2.382695e+02 8.469410e+03 3.173757e+02 4.007652e-17 4.776129e+01 
1.134816e+15 1.460466e+01 2.346265e+01 2.876890e+04 3.586455e-10 8.021543e+13 1.000000e-04 3.494186e+02 1.274148e+01 1.856748e+04 3.366772e+02 0.000000e+00 -7.635981e+02 
1.206680e+15 3.789609e+00 2.285327e+01 2.839285e+04 3.273612e-10 8.673248e+13 1.000000e-04 3.684367e+02 1.082300e+01 3.388891e+04 3.576137e+02 0.000000e+00 -1.663057e+03 
1.283095e+15 8.292032e-01 2.225973e+01 2.802171e+04 2.986273e-10 9.383507e+13 1.000000e-04 3.932878e+02 1.314834e+01 4.091246e+04 3.801395e+02 0.000000e+00 -2.059258e+03 
1.364349e+15 1.563982e-01 2.168160e+01 2.765543e+04 2.723667e-10 1.015375e+14 1.000000e-04 4.197003e+02 1.552003e+01 4.808698e+04 4.041803e+02 0.000000e+00 -2.462936e+03 
1.450749e+15 2.572367e-02 2.111848e+01 2.729393e+04 2.484043e-10 1.098770e+14 1.000000e-04 4.478056e+02 1.803739e+01 5.571862e+04 4.297682e+02 0.000000e+00 -2.892321e+03 
1.542620e+15 3.728966e-03 2.056999e+01 2.693716e+04 2.265479e-10 1.189027e+14 1.000000e-04 4.776694e+02 2.068694e+01 6.376618e+04 4.569825e+02 0.000000e+00 -3.344879e+03 
1.640308e+15 4.813826e-04 2.003575e+01 2.658505e+04 2.066142e-10 1.286700e+14 1.000000e-04 5.093615e+02 2.344011e+01 7.214058e+04 4.859214e+02 0.000000e+00 -3.815202e+03 
1.744183e+15 5.587717e-05 1.951538e+01 2.623755e+04 1.884344e-10 1.392397e+14 1.000000e-04 5.429656e+02 2.627257e+01 8.076545e+04 5.166931e+02 0.000000e+00 -4.298628e+03 
1.854637e+15 5.882964e-06 1.900852e+01 2.589458e+04 1.718543e-10 1.506776e+14 1.000000e-04 5.785814e+02 2.916791e+01 8.958897e+04 5.494135e+02 0.000000e+00 -4.791950e+03 
1.972084e+15 5.661132e-07 1.851483e+01 2.555610e+04 1.567329e-10 1.630551e+14 1.000000e-04 6.163220e+02 3.211611e+01 9.857917e+04 5.842059e+02 0.000000e+00 -5.293138e+03 
2.096970e+15 5.012599e-08 1.803397e+01 2.522205e+04 1.429421e-10 1.764494e+14 1.000000e-04 6.563130e+02 3.511135e+01 1.077172e+05 6.212017e+02 0.000000e+00 -5.800937e+03 
2.229764e+15 4.107840e-09 1.756559e+01 2.489236e+04 1.303648e-10 1.909439e+14 1.000000e-04 6.986905e+02 3.815023e+01 1.169919e+05 6.605403e+02 0.000000e+00 -6.314546e+03 
2.370967e+15 3.131695e-10 1.710937e+01 2.456698e+04 1.188941e-10 2.066291e+14 1.000000e-04 7.436006e+02 4.123057e+01 1.263961e+05 7.023700e+02 0.000000e+00 -6.833382e+03 
2.521112e+15 2.231161e-11 1.666501e+01 2.424586e+04 1.084327e-10 2.236028e+14 1.000000e-04 7.911986e+02 4.434994e+01 1.359218e+05 7.468487e+02 0.000000e+00 -7.356816e+03 
2.680766e+15 1.491650e-12 1.623218e+01 2.392893e+04 9.889180e-11 2.419708e+14 1.000000e-04 8.416453e+02 4.750127e+01 1.455472e+05 7.941441e+02 0.000000e+00 -7.883379e+03 
2.850529e+15 9.395840e-14 1.581060e+01 2.361614e+04 9.019039e-11 2.618476e+14 1.000000e-04 8.951011e+02 5.066660e+01 1.552169e+05 8.444345e+02 0.000000e+00 -8.409587e+03 
3.031043e+15 5.593390e-15 1.539997e+01 2.330744e+04 8.225462e-11 2.833573e+14 1.000000e-04 9.517813e+02 5.387170e+01 1.650098e+05 8.979096e+02 0.000000e+00 -8.939953e+03 
3.222989e+15 3.159126e-16 1.500000e+01 2.300278e+04 7.501710e-11 3.066338e+14 1.000000e-04 1.011825e+03 5.705365e+01 1.747334e+05 9.547712e+02 0.000000e+00 -9.462801e+03 
3.427090e+15 1.700449e-17 1.461042e+01 2.270210e+04 6.841641e-11 3.318225e+14 1.000000e-04 1.075382e+03 6.014812e+01 1.841909e+05 1.015234e+03 0.000000e+00 -9.966192e+03 
3.644116e+15 8.775127e-19 1.423096e+01 2.240535e+04 6.239651e-11 3.590802e+14 1.000000e-04 1.142555e+03 6.302993e+01 1.929991e+05 1.079525e+03 0.000000e+00 -1.042704e+04 
3.874885e+15 4.359370e-20 1.386135e+01 2.211248e+04 5.690629e-11 3.885771e+14 1.000000e-04 1.213854e+03 6.596652e+01 2.017821e+05 1.147887e+03 0.000000e+00 -1.088224e+04 
4.120268e+15 2.047862e-21 1.000000e+01 1.878169e+04 5.189916e-11 3.618882e+14 0.000000e+00 1.220579e+03 0.000000e+00 0.000000e+00 1.220579e+03 0.000000e+00 0.000000e+00 
4.381191e+15 9.308761e-23 1.000000e+01 1.878169e+04 4.733259e-11 3.968026e+14 0.000000e+00 1.297874e+03 0.000000e+00 0.000000e+00 1.297874e+03 0.000000e+00 0.000000e+00 
4.658637e+15 4.315221e-24 1.000000e+01 1.878169e+04 4.316784e-11 4.350853e+14 0.000000e+00 1.380064e+03 0.000000e+00 0.000000e+00 1.380064e+03 0.000000e+00 0.000000e+00 
4.953652e+15 2.070809e-25 1.000000e+01 1.878169e+04 3.936954e-11 4.770616e+14 0.000000e+00 1.467459e+03 0.000000e+00 0.000000e+00 1.467459e+03 0.000000e+00 0.000000e+00 
5.267350e+15 1.029976e-26 1.000000e+01 1.878169e+04 3.590544e-11 5.230876e+14 0.000000e+00 1.560388e+03 0.000000e+00 0.000000e+00 1.560388e+03 0.000000e+00 0.000000e+00 
5.600913e+15 5.249946e-28 1.000000e+01 1.878169e+04 3.274615e-11 5.735542e+14 0.000000e+00 1.659202e+03 0.000000e+00 0.000000e+00 1.659202e+03 0.000000e+00 0.000000e+00 
5.955600e+15 2.693808e-29 1.000000e+01 1.878169e+04 2.986485e-11 6.288897e+14 0.000000e+00 1.764274e+03 0.000000e+00 0.000000e+00 1.764274e+03 0.000000e+00 0.000000e+00 
6.332747e+15 1.367224e-30 1.000000e+01 1.878169e+04 2.723706e-11 6.895638e+14 0.000000e+00 1.875999e+03 0.000000e+00 0.000000e+00 1.875999e+03 0.000000e+00 0.000000e+00 
6.733779e+15 6.772623e-32 1.000000e+01 1.878169e+04 2.484050e-11 7.560917e+14 0.000000e+00 1.994800e+03 0.000000e+00 0.000000e+00 1.994800e+03 0.000000e+00 0.000000e+00 
7.160206e+15 3.246099e-33 1.000000e+01 1.878169e+04 2.265480e-11 8.290380e+14 0.000000e+00 2.121124e+03 0.000000e+00 0.000000e+00 2.121124e+03 0.000000e+00 0.000000e+00 
7.613637e+15 1.498070e-34 1.000000e+01 1.878169e+04 2.066143e-11 9.090221e+14 0.000000e+00 2.255447e+03 0.000000e+00 0.000000e+00 2.255447e+03 0.000000e+00 0.000000e+00 
8.095782e+15 6.641189e-36 1.000000e+01 1.878169e+04 1.884344e-11 9.967229e+14 0.000000e+00 2.398277e+03 0.000000e+00 0.000000e+00 2.398277e+03 0.000000e+00 0.000000e+00 
8.608461e+15 2.825912e-37 1.000000e+01 1.878169e+04 1.718543e-11 1.092885e+15 0.000000e+00 2.550151e+03 0.000000e+00 0.000000e+00 2.550151e+03 0.000000e+00 0.000000e+00 
9.153605e+15 1.154310e-38 1.000000e+01 1.878169e+04 1.567329e-11 1.198325e+15 0.000000e+00 2.711644e+03 0.000000e+00 0.000000e+00 2.711644e+03 0.000000e+00 0.000000e+00 
9.733271e+15 4.529087e-40 1.000000e+01 1.878169e+04 1.429421e-11 1.313937e+15 0.000000e+00 2.883363e+03 0.000000e+00 0.000000e+00 2.883363e+03 0.000000e+00 0.000000e+00 
1.034965e+16 1.708496e-41 1.000000e+01 1.878169e+04 1.303648e-11 1.440703e+15 0.000000e+00 3.065956e+03 0.000000e+00 0.000000e+00 3.065956e+03 0.000000e+00 0.000000e+00 
1.100505e+16 6.202686e-43 1.000000e+01 1.878169e+04 1.188941e-11 1.579699e+15 0.000000e+00 3.260113e+03 0.000000e+00 0.000000e+00 3.260113e+03 0.000000e+00 0.000000e+00 
1.170197e+16 2.169586e-44 1.000000e+01 1.878169e+04 1.084327e-11 1.732106e+15 0.000000e+00 3.466565e+03 0.000000e+00 0.000000e+00 3.466565e+03 0.000000e+00 0.000000e+00 
1.244301e+16 7.319403e-46 1.000000e+01 1.878169e+04 9.889180e-12 1.899216e+15 0.000000e+00 3.686090e+03 0.000000e+00 0.000000e+00 3.686090e+03 0.000000e+00 0.000000e+00 
1.323098e+16 2.384168e-47 1.000000e+01 1.878169e+04 9.019039e-12 2.082449e+15 0.000000e+00 3.919518e+03 0.000000e+00 0.000000e+00 3.919518e+03 0.000000e+00 0.000000e+00 
1.406886e+16 7.505949e-49 1.000000e+01 1.878169e+04 8.225462e-12 2.283360e+15 0.000000e+00 4.167727e+03 0.000000e+00 0.000000e+00 4.167727e+03 0.000000e+00 0.000000e+00 
1.495979e+16 2.286171e-50 1.000000e+01 1.878169e+04 7.501710e-12 2.503655e+15 0.000000e+00 4.431655e+03 0.000000e+00 0.000000e+00 4.431655e+03 0.000000e+00 0.000000e+00 
1.590714e+16 6.743007e-52 1.000000e+01 1.878169e+04 6.841641e-12 2.745203e+15 0.000000e+00 4.712297e+03 0.000000e+00 0.000000e+00 4.712297e+03 0.000000e+00 0.000000e+00 
1.691449e+16 1.927649e-53 1.000000e+01 1.878169e+04 6.239651e-12 3.010055e+15 0.000000e+00 5.010710e+03 0.000000e+00 0.000000e+00 5.010710e+03 0.000000e+00 0.000000e+00 
1.798562e+16 5.345643e-55 1.000000e+01 1.878169e+04 5.690629e-12 3.300460e+15 0.000000e+00 5.328021e+03 0.000000e+00 0.000000e+00 5.328021e+03 0.000000e+00 0.000000e+00 
1.912459e+16 1.439196e-56 1.000000e+01 1.878169e+04 5.189916e-12 3.618882e+15 0.000000e+00 5.665427e+03 0.000000e+00 0.000000e+00 5.665427e+03 0.000000e+00 0.000000e+00 
2.033569e+16 3.764618e-58 1.000000e+01 1.878169e+04 4.733259e-12 3.968026e+15 0.000000e+00 6.024199e+03 0.000000e+00 0.000000e+00 6.024199e+03 0.000000e+00 0.000000e+00 
2.162348e+16 9.574561e-60 1.000000e+01 1.878169e+04 4.316784e-12 4.350853e+15 0.000000e+00 6.405691e+03 0.000000e+00 0.000000e+00 6.405691e+03 0.000000e+00 0.000000e+00 
2.299282e+16 2.369271e-61 1.000000e+01 1.878169e+04 3.936954e-12 4.770616e+15 0.000000e+00 6.811341e+03 0.000000e+00 0.000000e+00 6.811341e+03 0.000000e+00 0.000000e+00 
2.444887e+16 5.708145e-63 1.000000e+01 1.878169e+04 3.590544e-12 5.230876e+15 0.000000e+00 7.242680e+03 0.000000e+00 0.000000e+00 7.242680e+03 0.000000e+00 0.000000e+00 
2.599714e+16 1.339777e-64 1.000000e+01 1.878169e+04 3.274615e-12 5.735542e+15 0.000000e+00 7.701334e+03 0.000000e+00 0.000000e+00 7.701334e+03 0.000000e+00 0.000000e+00 
2.764344e+16 3.065400e-66 1.000000e+01 1.878169e+04 2.986485e-12 6.288897e+15 0.000000e+00 8.189033e+03 0.000000e+00 0.000000e+00 8.189033e+03 0.000000e+00 0.000000e+00 
2.939401e+16 6.840810e-68 1.000000e+01 1.878169e+04 2.723706e-12 6.895638e+15 0.000000e+00 8.707617e+03 0.000000e+00 0.000000e+00 8.707617e+03 0.000000e+00 0.000000e+00 
3.125543e+16 1.489810e-69 1.000000e+01 1.878169e+04 2.484050e-12 7.560917e+15 0.000000e+00 9.259040e+03 0.000000e+00 0.000000e+00 9.259040e+03 0.000000e+00 0.000000e+00 
3.323473e+16 3.167989e-71 1.000000e+01 1.878169e+04 2.265480e-12 8.290380e+15 0.000000e+00 9.845383e+03 0.000000e+00 0.000000e+00 9.845383e+03 0.000000e+00 0.000000e+00 
3.533937e+16 6.580868e-73 1.000000e+01 1.878169e+04 2.066143e-12 9.090221e+15 0.000000e+00 1.046886e+04 0.000000e+00 0.000000e+00 1.046886e+04 0.000000e+00 0.000000e+00 
3.757729e+16 1.336094e-74 1.000000e+01 1.878169e+04 1.884344e-12 9.967229e+15 0.000000e+00 1.113181e+04 0.000000e+00 0.000000e+00 1.113181e+04 0.000000e+00 0.000000e+00 
3.995693e+16 2.652434e-76 1.000000e+01 1.878169e+04 1.718543e-12 1.092885e+16 0.000000e+00 1.183675e+04 0.000000e+00 0.000000e+00 1.183675e+04 0.000000e+00 0.000000e+00 
4.248727e+16 5.151062e-78 1.000000e+01 1.878169e+04 1.567329e-12 1.198325e+16 0.000000e+00 1.258634e+04 0.000000e+00 0.000000e+00 1.258634e+04 0.000000e+00 0.000000e+00 
4.517784e+16 9.789873e-80 1.000000e+01 1.878169e+04 1.429421e-12 1.313937e+16 0.000000e+00 1.338338e+04 0.000000e+00 0.000000e+00 1.338338e+04 0.000000e+00 0.000000e+00 
4.803880e+16 1.821636e-81 1.000000e+01 1.878169e+04 1.303648e-12 1.440703e+16 0.000000e+00 1.423091e+04 0.000000e+00 0.000000e+00 1.423091e+04 0.000000e+00 0.000000e+00 
5.108093e+16 3.319862e-83 1.000000e+01 1.878169e+04 1.188941e-12 1.579699e+16 0.000000e+00 1.513210e+04 0.000000e+00 0.000000e+00 1.513210e+04 0.000000e+00 0.000000e+00 
5.431571e+16 5.928095e-85 1.000000e+01 1.878169e+04 1.084327e-12 1.732106e+16 0.000000e+00 1.609037e+04 0.000000e+00 0.000000e+00 1.609037e+04 0.000000e+00 0.000000e+00 
5.775534e+16 1.037538e-86 1.000000e+01 1.878169e+04 9.889180e-13 1.899216e+16 0.000000e+00 1.710932e+04 0.000000e+00 0.000000e+00 1.710932e+04 0.000000e+00 0.000000e+00 
6.141279e+16 1.780483e-88 1.000000e+01 1.878169e+04 9.019039e-13 2.082449e+16 0.000000e+00 1.819279e+04 0.000000e+00 0.000000e+00 1.819279e+04 0.000000e+00 0.000000e+00 
6.530185e+16 2.996831e-90 1.000000e+01 1.878169e+04 8.225462e-13 2.283360e+16 0.000000e+00 1.934488e+04 0.000000e+00 0.000000e+00 1.934488e+04 0.000000e+00 0.000000e+00 
6.943719e+16 4.949005e-92 1.000000e+01 1.878169e+04 7.501710e-13 2.503655e+16 0.000000e+00 2.056992e+04 0.000000e+00 0.000000e+00 2.056992e+04 0.000000e+00 0.000000e+00 
7.383441e+16 8.021222e-94 1.000000e+01 1.878169e+04 6.841641e-13 2.745203e+16 0.000000e+00 2.187254e+04 0.000000e+00 0.000000e+00 2.187254e+04 0.000000e+00 0.000000e+00 
7.851009e+16 1.276325e-95 1.000000e+01 1.878169e+04 6.239651e-13 3.010055e+16 0.000000e+00 2.325766e+04 0.000000e+00 0.000000e+00 2.325766e+04 0.000000e+00 0.000000e+00 
8.348187e+16 1.994375e-97 1.000000e+01 1.878169e+04 5.690629e-13 3.300460e+16 0.000000e+00 2.473048e+04 0.000000e+00 0.000000e+00 2.473048e+04 0.000000e+00 0.000000e+00 
8.876849e+16 3.061254e-99 1.000000e+01 1.878169e+04 5.189916e-13 3.618882e+16 0.000000e+00 2.629658e+04 0.000000e+00 0.000000e+00 2.629658e+04 0.000000e+00 0.000000e+00 
9.438989e+16 4.616977e-101 1.000000e+01 1.878169e+04 4.733259e-13 3.968026e+16 0.000000e+00 2.796185e+04 0.000000e+00 0.000000e+00 2.796185e+04 0.000000e+00 0.000000e+00 
1.003673e+17 6.843785e-103 1.000000e+01 1.878169e+04 4.316784e-13 4.350853e+16 0.000000e+00 2.973258e+04 0.000000e+00 0.000000e+00 2.973258e+04 0.000000e+00 0.000000e+00 
1.067232e+17 9.973015e-105 1.000000e+01 1.878169e+04 3.936954e-13 4.770616e+16 0.000000e+00 3.161544e+04 0.000000e+00 0.000000e+00 3.161544e+04 0.000000e+00 0.000000e+00 
1.134816e+17 1.429077e-106 1.000000e+01 1.878169e+04 3.590544e-13 5.230876e+16 0.000000e+00 3.361754e+04 0.000000e+00 0.000000e+00 3.361754e+04 0.000000e+00 0.000000e+00 
1.206680e+17 2.014132e-108 1.000000e+01 1.878169e+04 3.274615e-13 5.735542e+16 0.000000e+00 3.574643e+04 0.000000e+00 0.000000e+00 3.574643e+04 0.000000e+00 0.000000e+00 
1.283095e+17 2.792704e-110 1.000000e+01 1.878169e+04 2.986485e-13 6.288897e+16 0.000000e+00 3.801013e+04 0.000000e+00 0.000000e+00 3.801013e+04 0.000000e+00 0.000000e+00 
1.364349e+17 3.810346e-112 1.000000e+01 1.878169e+04 2.723706e-13 6.895638e+16 0.000000e+00 4.041718e+04 0.000000e+00 0.000000e+00 4.041718e+04 0.000000e+00 0.000000e+00 
1.450749e+17 5.194464e-114 1.000000e+01 1.878169e+04 2.484050e-13 7.560917e+16 0.000000e+00 4.297666e+04 0.000000e+00 0.000000e+00 4.297666e+04 0.000000e+00 0.000000e+00 
