time(s)          = 1.104492e+13
time(solar year) = 3.500000e+05
star mass (g)    = 2.300187e+33
star mass (Msun) = 1.156803e+00
total mass (g)   = 2.596709e+33
mdot (g/s)       = 1.170191e+11
mdot (Msun/yr)   = 1.857152e-15
1.542620e+13 5.511935e-05 1.480393e+02 7.226421e+04 2.044980e-07 3.533737e+11 3.000000e-04 -2.035379e+01 -2.035379e+01 -5.913420e+03 3.472271e-10 1.220515e-315 1.150822e+03 
1.640308e+13 1.149997e-04 1.441944e+02 7.131961e+04 1.865044e-07 3.824018e+11 3.000000e-04 -1.568137e+01 -1.568137e+01 -9.484182e+03 1.532771e-09 1.856819e-315 1.862530e+03 
1.744183e+13 2.471471e-04 1.404494e+02 7.038736e+04 1.700940e-07 4.138144e+11 3.000000e-04 -1.473478e+01 -1.473478e+01 -8.869289e+03 4.346303e-09 3.345409e-315 1.741706e+03 
1.854637e+13 5.003465e-04 1.368016e+02 6.946729e+04 1.551276e-07 4.478075e+11 3.000000e-04 -1.423971e+01 -1.423971e+01 -8.454872e+03 1.076699e-08 4.878586e-315 1.660133e+03 
1.972084e+13 9.937060e-04 1.332486e+02 6.855925e+04 1.414780e-07 4.845929e+11 3.000000e-04 -1.392481e+01 -1.392481e+01 -8.210752e+03 2.491535e-08 6.347815e-315 1.612104e+03 
2.096970e+13 1.939964e-03 1.297879e+02 6.766309e+04 1.290295e-07 5.244001e+11 3.000000e-04 -1.364644e+01 -1.364644e+01 -7.993433e+03 5.548329e-08 8.059564e-315 1.569347e+03 
2.229764e+13 3.728836e-03 1.264170e+02 6.677863e+04 1.176763e-07 5.674773e+11 3.000000e-04 -1.337591e+01 -1.337591e+01 -7.782970e+03 1.204132e-07 9.927904e-315 1.527939e+03 
2.370967e+13 7.057086e-03 1.231337e+02 6.590574e+04 1.073221e-07 6.140930e+11 3.000000e-04 -1.310333e+01 -1.310333e+01 -7.570684e+03 2.561545e-07 1.186591e-314 1.486172e+03 
2.521112e+13 1.314853e-02 1.199357e+02 6.504426e+04 9.787890e-08 6.645381e+11 3.000000e-04 -1.282583e+01 -1.282583e+01 -7.354275e+03 5.355064e-07 1.368349e-314 1.443593e+03 
2.680766e+13 2.411041e-02 1.168207e+02 6.419403e+04 8.926661e-08 7.191270e+11 3.000000e-04 -1.254219e+01 -1.254220e+01 -7.132726e+03 1.101381e-06 1.574021e-314 1.400003e+03 
2.850529e+13 4.349733e-02 1.137866e+02 6.335492e+04 8.141212e-08 7.782002e+11 3.000000e-04 -1.225173e+01 -1.225173e+01 -6.905469e+03 2.229401e-06 1.841673e-314 1.355289e+03 
3.031043e+13 7.717779e-02 1.108314e+02 6.252678e+04 7.424874e-08 8.421259e+11 3.000000e-04 -1.195393e+01 -1.195393e+01 -6.672061e+03 4.441525e-06 2.112490e-314 1.309365e+03 
3.222989e+13 1.346241e-01 1.079529e+02 6.170947e+04 6.771565e-08 9.113029e+11 3.000000e-04 -1.164832e+01 -1.164833e+01 -6.432099e+03 8.707789e-06 2.444245e-314 1.262150e+03 
3.427090e+13 2.307660e-01 1.051491e+02 6.090284e+04 6.175741e-08 9.861624e+11 3.000000e-04 -1.133455e+01 -1.133456e+01 -6.185242e+03 1.679627e-05 2.798926e-314 1.213578e+03 
3.644116e+13 3.885515e-01 1.024182e+02 6.010675e+04 5.632343e-08 1.067171e+12 3.000000e-04 -1.101216e+01 -1.101219e+01 -5.931105e+03 3.186554e-05 3.208163e-314 1.163573e+03 
3.874885e+13 6.423187e-01 9.975815e+01 5.932107e+04 5.136758e-08 1.154835e+12 3.000000e-04 -1.068114e+01 -1.068120e+01 -5.669567e+03 5.944200e-05 3.514113e-295 1.112111e+03 
4.120268e+13 1.042019e+00 9.716723e+01 5.854565e+04 4.684780e-08 1.249699e+12 3.000000e-04 -1.034072e+01 -1.034083e+01 -5.400051e+03 1.089890e-04 3.033326e-246 1.059079e+03 
4.381191e+13 1.658056e+00 9.464360e+01 5.778038e+04 4.272571e-08 1.352356e+12 3.000000e-04 -9.992146e+00 -9.992342e+00 -5.123248e+03 1.963523e-04 1.267427e-202 1.004611e+03 
4.658637e+13 2.586646e+00 9.218552e+01 5.702510e+04 3.896632e-08 1.463446e+12 3.000000e-04 -9.632960e+00 -9.633307e+00 -4.837588e+03 3.474610e-04 4.774825e-164 9.484005e+02 
4.953652e+13 3.953848e+00 8.979127e+01 5.627970e+04 3.553773e-08 1.583661e+12 3.000000e-04 -9.267514e+00 -9.268117e+00 -4.545638e+03 6.037224e-04 3.248175e-130 8.909503e+02 
5.267350e+13 5.920203e+00 8.745921e+01 5.554405e+04 3.241083e-08 1.713750e+12 3.000000e-04 -8.893240e+00 -8.894269e+00 -4.246246e+03 1.029668e-03 8.061202e-101 8.320353e+02 
5.600913e+13 8.678526e+00 8.518772e+01 5.481801e+04 2.955908e-08 1.854523e+12 3.000000e-04 -8.501661e+00 -8.503384e+00 -3.933091e+03 1.723311e-03 1.838843e-75 7.704119e+02 
5.955600e+13 1.244209e+01 8.297522e+01 5.410146e+04 2.695829e-08 2.006858e+12 3.000000e-04 -8.159077e+00 -8.161906e+00 -3.650383e+03 2.829174e-03 8.887588e-54 7.147690e+02 
6.332747e+13 1.751440e+01 8.082018e+01 5.339427e+04 2.458637e-08 2.171702e+12 3.000000e-04 -7.643196e+00 -7.647754e+00 -3.256464e+03 4.558215e-03 2.068350e-35 6.372756e+02 
6.733779e+13 2.386221e+01 7.872112e+01 5.269633e+04 2.242320e-08 2.350081e+12 3.000000e-04 -7.540415e+00 -7.547608e+00 -3.114632e+03 7.193514e-03 1.630928e-19 6.092913e+02 
7.160206e+13 3.265217e+01 7.667657e+01 5.200751e+04 2.045044e-08 2.543100e+12 3.000000e-04 -6.698196e+00 -6.709357e+00 -2.543715e+03 1.116345e-02 1.791076e-07 4.970720e+02 
7.613637e+13 4.173005e+01 7.468513e+01 5.132770e+04 1.865134e-08 2.751957e+12 3.000000e-04 -5.837707e+00 -5.016016e+00 -1.237758e+03 1.693933e-02 1.466642e-01 2.384691e+02 
8.095782e+13 4.790326e+01 7.274540e+01 5.065677e+04 1.701062e-08 2.977949e+12 3.000000e-04 -1.056829e+01 -4.063702e+00 -3.317416e+02 2.470367e-02 6.605827e+00 4.732333e+01 
8.608461e+13 5.383415e+01 7.085606e+01 4.999462e+04 1.551434e-08 3.222479e+12 3.000000e-04 -1.062701e+01 -3.997471e+00 -2.235927e+02 3.459397e-02 1.478124e+01 2.426775e+01 
9.153605e+13 6.088011e+01 6.901578e+01 4.934111e+04 1.414978e-08 3.487058e+12 3.000000e-04 -1.265736e+01 -4.044335e+00 -2.604656e+02 4.707749e-02 1.999805e+01 2.635669e+01 
9.733271e+13 6.874627e+01 6.722330e+01 4.869615e+04 1.290538e-08 3.773321e+12 3.000000e-04 -1.204913e+01 -4.036784e+00 -2.409488e+02 6.280945e-02 2.339505e+01 2.372801e+01 
1.034965e+14 7.753297e+01 6.547737e+01 4.805962e+04 1.177058e-08 4.083029e+12 3.000000e-04 -1.241141e+01 -4.078052e+00 -2.553113e+02 8.256042e-02 2.513802e+01 2.595271e+01 
1.100505e+14 8.769351e+01 6.377679e+01 4.743142e+04 1.073575e-08 4.418081e+12 3.000000e-04 -1.105254e+01 -4.048889e+00 -2.321075e+02 1.073192e-01 2.510254e+01 2.484481e+01 
1.170197e+14 9.860174e+01 6.212038e+01 4.681142e+04 9.792110e-09 4.780524e+12 3.000000e-04 -1.051834e+01 -4.091009e+00 -2.353200e+02 1.382513e-01 2.382942e+01 2.716656e+01 
1.244301e+14 1.115296e+02 6.050699e+01 4.619953e+04 8.931663e-09 5.172556e+12 3.000000e-04 -8.364129e+00 -4.029334e+00 -1.981395e+02 1.768446e-01 2.015321e+01 2.498750e+01 
1.323098e+14 1.248120e+02 5.893550e+01 4.559563e+04 8.147108e-09 5.596542e+12 3.000000e-04 -7.364813e+00 -4.078556e+00 -1.940554e+02 2.248169e-01 1.642866e+01 2.669618e+01 
1.406886e+14 1.410405e+02 5.740483e+01 4.499963e+04 7.431800e-09 6.055011e+12 3.000000e-04 -4.645832e+00 -4.015079e+00 -1.658857e+02 2.843791e-01 4.754934e+00 2.718668e+01 
1.495979e+14 1.572830e+02 5.591391e+01 4.441142e+04 6.779674e-09 6.550672e+12 3.000000e-04 -3.041007e+00 -3.399104e+00 2.978539e+02 3.580971e-01 9.266793e-19 -6.198272e+01 
1.590714e+14 1.674116e+02 5.446171e+01 4.383090e+04 6.185143e-09 7.086481e+12 3.000000e-04 -2.390316e+00 -2.837470e+00 8.153356e+02 4.471540e-01 1.172865e-20 -1.637964e+02 
1.691449e+14 1.749205e+02 5.304723e+01 4.325797e+04 5.643097e-09 7.665642e+12 3.000000e-04 -1.986144e+00 -2.538227e+00 1.080844e+03 5.520835e-01 6.635015e-22 -2.159607e+02 
1.798562e+14 1.801467e+02 5.166948e+01 4.269252e+04 5.148895e-09 8.291588e+12 3.000000e-04 -1.626142e+00 -2.300150e+00 1.294080e+03 6.740088e-01 7.404464e-23 -2.578166e+02 
1.912459e+14 1.833735e+02 5.032752e+01 4.213447e+04 4.698306e-09 8.968014e+12 3.000000e-04 -1.279906e+00 -2.094004e+00 1.478233e+03 8.140983e-01 1.042564e-23 -2.939258e+02 
2.033569e+14 1.846722e+02 4.902041e+01 4.158371e+04 4.287469e-09 9.698895e+12 3.000000e-04 -9.330980e-01 -1.906604e+00 1.647095e+03 9.735056e-01 1.645005e-24 -3.270047e+02 
2.162348e+14 1.842060e+02 4.774725e+01 4.104015e+04 3.912865e-09 1.048852e+13 3.000000e-04 -5.793846e-01 -1.732708e+00 1.803747e+03 1.153323e+00 2.728576e-25 -3.576575e+02 
2.299282e+14 1.820791e+02 4.650716e+01 4.050370e+04 3.571282e-09 1.134150e+13 3.000000e-04 -2.191720e-01 -1.573742e+00 1.948936e+03 1.354570e+00 4.562632e-26 -3.860320e+02 
2.444887e+14 1.785496e+02 4.529928e+01 3.997425e+04 3.259793e-09 1.226282e+13 3.000000e-04 1.513961e-01 -1.426813e+00 2.082660e+03 1.578209e+00 7.424118e-27 -4.121248e+02 
2.599714e+14 1.737531e+02 4.412276e+01 3.945173e+04 2.975730e-09 1.325783e+13 3.000000e-04 5.321975e-01 -1.292950e+00 2.206629e+03 1.825148e+00 1.134017e-27 -4.362743e+02 
2.764344e+14 1.679791e+02 4.297680e+01 3.893604e+04 2.716658e-09 1.433233e+13 3.000000e-04 9.288311e-01 -1.167433e+00 2.321580e+03 2.096264e+00 1.563864e-28 -4.586214e+02 
2.939401e+14 1.613246e+02 4.186061e+01 3.842709e+04 2.480361e-09 1.549254e+13 3.000000e-04 1.339615e+00 -1.052779e+00 2.429320e+03 2.392394e+00 1.854101e-29 -4.795253e+02 
3.125543e+14 1.540931e+02 4.077340e+01 3.792479e+04 2.264818e-09 1.674519e+13 3.000000e-04 1.768702e+00 -9.456597e-01 2.528171e+03 2.714361e+00 1.762674e-30 -4.986503e+02 
3.323473e+14 1.463492e+02 3.971444e+01 3.742906e+04 2.068188e-09 1.809751e+13 3.000000e-04 2.215262e+00 -8.477180e-01 2.621543e+03 3.062980e+00 1.188188e-31 -5.166721e+02 
3.533937e+14 1.383695e+02 3.868297e+01 3.693981e+04 1.888796e-09 1.955733e+13 3.000000e-04 2.682518e+00 -7.565577e-01 2.706407e+03 3.439076e+00 4.247969e-33 -5.329880e+02 
3.757729e+14 1.301877e+02 3.767830e+01 3.645695e+04 1.725114e-09 2.113307e+13 3.000000e-04 3.170658e+00 -6.728408e-01 2.787322e+03 3.843499e+00 0.000000e+00 -5.485010e+02 
3.995693e+14 1.220306e+02 3.669971e+01 3.598041e+04 1.575751e-09 2.283382e+13 3.000000e-04 3.681742e+00 -5.953889e-01 2.860217e+03 4.277130e+00 0.000000e+00 -5.624029e+02 
4.248727e+14 1.139110e+02 3.574655e+01 3.551009e+04 1.439440e-09 2.466938e+13 3.000001e-04 4.217214e+00 -5.236930e-01 2.930390e+03 4.740907e+00 0.000000e+00 -5.757412e+02 
4.517784e+14 1.059943e+02 3.481814e+01 3.504592e+04 1.315028e-09 2.665032e+13 3.000011e-04 4.777771e+00 -4.580437e-01 2.993285e+03 5.235815e+00 0.000000e+00 -5.876137e+02 
4.803880e+14 9.828395e+01 3.391384e+01 3.458782e+04 1.201465e-09 2.878804e+13 3.000087e-04 5.365541e+00 -3.973786e-01 3.054417e+03 5.762919e+00 0.000000e+00 -5.991099e+02 
5.108093e+14 9.088233e+01 3.303303e+01 3.413571e+04 1.097793e-09 3.109485e+13 3.000473e-04 5.978196e+00 -3.451561e-01 3.109419e+03 6.323352e+00 0.000000e+00 -6.093677e+02 
5.431571e+14 8.379329e+01 3.217509e+01 3.368951e+04 1.003142e-09 3.358399e+13 3.001841e-04 6.616114e+00 -3.022292e-01 3.163221e+03 6.918343e+00 0.000000e+00 -6.193628e+02 
5.775534e+14 7.706266e+01 3.133944e+01 3.324914e+04 9.167172e-10 3.626979e+13 3.005547e-04 7.273137e+00 -2.760615e-01 3.212027e+03 7.549199e+00 0.000000e+00 -6.283501e+02 
6.141279e+14 7.070463e+01 3.052549e+01 3.281452e+04 8.377962e-10 3.916767e+13 3.013579e-04 7.952309e+00 -2.650358e-01 3.259176e+03 8.217345e+00 0.000000e+00 -6.369872e+02 
6.530185e+14 6.471922e+01 2.973268e+01 3.238559e+04 7.657201e-10 4.229429e+13 3.027883e-04 8.650970e+00 -2.733320e-01 3.302223e+03 8.924302e+00 0.000000e+00 -6.447932e+02 
6.943719e+14 5.913415e+01 2.896047e+01 3.196226e+04 6.998891e-10 4.566761e+13 3.050430e-04 9.387221e+00 -2.845135e-01 3.342786e+03 9.671735e+00 0.000000e+00 -6.520703e+02 
7.383441e+14 5.390983e+01 2.820830e+01 3.154447e+04 6.397564e-10 4.930700e+13 3.079883e-04 1.016132e+01 -3.000959e-01 3.381128e+03 1.046142e+01 0.000000e+00 -6.588704e+02 
7.851009e+14 4.908496e+01 2.747568e+01 3.113214e+04 5.848238e-10 5.323336e+13 3.117280e-04 1.101189e+01 -2.833885e-01 3.417331e+03 1.129528e+01 0.000000e+00 -6.651713e+02 
8.348187e+14 4.458420e+01 2.676208e+01 3.072520e+04 5.346371e-10 5.746926e+13 3.152977e-04 1.192831e+01 -2.470559e-01 3.455247e+03 1.217537e+01 0.000000e+00 -6.717463e+02 
8.876849e+14 4.045777e+01 2.606701e+01 3.032357e+04 4.887822e-10 6.203903e+13 3.190074e-04 1.297435e+01 -1.295180e-01 3.494133e+03 1.310387e+01 0.000000e+00 -6.783843e+02 
9.438989e+14 3.659354e+01 2.539000e+01 2.992720e+04 4.468812e-10 6.696903e+13 3.204986e-04 1.412133e+01 3.824323e-02 3.544194e+03 1.408309e+01 0.000000e+00 -6.871344e+02 
1.003673e+15 3.305303e+01 2.473057e+01 2.953601e+04 4.085893e-10 7.228777e+13 3.208327e-04 1.547317e+01 3.577489e-01 3.614259e+03 1.511542e+01 0.000000e+00 -6.996396e+02 
1.067232e+15 2.964535e+01 2.408827e+01 2.914993e+04 3.735903e-10 7.802647e+13 3.157246e-04 1.702690e+01 8.236423e-01 3.762259e+03 1.620326e+01 0.000000e+00 -7.273679e+02 
1.134816e+15 2.633702e+01 2.346265e+01 2.876890e+04 3.415928e-10 8.421987e+13 3.077119e-04 1.906049e+01 1.711759e+00 4.350314e+03 1.734873e+01 0.000000e+00 -8.416940e+02 
1.206680e+15 2.179195e+01 2.285327e+01 2.839285e+04 3.123079e-10 9.091299e+13 3.000701e-04 2.239508e+01 3.843771e+00 6.257359e+03 1.855131e+01 0.000000e+00 -1.215772e+03 
1.283095e+15 1.499122e+01 2.225973e+01 2.802171e+04 2.854317e-10 9.817310e+13 3.000000e-04 2.703092e+01 7.225273e+00 9.560100e+03 1.980564e+01 0.000000e+00 -1.865003e+03 
1.364349e+15 8.576715e+00 2.168160e+01 2.765543e+04 2.607126e-10 1.060763e+14 3.000000e-04 3.206601e+01 1.095592e+01 1.307345e+04 2.111009e+01 0.000000e+00 -2.555850e+03 
1.450749e+15 4.233300e+00 2.111848e+01 2.729393e+04 2.379934e-10 1.146836e+14 3.000000e-04 3.681921e+01 1.434599e+01 1.631196e+04 2.247323e+01 0.000000e+00 -3.192722e+03 
1.542620e+15 1.837115e+00 2.056999e+01 2.693716e+04 2.171599e-10 1.240430e+14 3.000000e-04 4.151571e+01 1.760771e+01 1.947198e+04 2.390800e+01 0.000000e+00 -3.814093e+03 
1.640308e+15 7.131653e-01 2.003575e+01 2.658505e+04 1.980985e-10 1.342012e+14 3.000000e-04 4.615450e+01 2.072816e+01 2.252105e+04 2.542634e+01 0.000000e+00 -4.413459e+03 
1.744183e+15 2.507975e-01 1.951538e+01 2.623755e+04 1.806860e-10 1.452107e+14 3.000000e-04 5.079803e+01 2.376021e+01 2.550288e+04 2.703783e+01 0.000000e+00 -4.999419e+03 
1.854637e+15 8.069272e-02 1.900852e+01 2.589458e+04 1.647940e-10 1.571331e+14 3.000000e-04 5.548244e+01 2.673209e+01 2.844014e+04 2.875035e+01 0.000000e+00 -5.576455e+03 
1.972084e+15 2.393841e-02 1.851483e+01 2.555610e+04 1.502960e-10 1.700385e+14 3.000000e-04 6.024139e+01 2.967035e+01 3.135607e+04 3.057104e+01 0.000000e+00 -6.149162e+03 
2.096970e+15 6.588900e-03 1.803397e+01 2.522205e+04 1.370722e-10 1.840056e+14 3.000000e-04 6.510237e+01 3.259539e+01 3.426883e+04 3.250699e+01 0.000000e+00 -6.721123e+03 
2.229764e+15 1.691204e-03 1.756559e+01 2.489236e+04 1.250115e-10 1.991206e+14 3.000000e-04 7.008947e+01 3.552394e+01 3.719352e+04 3.456553e+01 0.000000e+00 -7.295314e+03 
2.370967e+15 4.065159e-04 1.710937e+01 2.456698e+04 1.140119e-10 2.154774e+14 3.000000e-04 7.522409e+01 3.846966e+01 4.014254e+04 3.675444e+01 0.000000e+00 -7.874174e+03 
2.521112e+15 9.183333e-05 1.666501e+01 2.424586e+04 1.039801e-10 2.331779e+14 3.000000e-04 8.052584e+01 4.144388e+01 4.312628e+04 3.908197e+01 0.000000e+00 -8.459742e+03 
2.680766e+15 1.955605e-05 1.623218e+01 2.392893e+04 9.483096e-11 2.523324e+14 3.000000e-04 8.601304e+01 4.445614e+01 4.615357e+04 4.155690e+01 0.000000e+00 -9.053748e+03 
2.850529e+15 3.936015e-06 1.581060e+01 2.361614e+04 8.648687e-11 2.730604e+14 3.000000e-04 9.170316e+01 4.751461e+01 4.923199e+04 4.418855e+01 0.000000e+00 -9.657676e+03 
3.031043e+15 7.504466e-07 1.539997e+01 2.330744e+04 7.887696e-11 2.954912e+14 3.000000e-04 9.761320e+01 5.062634e+01 5.236816e+04 4.698686e+01 0.000000e+00 -1.027282e+04 
3.222989e+15 1.358142e-07 1.500000e+01 2.300278e+04 7.193664e-11 3.197645e+14 3.000000e-04 1.037599e+02 5.379752e+01 5.556794e+04 4.996238e+01 0.000000e+00 -1.090032e+04 
3.427090e+15 2.337284e-08 1.461042e+01 2.270210e+04 6.560700e-11 3.460317e+14 3.000000e-04 1.101600e+02 5.703365e+01 5.883655e+04 5.312632e+01 0.000000e+00 -1.154121e+04 
3.644116e+15 3.831041e-09 1.423096e+01 2.240535e+04 5.983429e-11 3.744567e+14 3.000000e-04 1.168303e+02 6.033966e+01 6.217870e+04 5.649063e+01 0.000000e+00 -1.219638e+04 
3.874885e+15 5.989521e-10 1.386135e+01 2.211248e+04 5.456952e-11 4.052167e+14 3.000000e-04 1.237880e+02 6.372000e+01 6.559868e+04 6.006799e+01 0.000000e+00 -1.286668e+04 
4.120268e+15 8.943592e-11 1.350134e+01 2.182344e+04 4.976800e-11 4.385035e+14 3.000000e-04 1.310506e+02 6.717872e+01 6.910040e+04 6.387189e+01 0.000000e+00 -1.355286e+04 
4.381191e+15 1.277038e-11 1.315069e+01 2.153818e+04 4.538895e-11 4.745247e+14 3.000000e-04 1.386360e+02 7.071934e+01 7.268727e+04 6.791668e+01 0.000000e+00 -1.425558e+04 
4.658637e+15 1.745666e-12 1.280914e+01 2.125664e+04 4.139522e-11 5.135048e+14 3.000000e-04 1.465614e+02 7.434380e+01 7.636114e+04 7.221761e+01 0.000000e+00 -1.497519e+04 
4.953652e+15 2.287039e-13 1.247646e+01 2.097879e+04 3.775289e-11 5.556870e+14 3.000000e-04 1.548393e+02 7.804843e+01 8.011849e+04 7.679090e+01 0.000000e+00 -1.571098e+04 
5.267350e+15 2.876613e-14 1.215242e+01 2.070456e+04 3.443104e-11 6.013342e+14 3.000000e-04 1.634378e+02 8.178404e+01 8.390799e+04 8.165380e+01 0.000000e+00 -1.645282e+04 
5.600913e+15 3.472671e-15 1.183679e+01 2.043393e+04 3.140148e-11 6.507312e+14 3.000000e-04 1.725349e+02 8.571020e+01 8.789303e+04 8.682466e+01 0.000000e+00 -1.723287e+04 
5.955600e+15 4.028035e-16 1.152937e+01 2.016682e+04 2.863849e-11 7.041860e+14 3.000000e-04 1.820370e+02 8.971398e+01 9.195823e+04 9.232297e+01 0.000000e+00 -1.802840e+04 
6.332747e+15 4.492858e-17 1.122993e+01 1.990321e+04 2.611862e-11 7.620318e+14 3.000000e-04 1.919863e+02 9.381680e+01 9.612541e+04 9.816947e+01 0.000000e+00 -1.884368e+04 
6.733779e+15 4.823127e-18 1.093826e+01 1.964305e+04 2.382046e-11 8.246293e+14 3.000000e-04 2.023964e+02 9.801018e+01 1.003861e+05 1.043862e+02 0.000000e+00 -1.967702e+04 
7.160206e+15 4.990789e-19 1.065418e+01 1.938629e+04 2.172452e-11 8.923690e+14 3.000000e-04 2.132420e+02 1.022454e+02 1.046835e+05 1.109966e+02 0.000000e+00 -2.051717e+04 
7.613637e+15 4.903610e-20 1.037746e+01 1.913288e+04 1.981300e-11 9.656733e+14 3.000000e-04 2.275299e+02 1.095042e+02 1.116526e+05 1.180257e+02 0.000000e+00 -2.188297e+04 
8.095782e+15 3.291867e-21 1.000000e+01 1.878169e+04 1.806967e-11 1.039404e+15 0.000000e+00 1.254998e+02 0.000000e+00 0.000000e+00 1.254998e+02 0.000000e+00 0.000000e+00 
8.608461e+15 1.376249e-22 1.000000e+01 1.878169e+04 1.647973e-11 1.139684e+15 0.000000e+00 1.334473e+02 0.000000e+00 0.000000e+00 1.334473e+02 0.000000e+00 0.000000e+00 
9.153605e+15 5.603327e-24 1.000000e+01 1.878169e+04 1.502969e-11 1.249639e+15 0.000000e+00 1.418980e+02 0.000000e+00 0.000000e+00 1.418980e+02 0.000000e+00 0.000000e+00 
9.733271e+15 2.316669e-25 1.000000e+01 1.878169e+04 1.370724e-11 1.370202e+15 0.000000e+00 1.508840e+02 0.000000e+00 0.000000e+00 1.508840e+02 0.000000e+00 0.000000e+00 
1.034965e+16 9.793900e-27 1.000000e+01 1.878169e+04 1.250116e-11 1.502397e+15 0.000000e+00 1.604389e+02 0.000000e+00 0.000000e+00 1.604389e+02 0.000000e+00 0.000000e+00 
1.100505e+16 4.221700e-28 1.000000e+01 1.878169e+04 1.140119e-11 1.647345e+15 0.000000e+00 1.705990e+02 0.000000e+00 0.000000e+00 1.705990e+02 0.000000e+00 0.000000e+00 
1.170197e+16 1.860220e-29 1.000000e+01 1.878169e+04 1.039801e-11 1.806278e+15 0.000000e+00 1.814024e+02 0.000000e+00 0.000000e+00 1.814024e+02 0.000000e+00 0.000000e+00 
1.244301e+16 8.454931e-31 1.000000e+01 1.878169e+04 9.483096e-12 1.980544e+15 0.000000e+00 1.928900e+02 0.000000e+00 0.000000e+00 1.928900e+02 0.000000e+00 0.000000e+00 
1.323098e+16 4.014522e-32 1.000000e+01 1.878169e+04 8.648687e-12 2.171624e+15 0.000000e+00 2.051051e+02 0.000000e+00 0.000000e+00 2.051051e+02 0.000000e+00 0.000000e+00 
1.406886e+16 2.016481e-33 1.000000e+01 1.878169e+04 7.887696e-12 2.381138e+15 0.000000e+00 2.180937e+02 0.000000e+00 0.000000e+00 2.180937e+02 0.000000e+00 0.000000e+00 
1.495979e+16 1.079315e-34 1.000000e+01 1.878169e+04 7.193664e-12 2.610866e+15 0.000000e+00 2.319048e+02 0.000000e+00 0.000000e+00 2.319048e+02 0.000000e+00 0.000000e+00 
1.590714e+16 6.140834e-36 1.000000e+01 1.878169e+04 6.560700e-12 2.862758e+15 0.000000e+00 2.465905e+02 0.000000e+00 0.000000e+00 2.465905e+02 0.000000e+00 0.000000e+00 
1.691449e+16 3.669165e-37 1.000000e+01 1.878169e+04 5.983429e-12 3.138951e+15 0.000000e+00 2.622063e+02 0.000000e+00 0.000000e+00 2.622063e+02 0.000000e+00 0.000000e+00 
1.798562e+16 2.263254e-38 1.000000e+01 1.878169e+04 5.456952e-12 3.441792e+15 0.000000e+00 2.788109e+02 0.000000e+00 0.000000e+00 2.788109e+02 0.000000e+00 0.000000e+00 
1.912459e+16 1.417274e-39 1.000000e+01 1.878169e+04 4.976800e-12 3.773850e+15 0.000000e+00 2.964670e+02 0.000000e+00 0.000000e+00 2.964670e+02 0.000000e+00 0.000000e+00 
2.033569e+16 8.890542e-41 1.000000e+01 1.878169e+04 4.538895e-12 4.137944e+15 0.000000e+00 3.152413e+02 0.000000e+00 0.000000e+00 3.152413e+02 0.000000e+00 0.000000e+00 
2.162348e+16 5.534388e-42 1.000000e+01 1.878169e+04 4.139522e-12 4.537165e+15 0.000000e+00 3.352044e+02 0.000000e+00 0.000000e+00 3.352044e+02 0.000000e+00 0.000000e+00 
2.299282e+16 3.397921e-43 1.000000e+01 1.878169e+04 3.775289e-12 4.974903e+15 0.000000e+00 3.564318e+02 0.000000e+00 0.000000e+00 3.564318e+02 0.000000e+00 0.000000e+00 
2.444887e+16 2.049789e-44 1.000000e+01 1.878169e+04 3.443104e-12 5.454872e+15 0.000000e+00 3.790034e+02 0.000000e+00 0.000000e+00 3.790034e+02 0.000000e+00 0.000000e+00 
2.599714e+16 1.212211e-45 1.000000e+01 1.878169e+04 3.140148e-12 5.981148e+15 0.000000e+00 4.030044e+02 0.000000e+00 0.000000e+00 4.030044e+02 0.000000e+00 0.000000e+00 
2.764344e+16 7.018898e-47 1.000000e+01 1.878169e+04 2.863849e-12 6.558199e+15 0.000000e+00 4.285253e+02 0.000000e+00 0.000000e+00 4.285253e+02 0.000000e+00 0.000000e+00 
2.939401e+16 3.976477e-48 1.000000e+01 1.878169e+04 2.611862e-12 7.190922e+15 0.000000e+00 4.556623e+02 0.000000e+00 0.000000e+00 4.556623e+02 0.000000e+00 0.000000e+00 
3.125543e+16 2.203689e-49 1.000000e+01 1.878169e+04 2.382046e-12 7.884689e+15 0.000000e+00 4.845178e+02 0.000000e+00 0.000000e+00 4.845178e+02 0.000000e+00 0.000000e+00 
3.323473e+16 1.194571e-50 1.000000e+01 1.878169e+04 2.172452e-12 8.645390e+15 0.000000e+00 5.152007e+02 0.000000e+00 0.000000e+00 5.152007e+02 0.000000e+00 0.000000e+00 
3.533937e+16 6.334840e-52 1.000000e+01 1.878169e+04 1.981300e-12 9.479482e+15 0.000000e+00 5.478266e+02 0.000000e+00 0.000000e+00 5.478266e+02 0.000000e+00 0.000000e+00 
3.757729e+16 3.287104e-53 1.000000e+01 1.878169e+04 1.806967e-12 1.039404e+16 0.000000e+00 5.825185e+02 0.000000e+00 0.000000e+00 5.825185e+02 0.000000e+00 0.000000e+00 
3.995693e+16 1.669407e-54 1.000000e+01 1.878169e+04 1.647973e-12 1.139684e+16 0.000000e+00 6.194075e+02 0.000000e+00 0.000000e+00 6.194075e+02 0.000000e+00 0.000000e+00 
4.248727e+16 8.300682e-56 1.000000e+01 1.878169e+04 1.502969e-12 1.249639e+16 0.000000e+00 6.586324e+02 0.000000e+00 0.000000e+00 6.586324e+02 0.000000e+00 0.000000e+00 
4.517784e+16 4.042107e-57 1.000000e+01 1.878169e+04 1.370724e-12 1.370202e+16 0.000000e+00 7.003413e+02 0.000000e+00 0.000000e+00 7.003413e+02 0.000000e+00 0.000000e+00 
4.803880e+16 1.928363e-58 1.000000e+01 1.878169e+04 1.250116e-12 1.502397e+16 0.000000e+00 7.446915e+02 0.000000e+00 0.000000e+00 7.446915e+02 0.000000e+00 0.000000e+00 
5.108093e+16 9.015763e-60 1.000000e+01 1.878169e+04 1.140119e-12 1.647345e+16 0.000000e+00 7.918503e+02 0.000000e+00 0.000000e+00 7.918503e+02 0.000000e+00 0.000000e+00 
5.431571e+16 4.132326e-61 1.000000e+01 1.878169e+04 1.039801e-12 1.806278e+16 0.000000e+00 8.419955e+02 0.000000e+00 0.000000e+00 8.419955e+02 0.000000e+00 0.000000e+00 
5.775534e+16 1.857417e-62 1.000000e+01 1.878169e+04 9.483096e-13 1.980544e+16 0.000000e+00 8.953162e+02 0.000000e+00 0.000000e+00 8.953162e+02 0.000000e+00 0.000000e+00 
6.141279e+16 8.190094e-64 1.000000e+01 1.878169e+04 8.648687e-13 2.171624e+16 0.000000e+00 9.520135e+02 0.000000e+00 0.000000e+00 9.520135e+02 0.000000e+00 0.000000e+00 
6.530185e+16 3.543828e-65 1.000000e+01 1.878169e+04 7.887696e-13 2.381138e+16 0.000000e+00 1.012301e+03 0.000000e+00 0.000000e+00 1.012301e+03 0.000000e+00 0.000000e+00 
6.943719e+16 1.505210e-66 1.000000e+01 1.878169e+04 7.193664e-13 2.610866e+16 0.000000e+00 1.076407e+03 0.000000e+00 0.000000e+00 1.076407e+03 0.000000e+00 0.000000e+00 
7.383441e+16 6.277623e-68 1.000000e+01 1.878169e+04 6.560700e-13 2.862758e+16 0.000000e+00 1.144572e+03 0.000000e+00 0.000000e+00 1.144572e+03 0.000000e+00 0.000000e+00 
7.851009e+16 2.571563e-69 1.000000e+01 1.878169e+04 5.983429e-13 3.138951e+16 0.000000e+00 1.217054e+03 0.000000e+00 0.000000e+00 1.217054e+03 0.000000e+00 0.000000e+00 
8.348187e+16 1.034975e-70 1.000000e+01 1.878169e+04 5.456952e-13 3.441792e+16 0.000000e+00 1.294126e+03 0.000000e+00 0.000000e+00 1.294126e+03 0.000000e+00 0.000000e+00 
8.876849e+16 4.093700e-72 1.000000e+01 1.878169e+04 4.976800e-13 3.773850e+16 0.000000e+00 1.376078e+03 0.000000e+00 0.000000e+00 1.376078e+03 0.000000e+00 0.000000e+00 
9.438989e+16 1.591754e-73 1.000000e+01 1.878169e+04 4.538895e-13 4.137944e+16 0.000000e+00 1.463220e+03 0.000000e+00 0.000000e+00 1.463220e+03 0.000000e+00 0.000000e+00 
1.003673e+17 6.085924e-75 1.000000e+01 1.878169e+04 4.139522e-13 4.537165e+16 0.000000e+00 1.555881e+03 0.000000e+00 0.000000e+00 1.555881e+03 0.000000e+00 0.000000e+00 
1.067232e+17 2.288659e-76 1.000000e+01 1.878169e+04 3.775289e-13 4.974903e+16 0.000000e+00 1.654410e+03 0.000000e+00 0.000000e+00 1.654410e+03 0.000000e+00 0.000000e+00 
1.134816e+17 8.467407e-78 1.000000e+01 1.878169e+04 3.443104e-13 5.454872e+16 0.000000e+00 1.759178e+03 0.000000e+00 0.000000e+00 1.759178e+03 0.000000e+00 0.000000e+00 
1.206680e+17 3.082774e-79 1.000000e+01 1.878169e+04 3.140148e-13 5.981148e+16 0.000000e+00 1.870581e+03 0.000000e+00 0.000000e+00 1.870581e+03 0.000000e+00 0.000000e+00 
1.283095e+17 1.104739e-80 1.000000e+01 1.878169e+04 2.863849e-13 6.558199e+16 0.000000e+00 1.989038e+03 0.000000e+00 0.000000e+00 1.989038e+03 0.000000e+00 0.000000e+00 
1.364349e+17 3.897678e-82 1.000000e+01 1.878169e+04 2.611862e-13 7.190922e+16 0.000000e+00 2.114997e+03 0.000000e+00 0.000000e+00 2.114997e+03 0.000000e+00 0.000000e+00 
1.450749e+17 1.408662e-83 1.000000e+01 1.878169e+04 2.382046e-13 7.884689e+16 0.000000e+00 2.248933e+03 0.000000e+00 0.000000e+00 2.248933e+03 0.000000e+00 0.000000e+00 
