time(s)          = 5.680246e+12
time(solar year) = 1.800000e+05
star mass (g)    = 1.531481e+33
star mass (Msun) = 7.702076e-01
total mass (g)   = 1.865980e+33
mdot (g/s)       = 1.066252e+20
mdot (Msun/yr)   = 1.692197e-06
1.542620e+13 4.277260e+04 1.480393e+02 7.226421e+04 1.669711e-07 4.327946e+11 2.886234e-02 6.694724e+00 6.732263e+00 1.544958e+03 -1.016145e+00 1.350523e+02 -2.982348e+02 
1.640308e+13 3.857097e+04 1.441944e+02 7.131961e+04 1.524764e-07 4.677420e+11 2.895656e-02 -6.102152e+00 -6.408319e+00 3.449913e+03 -1.117137e+00 7.674188e+01 -6.875753e+02 
1.744183e+13 3.481590e+04 1.404494e+02 7.038736e+04 1.392430e-07 5.055000e+11 2.943023e-02 -6.003305e+00 -5.831677e+00 3.456706e+03 -1.228365e+00 5.128202e+01 -6.891640e+02 
1.854637e+13 3.139621e+04 1.368016e+02 6.946729e+04 1.271611e-07 5.462935e+11 2.950745e-02 -1.082648e+01 -1.057048e+01 3.467646e+03 -1.350902e+00 4.742756e+01 -6.960725e+02 
1.972084e+13 2.835032e+04 1.332486e+02 6.855925e+04 1.161303e-07 5.903651e+11 3.011831e-02 -4.979382e+00 -4.609030e+00 3.475518e+03 -1.485939e+00 4.386421e+01 -6.918101e+02 
2.096970e+13 2.555658e+04 1.297879e+02 6.766309e+04 1.060588e-07 6.379771e+11 3.002696e-02 -1.692157e+01 -1.645275e+01 3.485677e+03 -1.634801e+00 4.052707e+01 -7.056121e+02 
2.229764e+13 2.309683e+04 1.264170e+02 6.677863e+04 9.686316e-08 6.894121e+11 3.097420e-02 -1.266854e+01 -1.205620e+01 3.488385e+03 -1.798961e+00 3.744062e+01 -7.019080e+02 
2.370967e+13 2.081584e+04 1.231337e+02 6.590574e+04 8.846699e-08 7.449754e+11 3.075705e-02 -2.022353e+01 -1.947670e+01 3.504394e+03 -1.980063e+00 3.454502e+01 -7.125224e+02 
2.521112e+13 1.882229e+04 1.199357e+02 6.504426e+04 8.080067e-08 8.049965e+11 3.191823e-02 -1.363796e+01 -1.270593e+01 3.505229e+03 -2.179938e+00 3.186320e+01 -7.061397e+02 
2.680766e+13 1.695700e+04 1.168207e+02 6.419403e+04 7.380057e-08 8.698311e+11 3.150893e-02 -2.481578e+01 -2.371698e+01 3.522845e+03 -2.400636e+00 2.934956e+01 -7.206589e+02 
2.850529e+13 1.534435e+04 1.137866e+02 6.335492e+04 6.740871e-08 9.398626e+11 3.298348e-02 -1.863517e+01 -1.730416e+01 3.519242e+03 -2.644449e+00 2.702698e+01 -7.138022e+02 
3.031043e+13 1.381907e+04 1.108314e+02 6.252678e+04 6.157208e-08 1.015505e+12 3.239140e-02 -2.988514e+01 -2.834051e+01 3.540744e+03 -2.913946e+00 2.484884e+01 -7.291615e+02 
3.222989e+13 1.251369e+04 1.079529e+02 6.170947e+04 5.624237e-08 1.097206e+12 3.417996e-02 -2.239858e+01 -2.056094e+01 3.533661e+03 -3.212016e+00 2.283892e+01 -7.203265e+02 
3.427090e+13 1.126530e+04 1.051491e+02 6.090284e+04 5.137541e-08 1.185447e+12 3.336748e-02 -3.504525e+01 -3.293725e+01 3.558636e+03 -3.541912e+00 2.095370e+01 -7.377562e+02 
3.644116e+13 1.020885e+04 1.024182e+02 6.010675e+04 4.693097e-08 1.280748e+12 3.550637e-02 -2.630807e+01 -2.383214e+01 3.547572e+03 -3.907306e+00 1.921801e+01 -7.269001e+02 
3.874885e+13 9.186240e+03 9.975815e+01 5.932107e+04 4.287224e-08 1.383671e+12 3.443741e-02 -4.024344e+01 -3.742511e+01 3.576494e+03 -4.312358e+00 1.758942e+01 -7.463875e+02 
4.120268e+13 8.331318e+03 9.716723e+01 5.854565e+04 3.916568e-08 1.494820e+12 3.695917e-02 -2.974861e+01 -2.646865e+01 3.561274e+03 -4.761796e+00 1.609420e+01 -7.329742e+02 
4.381191e+13 7.492825e+03 9.464360e+01 5.778038e+04 3.578064e-08 1.614850e+12 3.558376e-02 -4.523593e+01 -4.152251e+01 3.594491e+03 -5.261016e+00 1.469064e+01 -7.548495e+02 
4.658637e+13 6.801139e+03 9.218552e+01 5.702510e+04 3.268918e-08 1.744464e+12 3.852720e-02 -3.239169e+01 -2.809892e+01 3.574838e+03 -5.816207e+00 1.340617e+01 -7.382393e+02 
4.953652e+13 6.112788e+03 8.979127e+01 5.627970e+04 2.986573e-08 1.884424e+12 3.677918e-02 -4.957087e+01 -4.472832e+01 3.612877e+03 -6.434503e+00 1.219941e+01 -7.627461e+02 
5.267350e+13 5.553358e+03 8.745921e+01 5.554405e+04 2.728703e-08 2.035547e+12 4.018603e-02 -3.359004e+01 -2.801877e+01 3.588472e+03 -7.124191e+00 1.109839e+01 -7.420980e+02 
5.600913e+13 4.987444e+03 8.518772e+01 5.481801e+04 2.493177e-08 2.198721e+12 3.797756e-02 -5.259368e+01 -4.632210e+01 3.632000e+03 -7.894967e+00 1.006187e+01 -7.695007e+02 
5.955600e+13 4.535213e+03 8.297522e+01 5.410146e+04 2.278056e-08 2.374896e+12 4.189238e-02 -3.252230e+01 -2.532970e+01 3.602428e+03 -8.758298e+00 9.117562e+00 -7.437900e+02 
6.332747e+13 4.069141e+03 8.082018e+01 5.339427e+04 2.081564e-08 2.565104e+12 3.910897e-02 -5.337601e+01 -4.528405e+01 3.652329e+03 -9.727905e+00 8.224523e+00 -7.742907e+02 
6.733779e+13 3.703839e+03 7.872112e+01 5.269633e+04 1.902085e-08 2.770451e+12 4.357659e-02 -2.803344e+01 -1.876716e+01 3.617087e+03 -1.082048e+01 7.408974e+00 -7.422524e+02 
7.160206e+13 3.319172e+03 7.667657e+01 5.200751e+04 1.738138e-08 2.992139e+12 4.007008e-02 -5.051662e+01 -4.007903e+01 3.674551e+03 -1.205674e+01 6.630827e+00 -7.758728e+02 
7.613637e+13 3.024384e+03 7.468513e+01 5.132770e+04 1.588379e-08 3.231452e+12 4.512975e-02 -1.840479e+01 -6.446924e+00 3.633080e+03 -1.346308e+01 5.913448e+00 -7.359196e+02 
8.095782e+13 2.706052e+03 7.274540e+01 5.065677e+04 1.451571e-08 3.489790e+12 4.070777e-02 -4.172756e+01 -2.820697e+01 3.699789e+03 -1.507440e+01 5.218435e+00 -7.722193e+02 
8.608461e+13 2.468462e+03 7.085606e+01 4.999462e+04 1.326593e-08 3.768647e+12 4.637943e-02 -7.665563e-01 1.477777e+01 3.651629e+03 -1.693942e+01 4.563854e+00 -7.222128e+02 
9.153605e+13 2.204081e+03 6.901578e+01 4.934111e+04 1.212417e-08 4.069650e+12 4.078566e-02 -2.269107e+01 -4.963663e+00 3.730194e+03 -1.913152e+01 3.912524e+00 -7.595120e+02 
9.733271e+13 2.012828e+03 6.722330e+01 4.869615e+04 1.108106e-08 4.394540e+12 4.703422e-02 3.020905e+01 5.080767e+01 3.675408e+03 -2.177739e+01 3.268254e+00 -6.964330e+02 
1.034965e+14 1.792090e+03 6.547737e+01 4.805962e+04 1.012802e-08 4.745214e+12 3.991055e-02 1.290483e+01 3.697714e+01 3.769568e+03 -2.516211e+01 2.569987e+00 -7.323407e+02 
1.100505e+14 1.638379e+03 6.377679e+01 4.743142e+04 9.257266e-09 5.123696e+12 4.661869e-02 9.303701e+01 1.230321e+02 3.714288e+03 -3.069939e+01 1.734474e+00 -6.423893e+02 
1.170197e+14 1.451467e+03 6.212038e+01 4.681142e+04 8.461616e-09 5.532208e+12 3.712000e-02 1.534733e+02 1.889061e+02 3.856830e+03 -3.543288e+01 0.000000e+00 -6.115756e+02 
1.244301e+14 1.324093e+03 6.050699e+01 4.619953e+04 7.734558e-09 5.973131e+12 4.234018e-02 9.840359e+01 1.359103e+02 3.744515e+03 -3.750668e+01 0.000000e+00 -6.438819e+02 
1.323098e+14 1.174415e+03 5.893550e+01 4.559563e+04 7.070170e-09 6.449015e+12 3.397077e-02 1.530547e+02 1.927544e+02 3.873285e+03 -3.969965e+01 0.000000e+00 -6.152744e+02 
1.406886e+14 1.069275e+03 5.740483e+01 4.499963e+04 6.463021e-09 6.962631e+12 3.791420e-02 1.039669e+02 1.459855e+02 3.774122e+03 -4.201862e+01 0.000000e+00 -6.442642e+02 
1.495979e+14 9.492456e+02 5.591391e+01 4.441142e+04 5.908171e-09 7.516949e+12 3.053330e-02 1.530692e+02 1.975398e+02 3.892563e+03 -4.447065e+01 0.000000e+00 -6.191085e+02 
1.590714e+14 8.625951e+02 5.446171e+01 4.383090e+04 5.401092e-09 8.115192e+12 3.331566e-02 1.099464e+02 1.570097e+02 3.806198e+03 -4.706337e+01 0.000000e+00 -6.447282e+02 
1.691449e+14 7.661607e+02 5.304723e+01 4.325797e+04 4.937661e-09 8.760821e+12 2.678012e-02 1.536379e+02 2.034426e+02 3.916141e+03 -4.980469e+01 0.000000e+00 -6.232506e+02 
1.798562e+14 6.948489e+02 5.166948e+01 4.269252e+04 4.514102e-09 9.457589e+12 2.851446e-02 1.165250e+02 1.692282e+02 3.842632e+03 -5.270317e+01 0.000000e+00 -6.454680e+02 
1.912459e+14 6.171505e+02 5.032752e+01 4.213447e+04 4.126974e-09 1.020953e+13 2.267646e-02 1.548753e+02 2.106429e+02 3.946724e+03 -5.576769e+01 0.000000e+00 -6.281239e+02 
2.033569e+14 5.585279e+02 4.902041e+01 4.158371e+04 3.773127e-09 1.102102e+13 2.347543e-02 1.238000e+02 1.828079e+02 3.887089e+03 -5.900786e+01 0.000000e+00 -6.471130e+02 
2.162348e+14 4.956207e+02 4.774725e+01 4.104015e+04 3.449689e-09 1.189677e+13 1.818147e-02 1.568661e+02 2.192999e+02 3.989881e+03 -6.243378e+01 0.000000e+00 -6.347475e+02 
2.299282e+14 4.474464e+02 4.650716e+01 4.050370e+04 3.154031e-09 1.284188e+13 1.815874e-02 1.316970e+02 1.977533e+02 3.948054e+03 -6.605629e+01 0.000000e+00 -6.514177e+02 
2.444887e+14 3.960125e+02 4.529928e+01 3.997425e+04 2.883753e-09 1.386189e+13 1.325085e-02 1.596440e+02 2.295310e+02 4.059548e+03 -6.988705e+01 0.000000e+00 -6.458480e+02 
2.599714e+14 3.563300e+02 4.412276e+01 3.945173e+04 2.636662e-09 1.496276e+13 1.252107e-02 1.397574e+02 2.136959e+02 4.052225e+03 -7.393848e+01 0.000000e+00 -6.641211e+02 
2.764344e+14 3.131525e+02 4.297680e+01 3.893604e+04 2.410745e-09 1.615104e+13 7.841774e-03 1.632091e+02 2.414338e+02 4.206321e+03 -7.822465e+01 0.000000e+00 -6.714406e+02 
2.939401e+14 2.799118e+02 4.186061e+01 3.842709e+04 2.204169e-09 1.743383e+13 6.517976e-03 1.462147e+02 2.289752e+02 4.390329e+03 -8.276050e+01 0.000000e+00 -7.247158e+02 
3.125543e+14 2.377474e+02 4.077340e+01 3.792479e+04 2.015195e-09 1.881942e+13 1.917230e-03 1.678234e+02 2.553914e+02 9.678106e+03 -8.756798e+01 0.000000e+00 -1.749671e+03 
3.323473e+14 6.941060e+01 3.971444e+01 3.742906e+04 1.840829e-09 2.033272e+13 3.000000e-04 1.283593e+02 2.211747e+02 3.467684e+04 -9.281547e+01 0.000000e+00 -6.738775e+03 
3.533937e+14 5.982269e+00 3.868297e+01 3.693981e+04 1.679588e-09 2.199338e+13 3.000000e-04 1.889950e+01 1.175067e+02 1.200154e+05 -9.860724e+01 0.000000e+00 -2.374709e+04 
3.757729e+14 3.657042e-01 3.767830e+01 3.645695e+04 1.531865e-09 2.379906e+13 3.000000e-04 6.179778e+01 1.666408e+02 1.701802e+05 -1.048430e+02 0.000000e+00 -3.363884e+04 
3.995693e+14 2.411410e-02 3.669971e+01 3.598041e+04 1.397082e-09 2.575397e+13 3.000000e-04 4.364440e+01 1.551261e+02 1.584420e+05 -1.114817e+02 0.000000e+00 -3.133254e+04 
4.248727e+14 1.558947e-03 3.574655e+01 3.551009e+04 1.274154e-09 2.786954e+13 3.000000e-04 4.045351e+01 1.589950e+02 1.623674e+05 -1.185414e+02 0.000000e+00 -3.211308e+04 
4.517784e+14 9.309535e-05 3.481814e+01 3.504592e+04 1.162042e-09 3.015890e+13 3.000000e-04 4.689234e+01 1.729406e+02 1.765893e+05 -1.260483e+02 0.000000e+00 -3.492299e+04 
4.803880e+14 5.591331e-06 3.391384e+01 3.458782e+04 1.059795e-09 3.263633e+13 3.000000e-04 3.873922e+01 1.727697e+02 1.763936e+05 -1.340305e+02 0.000000e+00 -3.489239e+04 
5.108093e+14 3.063401e-07 3.303303e+01 3.413571e+04 9.665447e-10 3.531726e+13 3.000000e-04 4.778509e+01 1.903033e+02 1.942688e+05 -1.425182e+02 0.000000e+00 -3.842317e+04 
5.431571e+14 1.654611e-08 3.217509e+01 3.368951e+04 8.814993e-10 3.821842e+13 3.000000e-04 4.238309e+01 1.939264e+02 1.979539e+05 -1.515433e+02 0.000000e+00 -3.915833e+04 
5.775534e+14 8.545499e-10 3.133944e+01 3.324914e+04 8.039369e-10 4.135789e+13 3.000000e-04 4.239239e+01 2.035325e+02 2.078166e+05 -1.611401e+02 0.000000e+00 -4.111142e+04 
6.141279e+14 5.738601e-11 3.052549e+01 3.281452e+04 7.331992e-10 4.475526e+13 3.000000e-04 -1.508429e+01 1.562602e+02 1.598760e+05 -1.713445e+02 0.000000e+00 -3.167525e+04 
6.530185e+14 7.252505e-12 2.973268e+01 3.238559e+04 6.686856e-10 4.843171e+13 3.000000e-04 -9.969077e+01 8.250440e+01 8.471815e+04 -1.821952e+02 0.000000e+00 -1.687638e+04 
6.943719e+14 9.871023e-13 2.896047e+01 3.196226e+04 6.098485e-10 5.241017e+13 3.000000e-04 -1.169451e+02 7.678786e+01 7.890312e+04 -1.937330e+02 0.000000e+00 -1.574209e+04 
7.383441e+14 1.368331e-13 2.820830e+01 3.154447e+04 5.561884e-10 5.671544e+13 3.000000e-04 -1.303172e+02 7.568420e+01 7.778339e+04 -2.060014e+02 0.000000e+00 -1.553372e+04 
7.851009e+14 1.905798e-14 2.747568e+01 3.113214e+04 5.072499e-10 6.137436e+13 3.000000e-04 -1.434137e+02 7.563308e+01 7.773939e+04 -2.190468e+02 0.000000e+00 -1.553810e+04 
8.348187e+14 2.677701e-15 2.676208e+01 3.072520e+04 4.626174e-10 6.641600e+13 3.000000e-04 -1.575381e+02 7.538020e+01 7.745299e+04 -2.329183e+02 0.000000e+00 -1.549551e+04 
8.876849e+14 3.573945e-16 2.606701e+01 3.032357e+04 4.219121e-10 7.187178e+13 3.000000e-04 -1.661126e+02 8.155553e+01 8.315555e+04 -2.476682e+02 0.000000e+00 -1.663336e+04 
9.438989e+14 3.256586e-22 1.000000e+01 1.878169e+04 3.847884e-10 4.881045e+13 0.000000e+00 -2.633521e+02 0.000000e+00 0.000000e+00 -2.633521e+02 0.000000e+00 0.000000e+00 
1.003673e+15 0.000000e+00 1.000000e+01 1.878169e+04 3.509312e-10 5.351959e+13 0.000000e+00 -2.800293e+02 0.000000e+00 0.000000e+00 -2.800293e+02 0.000000e+00 0.000000e+00 
1.067232e+15 0.000000e+00 1.000000e+01 1.878169e+04 3.200530e-10 5.868306e+13 0.000000e+00 -2.977626e+02 0.000000e+00 0.000000e+00 -2.977626e+02 0.000000e+00 0.000000e+00 
1.134816e+15 0.000000e+00 1.000000e+01 1.878169e+04 2.918918e-10 6.434470e+13 0.000000e+00 -3.166189e+02 0.000000e+00 0.000000e+00 -3.166189e+02 0.000000e+00 0.000000e+00 
1.206680e+15 0.000000e+00 1.000000e+01 1.878169e+04 2.662085e-10 7.055256e+13 0.000000e+00 -3.366693e+02 0.000000e+00 0.000000e+00 -3.366693e+02 0.000000e+00 0.000000e+00 
1.283095e+15 0.000000e+00 1.000000e+01 1.878169e+04 2.427851e-10 7.735935e+13 0.000000e+00 -3.579894e+02 0.000000e+00 0.000000e+00 -3.579894e+02 0.000000e+00 0.000000e+00 
1.364349e+15 0.000000e+00 1.000000e+01 1.878169e+04 2.214226e-10 8.482284e+13 0.000000e+00 -3.806597e+02 0.000000e+00 0.000000e+00 -3.806597e+02 0.000000e+00 0.000000e+00 
1.450749e+15 0.000000e+00 1.000000e+01 1.878169e+04 2.019398e-10 9.300639e+13 0.000000e+00 -4.047655e+02 0.000000e+00 0.000000e+00 -4.047655e+02 0.000000e+00 0.000000e+00 
1.542620e+15 0.000000e+00 1.000000e+01 1.878169e+04 1.841713e-10 1.019795e+14 0.000000e+00 -4.303980e+02 0.000000e+00 0.000000e+00 -4.303980e+02 0.000000e+00 0.000000e+00 
1.640308e+15 0.000000e+00 1.000000e+01 1.878169e+04 1.679662e-10 1.118183e+14 0.000000e+00 -4.576536e+02 0.000000e+00 0.000000e+00 -4.576536e+02 0.000000e+00 0.000000e+00 
1.744183e+15 0.000000e+00 1.000000e+01 1.878169e+04 1.531870e-10 1.226063e+14 0.000000e+00 -4.866352e+02 0.000000e+00 0.000000e+00 -4.866352e+02 0.000000e+00 0.000000e+00 
1.854637e+15 0.000000e+00 1.000000e+01 1.878169e+04 1.397082e-10 1.344351e+14 0.000000e+00 -5.174522e+02 0.000000e+00 0.000000e+00 -5.174522e+02 0.000000e+00 0.000000e+00 
1.972084e+15 0.000000e+00 1.000000e+01 1.878169e+04 1.274154e-10 1.474052e+14 0.000000e+00 -5.502206e+02 0.000000e+00 0.000000e+00 -5.502206e+02 0.000000e+00 0.000000e+00 
2.096970e+15 0.000000e+00 1.000000e+01 1.878169e+04 1.162042e-10 1.616266e+14 0.000000e+00 -5.850642e+02 0.000000e+00 0.000000e+00 -5.850642e+02 0.000000e+00 0.000000e+00 
2.229764e+15 0.000000e+00 1.000000e+01 1.878169e+04 1.059795e-10 1.772200e+14 0.000000e+00 -6.221143e+02 0.000000e+00 0.000000e+00 -6.221143e+02 0.000000e+00 0.000000e+00 
2.370967e+15 0.000000e+00 1.000000e+01 1.878169e+04 9.665447e-11 1.943179e+14 0.000000e+00 -6.615107e+02 0.000000e+00 0.000000e+00 -6.615107e+02 0.000000e+00 0.000000e+00 
2.521112e+15 0.000000e+00 1.000000e+01 1.878169e+04 8.814993e-11 2.130653e+14 0.000000e+00 -7.034019e+02 0.000000e+00 0.000000e+00 -7.034019e+02 0.000000e+00 0.000000e+00 
2.680766e+15 0.000000e+00 1.000000e+01 1.878169e+04 8.039369e-11 2.336215e+14 0.000000e+00 -7.479459e+02 0.000000e+00 0.000000e+00 -7.479459e+02 0.000000e+00 0.000000e+00 
2.850529e+15 0.000000e+00 1.000000e+01 1.878169e+04 7.331992e-11 2.561609e+14 0.000000e+00 -7.953108e+02 0.000000e+00 0.000000e+00 -7.953108e+02 0.000000e+00 0.000000e+00 
3.031043e+15 0.000000e+00 1.000000e+01 1.878169e+04 6.686856e-11 2.808748e+14 0.000000e+00 -8.456751e+02 0.000000e+00 0.000000e+00 -8.456751e+02 0.000000e+00 0.000000e+00 
3.222989e+15 0.000000e+00 1.000000e+01 1.878169e+04 6.098485e-11 3.079731e+14 0.000000e+00 -8.992288e+02 0.000000e+00 0.000000e+00 -8.992288e+02 0.000000e+00 0.000000e+00 
3.427090e+15 0.000000e+00 1.000000e+01 1.878169e+04 5.561884e-11 3.376858e+14 0.000000e+00 -9.561739e+02 0.000000e+00 0.000000e+00 -9.561739e+02 0.000000e+00 0.000000e+00 
3.644116e+15 0.000000e+00 1.000000e+01 1.878169e+04 5.072499e-11 3.702651e+14 0.000000e+00 -1.016725e+03 0.000000e+00 0.000000e+00 -1.016725e+03 0.000000e+00 0.000000e+00 
3.874885e+15 0.000000e+00 1.000000e+01 1.878169e+04 4.626174e-11 4.059876e+14 0.000000e+00 -1.081111e+03 0.000000e+00 0.000000e+00 -1.081111e+03 0.000000e+00 0.000000e+00 
4.120268e+15 0.000000e+00 1.000000e+01 1.878169e+04 4.219121e-11 4.451566e+14 0.000000e+00 -1.149574e+03 0.000000e+00 0.000000e+00 -1.149574e+03 0.000000e+00 0.000000e+00 
4.381191e+15 0.000000e+00 1.000000e+01 1.878169e+04 3.847884e-11 4.881045e+14 0.000000e+00 -1.222372e+03 0.000000e+00 0.000000e+00 -1.222372e+03 0.000000e+00 0.000000e+00 
4.658637e+15 0.000000e+00 1.000000e+01 1.878169e+04 3.509312e-11 5.351959e+14 0.000000e+00 -1.299781e+03 0.000000e+00 0.000000e+00 -1.299781e+03 0.000000e+00 0.000000e+00 
4.953652e+15 0.000000e+00 1.000000e+01 1.878169e+04 3.200530e-11 5.868306e+14 0.000000e+00 -1.382092e+03 0.000000e+00 0.000000e+00 -1.382092e+03 0.000000e+00 0.000000e+00 
5.267350e+15 0.000000e+00 1.000000e+01 1.878169e+04 2.918918e-11 6.434470e+14 0.000000e+00 -1.469615e+03 0.000000e+00 0.000000e+00 -1.469615e+03 0.000000e+00 0.000000e+00 
5.600913e+15 0.000000e+00 1.000000e+01 1.878169e+04 2.662085e-11 7.055256e+14 0.000000e+00 -1.562681e+03 0.000000e+00 0.000000e+00 -1.562681e+03 0.000000e+00 0.000000e+00 
5.955600e+15 0.000000e+00 1.000000e+01 1.878169e+04 2.427851e-11 7.735935e+14 0.000000e+00 -1.661640e+03 0.000000e+00 0.000000e+00 -1.661640e+03 0.000000e+00 0.000000e+00 
6.332747e+15 0.000000e+00 1.000000e+01 1.878169e+04 2.214226e-11 8.482284e+14 0.000000e+00 -1.766866e+03 0.000000e+00 0.000000e+00 -1.766866e+03 0.000000e+00 0.000000e+00 
6.733779e+15 0.000000e+00 1.000000e+01 1.878169e+04 2.019398e-11 9.300639e+14 0.000000e+00 -1.878755e+03 0.000000e+00 0.000000e+00 -1.878755e+03 0.000000e+00 0.000000e+00 
7.160206e+15 0.000000e+00 1.000000e+01 1.878169e+04 1.841713e-11 1.019795e+15 0.000000e+00 -1.997730e+03 0.000000e+00 0.000000e+00 -1.997730e+03 0.000000e+00 0.000000e+00 
7.613637e+15 0.000000e+00 1.000000e+01 1.878169e+04 1.679662e-11 1.118183e+15 0.000000e+00 -2.124240e+03 0.000000e+00 0.000000e+00 -2.124240e+03 0.000000e+00 0.000000e+00 
8.095782e+15 0.000000e+00 1.000000e+01 1.878169e+04 1.531870e-11 1.226063e+15 0.000000e+00 -2.258761e+03 0.000000e+00 0.000000e+00 -2.258761e+03 0.000000e+00 0.000000e+00 
8.608461e+15 0.000000e+00 1.000000e+01 1.878169e+04 1.397082e-11 1.344351e+15 0.000000e+00 -2.401800e+03 0.000000e+00 0.000000e+00 -2.401800e+03 0.000000e+00 0.000000e+00 
9.153605e+15 0.000000e+00 1.000000e+01 1.878169e+04 1.274154e-11 1.474052e+15 0.000000e+00 -2.553898e+03 0.000000e+00 0.000000e+00 -2.553898e+03 0.000000e+00 0.000000e+00 
9.733271e+15 0.000000e+00 1.000000e+01 1.878169e+04 1.162042e-11 1.616266e+15 0.000000e+00 -2.715628e+03 0.000000e+00 0.000000e+00 -2.715628e+03 0.000000e+00 0.000000e+00 
1.034965e+16 0.000000e+00 1.000000e+01 1.878169e+04 1.059795e-11 1.772200e+15 0.000000e+00 -2.887599e+03 0.000000e+00 0.000000e+00 -2.887599e+03 0.000000e+00 0.000000e+00 
1.100505e+16 0.000000e+00 1.000000e+01 1.878169e+04 9.665447e-12 1.943179e+15 0.000000e+00 -3.070461e+03 0.000000e+00 0.000000e+00 -3.070461e+03 0.000000e+00 0.000000e+00 
1.170197e+16 0.000000e+00 1.000000e+01 1.878169e+04 8.814993e-12 2.130653e+15 0.000000e+00 -3.264902e+03 0.000000e+00 0.000000e+00 -3.264902e+03 0.000000e+00 0.000000e+00 
1.244301e+16 0.000000e+00 1.000000e+01 1.878169e+04 8.039369e-12 2.336215e+15 0.000000e+00 -3.471657e+03 0.000000e+00 0.000000e+00 -3.471657e+03 0.000000e+00 0.000000e+00 
1.323098e+16 0.000000e+00 1.000000e+01 1.878169e+04 7.331992e-12 2.561609e+15 0.000000e+00 -3.691506e+03 0.000000e+00 0.000000e+00 -3.691506e+03 0.000000e+00 0.000000e+00 
1.406886e+16 0.000000e+00 1.000000e+01 1.878169e+04 6.686856e-12 2.808748e+15 0.000000e+00 -3.925276e+03 0.000000e+00 0.000000e+00 -3.925276e+03 0.000000e+00 0.000000e+00 
1.495979e+16 0.000000e+00 1.000000e+01 1.878169e+04 6.098485e-12 3.079731e+15 0.000000e+00 -4.173850e+03 0.000000e+00 0.000000e+00 -4.173850e+03 0.000000e+00 0.000000e+00 
1.590714e+16 0.000000e+00 1.000000e+01 1.878169e+04 5.561884e-12 3.376858e+15 0.000000e+00 -4.438166e+03 0.000000e+00 0.000000e+00 -4.438166e+03 0.000000e+00 0.000000e+00 
1.691449e+16 0.000000e+00 1.000000e+01 1.878169e+04 5.072499e-12 3.702651e+15 0.000000e+00 -4.719220e+03 0.000000e+00 0.000000e+00 -4.719220e+03 0.000000e+00 0.000000e+00 
1.798562e+16 0.000000e+00 1.000000e+01 1.878169e+04 4.626174e-12 4.059876e+15 0.000000e+00 -5.018072e+03 0.000000e+00 0.000000e+00 -5.018072e+03 0.000000e+00 0.000000e+00 
1.912459e+16 0.000000e+00 1.000000e+01 1.878169e+04 4.219121e-12 4.451566e+15 0.000000e+00 -5.335849e+03 0.000000e+00 0.000000e+00 -5.335849e+03 0.000000e+00 0.000000e+00 
2.033569e+16 0.000000e+00 1.000000e+01 1.878169e+04 3.847884e-12 4.881045e+15 0.000000e+00 -5.673750e+03 0.000000e+00 0.000000e+00 -5.673750e+03 0.000000e+00 0.000000e+00 
2.162348e+16 0.000000e+00 1.000000e+01 1.878169e+04 3.509312e-12 5.351959e+15 0.000000e+00 -6.033049e+03 0.000000e+00 0.000000e+00 -6.033049e+03 0.000000e+00 0.000000e+00 
2.299282e+16 0.000000e+00 1.000000e+01 1.878169e+04 3.200530e-12 5.868306e+15 0.000000e+00 -6.415102e+03 0.000000e+00 0.000000e+00 -6.415102e+03 0.000000e+00 0.000000e+00 
2.444887e+16 0.000000e+00 1.000000e+01 1.878169e+04 2.918918e-12 6.434470e+15 0.000000e+00 -6.821348e+03 0.000000e+00 0.000000e+00 -6.821348e+03 0.000000e+00 0.000000e+00 
2.599714e+16 0.000000e+00 1.000000e+01 1.878169e+04 2.662085e-12 7.055256e+15 0.000000e+00 -7.253320e+03 0.000000e+00 0.000000e+00 -7.253320e+03 0.000000e+00 0.000000e+00 
2.764344e+16 0.000000e+00 1.000000e+01 1.878169e+04 2.427851e-12 7.735935e+15 0.000000e+00 -7.712648e+03 0.000000e+00 0.000000e+00 -7.712648e+03 0.000000e+00 0.000000e+00 
2.939401e+16 0.000000e+00 1.000000e+01 1.878169e+04 2.214226e-12 8.482284e+15 0.000000e+00 -8.201064e+03 0.000000e+00 0.000000e+00 -8.201064e+03 0.000000e+00 0.000000e+00 
3.125543e+16 0.000000e+00 1.000000e+01 1.878169e+04 2.019398e-12 9.300639e+15 0.000000e+00 -8.720409e+03 0.000000e+00 0.000000e+00 -8.720409e+03 0.000000e+00 0.000000e+00 
3.323473e+16 0.000000e+00 1.000000e+01 1.878169e+04 1.841713e-12 1.019795e+16 0.000000e+00 -9.272643e+03 0.000000e+00 0.000000e+00 -9.272643e+03 0.000000e+00 0.000000e+00 
3.533937e+16 0.000000e+00 1.000000e+01 1.878169e+04 1.679662e-12 1.118183e+16 0.000000e+00 -9.859848e+03 0.000000e+00 0.000000e+00 -9.859848e+03 0.000000e+00 0.000000e+00 
3.757729e+16 0.000000e+00 1.000000e+01 1.878169e+04 1.531870e-12 1.226063e+16 0.000000e+00 -1.048424e+04 0.000000e+00 0.000000e+00 -1.048424e+04 0.000000e+00 0.000000e+00 
3.995693e+16 0.000000e+00 1.000000e+01 1.878169e+04 1.397082e-12 1.344351e+16 0.000000e+00 -1.114817e+04 0.000000e+00 0.000000e+00 -1.114817e+04 0.000000e+00 0.000000e+00 
4.248727e+16 0.000000e+00 1.000000e+01 1.878169e+04 1.274154e-12 1.474052e+16 0.000000e+00 -1.185414e+04 0.000000e+00 0.000000e+00 -1.185414e+04 0.000000e+00 0.000000e+00 
4.517784e+16 0.000000e+00 1.000000e+01 1.878169e+04 1.162042e-12 1.616266e+16 0.000000e+00 -1.260483e+04 0.000000e+00 0.000000e+00 -1.260483e+04 0.000000e+00 0.000000e+00 
4.803880e+16 0.000000e+00 1.000000e+01 1.878169e+04 1.059795e-12 1.772200e+16 0.000000e+00 -1.340305e+04 0.000000e+00 0.000000e+00 -1.340305e+04 0.000000e+00 0.000000e+00 
5.108093e+16 0.000000e+00 1.000000e+01 1.878169e+04 9.665447e-13 1.943179e+16 0.000000e+00 -1.425182e+04 0.000000e+00 0.000000e+00 -1.425182e+04 0.000000e+00 0.000000e+00 
5.431571e+16 0.000000e+00 1.000000e+01 1.878169e+04 8.814993e-13 2.130653e+16 0.000000e+00 -1.515433e+04 0.000000e+00 0.000000e+00 -1.515433e+04 0.000000e+00 0.000000e+00 
5.775534e+16 0.000000e+00 1.000000e+01 1.878169e+04 8.039369e-13 2.336215e+16 0.000000e+00 -1.611401e+04 0.000000e+00 0.000000e+00 -1.611401e+04 0.000000e+00 0.000000e+00 
6.141279e+16 0.000000e+00 1.000000e+01 1.878169e+04 7.331992e-13 2.561609e+16 0.000000e+00 -1.713445e+04 0.000000e+00 0.000000e+00 -1.713445e+04 0.000000e+00 0.000000e+00 
6.530185e+16 0.000000e+00 1.000000e+01 1.878169e+04 6.686856e-13 2.808748e+16 0.000000e+00 -1.821952e+04 0.000000e+00 0.000000e+00 -1.821952e+04 0.000000e+00 0.000000e+00 
6.943719e+16 0.000000e+00 1.000000e+01 1.878169e+04 6.098485e-13 3.079731e+16 0.000000e+00 -1.937330e+04 0.000000e+00 0.000000e+00 -1.937330e+04 0.000000e+00 0.000000e+00 
7.383441e+16 0.000000e+00 1.000000e+01 1.878169e+04 5.561884e-13 3.376858e+16 0.000000e+00 -2.060014e+04 0.000000e+00 0.000000e+00 -2.060014e+04 0.000000e+00 0.000000e+00 
7.851009e+16 0.000000e+00 1.000000e+01 1.878169e+04 5.072499e-13 3.702651e+16 0.000000e+00 -2.190468e+04 0.000000e+00 0.000000e+00 -2.190468e+04 0.000000e+00 0.000000e+00 
8.348187e+16 0.000000e+00 1.000000e+01 1.878169e+04 4.626174e-13 4.059876e+16 0.000000e+00 -2.329183e+04 0.000000e+00 0.000000e+00 -2.329183e+04 0.000000e+00 0.000000e+00 
8.876849e+16 0.000000e+00 1.000000e+01 1.878169e+04 4.219121e-13 4.451566e+16 0.000000e+00 -2.476682e+04 0.000000e+00 0.000000e+00 -2.476682e+04 0.000000e+00 0.000000e+00 
9.438989e+16 0.000000e+00 1.000000e+01 1.878169e+04 3.847884e-13 4.881045e+16 0.000000e+00 -2.633521e+04 0.000000e+00 0.000000e+00 -2.633521e+04 0.000000e+00 0.000000e+00 
1.003673e+17 0.000000e+00 1.000000e+01 1.878169e+04 3.509312e-13 5.351959e+16 0.000000e+00 -2.800293e+04 0.000000e+00 0.000000e+00 -2.800293e+04 0.000000e+00 0.000000e+00 
1.067232e+17 0.000000e+00 1.000000e+01 1.878169e+04 3.200530e-13 5.868306e+16 0.000000e+00 -2.977626e+04 0.000000e+00 0.000000e+00 -2.977626e+04 0.000000e+00 0.000000e+00 
1.134816e+17 0.000000e+00 1.000000e+01 1.878169e+04 2.918918e-13 6.434470e+16 0.000000e+00 -3.166189e+04 0.000000e+00 0.000000e+00 -3.166189e+04 0.000000e+00 0.000000e+00 
1.206680e+17 0.000000e+00 1.000000e+01 1.878169e+04 2.662085e-13 7.055256e+16 0.000000e+00 -3.366693e+04 0.000000e+00 0.000000e+00 -3.366693e+04 0.000000e+00 0.000000e+00 
1.283095e+17 0.000000e+00 1.000000e+01 1.878169e+04 2.427851e-13 7.735935e+16 0.000000e+00 -3.579894e+04 0.000000e+00 0.000000e+00 -3.579894e+04 0.000000e+00 0.000000e+00 
1.364349e+17 0.000000e+00 1.000000e+01 1.878169e+04 2.214226e-13 8.482284e+16 0.000000e+00 -3.806597e+04 0.000000e+00 0.000000e+00 -3.806597e+04 0.000000e+00 0.000000e+00 
1.450749e+17 0.000000e+00 1.000000e+01 1.878169e+04 2.019398e-13 9.300639e+16 0.000000e+00 -4.047655e+04 0.000000e+00 0.000000e+00 -4.047655e+04 0.000000e+00 0.000000e+00 
