time(s)          = 1.893416e+13
time(solar year) = 6.000000e+05
star mass (g)    = 2.300187e+33
star mass (Msun) = 1.156803e+00
total mass (g)   = 2.449717e+33
mdot (g/s)       = 1.405098e+07
mdot (Msun/yr)   = 2.229963e-19
1.542620e+13 6.307811e-09 1.480393e+02 7.226421e+04 2.044980e-07 3.533737e+11 3.000000e-04 -2.134380e+01 -2.134380e+01 -6.260909e+03 3.973637e-14 1.220515e-315 1.218652e+03 
1.640308e+13 1.352200e-08 1.441944e+02 7.131961e+04 1.865044e-07 3.824018e+11 3.000000e-04 -1.641348e+01 -1.641348e+01 -1.001479e+04 1.779063e-13 1.856819e-315 1.966876e+03 
1.744183e+13 3.002466e-08 1.404494e+02 7.038736e+04 1.700940e-07 4.138144e+11 3.000000e-04 -1.550642e+01 -1.550642e+01 -9.432305e+03 5.158865e-13 2.877673e-315 1.852430e+03 
1.854637e+13 6.299461e-08 1.368016e+02 6.946729e+04 1.551276e-07 4.478075e+11 3.000000e-04 -1.508018e+01 -1.508018e+01 -9.070924e+03 1.313489e-12 3.943115e-315 1.781292e+03 
1.972084e+13 1.300795e-07 1.332486e+02 6.855925e+04 1.414780e-07 4.845929e+11 3.000000e-04 -1.483672e+01 -1.483672e+01 -8.880480e+03 3.137384e-12 5.412343e-315 1.743821e+03 
2.096970e+13 2.649787e-07 1.297879e+02 6.766309e+04 1.290295e-07 5.244001e+11 3.000000e-04 -1.463274e+01 -1.463274e+01 -8.719337e+03 7.241104e-12 6.656357e-315 1.712114e+03 
2.229764e+13 5.333839e-07 1.264170e+02 6.677863e+04 1.176763e-07 5.674773e+11 3.000000e-04 -1.444045e+01 -1.444045e+01 -8.567890e+03 1.635192e-11 8.056961e-315 1.682314e+03 
2.370967e+13 1.061276e-06 1.231337e+02 6.590574e+04 1.073221e-07 6.140930e+11 3.000000e-04 -1.425116e+01 -1.425116e+01 -8.418534e+03 3.633542e-11 9.527231e-315 1.652926e+03 
2.521112e+13 2.087473e-06 1.199357e+02 6.504426e+04 9.787890e-08 6.645381e+11 3.000000e-04 -1.406258e+01 -1.406258e+01 -8.269475e+03 7.965674e-11 1.134481e-314 1.623597e+03 
2.680766e+13 4.059076e-06 1.168207e+02 6.419403e+04 8.926661e-08 7.191270e+11 3.000000e-04 -1.387395e+01 -1.387395e+01 -8.120077e+03 1.724938e-10 1.293379e-314 1.594199e+03 
2.850529e+13 7.802712e-06 1.137866e+02 6.335492e+04 8.141212e-08 7.782002e+11 3.000000e-04 -1.368492e+01 -1.368492e+01 -7.970066e+03 3.691733e-10 1.467485e-314 1.564681e+03 
3.031043e+13 1.482753e-05 1.108314e+02 6.252678e+04 7.424873e-08 8.421259e+11 3.000000e-04 -1.349524e+01 -1.349524e+01 -7.819253e+03 7.811023e-10 1.691528e-314 1.535005e+03 
3.222989e+13 2.785384e-05 1.079529e+02 6.170947e+04 6.771565e-08 9.113029e+11 3.000000e-04 -1.330470e+01 -1.330470e+01 -7.667468e+03 1.634023e-09 1.929736e-314 1.505137e+03 
3.427090e+13 5.172244e-05 1.051491e+02 6.090284e+04 6.175741e-08 9.861624e+11 3.000000e-04 -1.311307e+01 -1.311307e+01 -7.514538e+03 3.379876e-09 2.190869e-314 1.475044e+03 
3.644116e+13 9.493594e-05 1.024182e+02 6.010675e+04 5.632343e-08 1.067171e+12 3.000000e-04 -1.292012e+01 -1.292012e+01 -7.360282e+03 6.912556e-09 2.459786e-314 1.444689e+03 
3.874885e+13 1.722327e-04 9.975815e+01 5.932107e+04 5.136757e-08 1.154835e+12 3.000000e-04 -1.272561e+01 -1.272561e+01 -7.204512e+03 1.397863e-08 2.759122e-314 1.414036e+03 
4.120268e+13 3.088196e-04 9.716723e+01 5.854565e+04 4.684778e-08 1.249700e+12 3.000000e-04 -1.252928e+01 -1.252928e+01 -7.047026e+03 2.794889e-08 3.070158e-314 1.383046e+03 
4.381191e+13 5.472228e-04 9.464360e+01 5.778038e+04 4.272569e-08 1.352357e+12 3.000000e-04 -1.233087e+01 -1.233087e+01 -6.887614e+03 5.524826e-08 3.434907e-314 1.351675e+03 
4.658637e+13 9.581951e-04 9.218552e+01 5.702510e+04 3.896629e-08 1.463447e+12 3.000000e-04 -1.213008e+01 -1.213008e+01 -6.726055e+03 1.079698e-07 3.792677e-314 1.319882e+03 
4.953652e+13 1.657789e-03 8.979127e+01 5.627970e+04 3.553768e-08 1.583663e+12 3.000000e-04 -1.192664e+01 -1.192664e+01 -6.562114e+03 2.085867e-07 4.186289e-314 1.287620e+03 
5.267350e+13 2.833602e-03 8.745921e+01 5.554405e+04 3.241075e-08 1.713754e+12 3.000000e-04 -1.172023e+01 -1.172023e+01 -6.395549e+03 3.983250e-07 4.638152e-314 1.254841e+03 
5.600913e+13 4.784378e-03 8.518772e+01 5.481801e+04 2.955895e-08 1.854531e+12 3.000000e-04 -1.151055e+01 -1.151055e+01 -6.226107e+03 7.518243e-07 5.165475e-314 1.221496e+03 
5.955600e+13 7.978578e-03 8.297522e+01 5.410146e+04 2.695809e-08 2.006873e+12 3.000000e-04 -1.129726e+01 -1.129727e+01 -6.053524e+03 1.402425e-06 5.712848e-314 1.187532e+03 
6.332747e+13 1.313919e-02 8.082018e+01 5.339427e+04 2.458607e-08 2.171729e+12 3.000000e-04 -1.108004e+01 -1.108005e+01 -5.877529e+03 2.585112e-06 6.337605e-314 1.152897e+03 
6.733779e+13 2.136374e-02 7.872112e+01 5.269633e+04 2.242276e-08 2.350127e+12 3.000000e-04 -1.085856e+01 -1.085856e+01 -5.697848e+03 4.708277e-06 7.026063e-314 1.117536e+03 
7.160206e+13 3.429002e-02 7.667657e+01 5.200751e+04 2.044980e-08 2.543180e+12 3.000000e-04 -1.063245e+01 -1.063246e+01 -5.514190e+03 8.471682e-06 7.808824e-314 1.081392e+03 
7.613637e+13 5.431856e-02 7.468513e+01 5.132770e+04 1.865044e-08 2.752091e+12 3.000000e-04 -1.040143e+01 -1.040144e+01 -5.326291e+03 1.505703e-05 8.663845e-314 1.044413e+03 
8.095782e+13 8.490265e-02 7.274540e+01 5.065677e+04 1.700940e-08 2.978163e+12 3.000000e-04 -1.016508e+01 -1.016510e+01 -5.133829e+03 2.643038e-05 9.650080e-314 1.006535e+03 
8.608461e+13 1.309122e-01 7.085606e+01 4.999462e+04 1.551276e-08 3.222806e+12 3.000000e-04 -9.923227e+00 -9.923273e+00 -4.936615e+03 4.581313e-05 1.077239e-313 9.677226e+02 
9.153605e+13 1.990749e-01 6.901578e+01 4.934111e+04 1.414781e-08 3.487545e+12 3.000000e-04 -9.675269e+00 -9.675348e+00 -4.734197e+03 7.840127e-05 1.202461e-313 9.278853e+02 
9.733271e+13 2.984734e-01 6.722330e+01 4.869615e+04 1.290296e-08 3.774031e+12 3.000000e-04 -9.421523e+00 -9.421655e+00 -4.526690e+03 1.324409e-04 1.347013e-313 8.870460e+02 
1.034965e+14 4.411010e-01 6.547737e+01 4.805962e+04 1.176764e-08 4.084049e+12 3.000000e-04 -9.160531e+00 -9.160751e+00 -4.313138e+03 2.208038e-04 5.839871e-293 8.450169e+02 
1.100505e+14 6.423278e-01 6.377679e+01 4.743142e+04 1.073222e-08 4.419534e+12 3.000000e-04 -8.894059e+00 -8.894422e+00 -4.094504e+03 3.632351e-04 3.799688e-243 8.019867e+02 
1.170197e+14 9.214578e-01 6.212038e+01 4.681142e+04 9.787910e-09 4.782575e+12 3.000000e-04 -8.619015e+00 -8.619604e+00 -3.868974e+03 5.894999e-04 1.222436e-198 7.575994e+02 
1.244301e+14 1.301638e+00 6.050699e+01 4.619953e+04 8.926693e-09 5.175436e+12 3.000000e-04 -8.337377e+00 -8.338321e+00 -3.637336e+03 9.436319e-04 4.724686e-159 7.120093e+02 
1.323098e+14 1.810109e+00 5.893550e+01 4.559563e+04 8.141258e-09 5.600563e+12 3.000000e-04 -8.055390e+00 -8.056879e+00 -3.404333e+03 1.489549e-03 4.433006e-124 6.661492e+02 
1.406886e+14 2.478406e+00 5.740483e+01 4.499963e+04 7.424941e-09 6.060604e+12 3.000000e-04 -7.738343e+00 -7.740662e+00 -3.147082e+03 2.318438e-03 2.540113e-93 6.155221e+02 
1.495979e+14 3.332849e+00 5.591391e+01 4.441142e+04 6.771662e-09 6.558423e+12 3.000000e-04 -7.514466e+00 -7.518023e+00 -2.947352e+03 3.556510e-03 1.654776e-66 5.761928e+02 
1.590714e+14 4.436662e+00 5.446171e+01 4.383090e+04 6.175877e-09 7.097113e+12 3.000000e-04 -7.042970e+00 -7.048351e+00 -2.595743e+03 5.381314e-03 1.993474e-43 5.070338e+02 
1.691449e+14 5.721688e+00 5.304723e+01 4.325797e+04 5.632532e-09 7.680021e+12 3.000000e-04 -7.134968e+00 -7.142983e+00 -2.579255e+03 8.014638e-03 3.554349e-23 5.036770e+02 
1.798562e+14 7.527620e+00 5.166948e+01 4.269252e+04 5.137018e-09 8.310759e+12 3.000000e-04 -6.173941e+00 -6.185740e+00 -1.962729e+03 1.180110e-02 3.409220e-08 3.825439e+02 
1.912459e+14 9.107016e+00 5.032752e+01 4.213447e+04 4.685130e-09 8.993234e+12 3.000000e-04 -6.273614e+00 -4.710888e+00 -7.507977e+02 1.705913e-02 1.020766e-01 1.408277e+02 
2.033569e+14 1.023322e+01 4.902041e+01 4.158371e+04 4.273025e-09 9.731680e+12 3.000000e-04 -8.425139e+00 -4.166663e+00 -1.802687e+02 2.388593e-02 2.041724e+00 2.145276e+01 
2.162348e+14 1.149328e+01 4.774725e+01 4.104015e+04 3.897202e-09 1.053067e+13 3.000000e-04 -8.627567e+00 -4.148303e+00 -1.550918e+02 3.247593e-02 3.419695e+00 1.516111e+01 
2.299282e+14 1.287344e+01 4.650716e+01 4.050370e+04 3.554472e-09 1.139514e+13 3.000000e-04 -9.104913e+00 -4.185030e+00 -1.613998e+02 4.323406e-02 4.241486e+00 1.506200e+01 
2.444887e+14 1.446738e+01 4.529928e+01 3.997425e+04 3.241927e-09 1.233040e+13 3.000000e-04 -9.058795e+00 -4.189755e+00 -1.621996e+02 5.667540e-02 4.625451e+00 1.540545e+01 
2.599714e+14 1.620542e+01 4.412276e+01 3.945173e+04 2.956916e-09 1.334219e+13 3.000000e-04 -8.468965e+00 -4.204798e+00 -1.522791e+02 7.342676e-02 4.669167e+00 1.505771e+01 
2.764344e+14 1.818683e+01 4.297680e+01 3.893604e+04 2.697020e-09 1.443669e+13 3.000000e-04 -8.141802e+00 -4.216161e+00 -1.539711e+02 9.425317e-02 4.436031e+00 1.648161e+01 
2.939401e+14 2.037395e+01 4.186061e+01 3.842709e+04 2.460036e-09 1.562054e+13 3.000000e-04 -6.917223e+00 -4.207309e+00 -1.319812e+02 1.200994e-01 3.795297e+00 1.520595e+01 
3.125543e+14 2.280117e+01 4.077340e+01 3.792479e+04 2.243955e-09 1.690087e+13 3.000000e-04 -6.228099e+00 -4.221998e+00 -1.283319e+02 1.520933e-01 3.023788e+00 1.628937e+01 
3.323473e+14 2.552802e+01 3.971444e+01 3.742906e+04 2.046944e-09 1.828534e+13 3.000000e-04 -4.806468e+00 -4.235367e+00 -1.279166e+02 1.916357e-01 9.920519e-01 1.963091e+01 
3.533937e+14 2.856337e+01 3.868297e+01 3.693981e+04 1.867334e-09 1.978211e+13 3.000000e-04 -3.508644e+00 -3.749086e+00 2.154747e+02 2.404422e-01 1.067341e-77 -4.613568e+01 
3.757729e+14 3.067854e+01 3.767830e+01 3.645695e+04 1.703592e-09 2.140005e+13 3.000000e-04 -2.896428e+00 -3.196066e+00 7.185552e+02 2.996380e-01 0.000000e+00 -1.451363e+02 
3.995693e+14 3.233287e+01 3.669971e+01 3.598041e+04 1.554311e-09 2.314878e+13 3.000000e-04 -2.493917e+00 -2.863724e+00 1.010941e+03 3.698068e-01 0.000000e+00 -2.026241e+02 
4.248727e+14 3.355491e+01 3.574655e+01 3.551009e+04 1.418213e-09 2.503862e+13 3.000000e-04 -2.146683e+00 -2.598489e+00 1.248259e+03 4.518053e-01 0.000000e+00 -2.492606e+02 
4.517784e+14 3.440671e+01 3.481814e+01 3.504592e+04 1.294132e-09 2.708064e+13 3.000000e-04 -1.827459e+00 -2.373977e+00 1.448190e+03 5.465173e-01 0.000000e+00 -2.885202e+02 
4.803880e+14 3.489670e+01 3.391384e+01 3.458782e+04 1.181004e-09 2.928679e+13 3.000000e-04 -1.514948e+00 -2.169783e+00 1.631254e+03 6.548353e-01 0.000000e+00 -3.244442e+02 
5.108093e+14 3.504605e+01 3.303303e+01 3.413571e+04 1.077860e-09 3.166990e+13 3.000000e-04 -1.203624e+00 -1.981236e+00 1.800618e+03 7.776123e-01 0.000000e+00 -3.576546e+02 
5.431571e+14 3.487344e+01 3.217509e+01 3.368951e+04 9.838142e-10 3.424377e+13 3.000000e-04 -8.893271e-01 -1.804980e+00 1.959691e+03 9.156531e-01 0.000000e+00 -3.888223e+02 
5.775534e+14 3.440668e+01 3.133944e+01 3.324914e+04 8.980598e-10 3.702330e+13 3.000000e-04 -5.710744e-01 -1.640780e+00 2.108522e+03 1.069706e+00 0.000000e+00 -4.179559e+02 
6.141279e+14 3.367876e+01 3.052549e+01 3.281452e+04 8.198608e-10 4.002450e+13 3.000000e-04 -2.459668e-01 -1.486433e+00 2.248668e+03 1.240466e+00 0.000000e+00 -4.453612e+02 
6.530185e+14 3.272140e+01 2.973268e+01 3.238559e+04 7.485461e-10 4.326466e+13 3.000000e-04 8.371474e-02 -1.344863e+00 2.378646e+03 1.428578e+00 0.000000e+00 -4.707471e+02 
6.943719e+14 3.158214e+01 2.896047e+01 3.196226e+04 6.835040e-10 4.676237e+13 3.000000e-04 4.241189e-01 -1.210535e+00 2.500847e+03 1.634654e+00 0.000000e+00 -4.945810e+02 
7.383441e+14 3.028179e+01 2.820830e+01 3.154447e+04 6.241771e-10 5.053769e+13 3.000000e-04 7.779833e-01 -1.081285e+00 2.619573e+03 1.859268e+00 0.000000e+00 -5.177119e+02 
7.851009e+14 2.885962e+01 2.747568e+01 3.113214e+04 5.700576e-10 5.461226e+13 3.000000e-04 1.151537e+00 -9.514057e-01 2.736840e+03 2.102943e+00 0.000000e+00 -5.405331e+02 
8.348187e+14 2.732516e+01 2.676208e+01 3.072520e+04 5.206825e-10 5.900947e+13 3.000000e-04 1.550525e+00 -8.156099e-01 2.859736e+03 2.366135e+00 0.000000e+00 -5.644420e+02 
8.876849e+14 2.570307e+01 2.606701e+01 3.032357e+04 4.756294e-10 6.375462e+13 3.000000e-04 1.990880e+00 -6.583191e-01 2.997448e+03 2.649199e+00 0.000000e+00 -5.912414e+02 
9.438989e+14 2.397442e+01 2.539000e+01 2.992720e+04 4.345133e-10 6.887522e+13 3.000000e-04 2.495607e+00 -4.567006e-01 3.172035e+03 2.952308e+00 0.000000e+00 -6.252750e+02 
1.003673e+15 2.212458e+01 2.473057e+01 2.953601e+04 3.969819e-10 7.440140e+13 3.000000e-04 3.103329e+00 -1.719699e-01 3.411702e+03 3.275299e+00 0.000000e+00 -6.720873e+02 
1.067232e+15 2.009006e+01 2.408827e+01 2.914993e+04 3.627123e-10 8.036653e+13 3.000000e-04 3.875501e+00 2.580422e-01 3.771090e+03 3.617459e+00 0.000000e+00 -7.424343e+02 
1.134816e+15 1.780252e+01 2.346265e+01 2.876890e+04 3.314073e-10 8.680828e+13 3.000000e-04 4.873604e+00 8.964106e-01 4.304967e+03 3.977193e+00 0.000000e+00 -8.470987e+02 
1.206680e+15 1.521572e+01 2.285327e+01 2.839285e+04 3.027934e-10 9.376970e+13 3.000000e-04 6.171700e+00 1.819837e+00 5.081930e+03 4.351863e+00 0.000000e+00 -9.995947e+02 
1.283095e+15 1.234430e+01 2.225973e+01 2.802171e+04 2.766195e-10 1.013006e+14 3.000000e-04 7.768627e+00 3.030750e+00 6.126975e+03 4.737877e+00 0.000000e+00 -1.204891e+03 
1.364349e+15 9.400503e+00 2.168160e+01 2.765543e+04 2.526600e-10 1.094571e+14 3.000000e-04 9.582314e+00 4.450669e+00 7.377233e+03 5.131646e+00 0.000000e+00 -1.450646e+03 
1.450749e+15 6.671091e+00 2.111848e+01 2.729393e+04 2.307173e-10 1.183003e+14 3.000000e-04 1.154514e+01 6.014083e+00 8.780506e+03 5.531062e+00 0.000000e+00 -1.726605e+03 
1.542620e+15 4.398452e+00 2.056999e+01 2.693716e+04 2.106209e-10 1.278940e+14 3.000000e-04 1.360059e+01 7.664234e+00 1.028560e+04 5.936357e+00 0.000000e+00 -2.022685e+03 
1.640308e+15 2.693220e+00 2.003575e+01 2.658505e+04 1.922231e-10 1.383031e+14 3.000000e-04 1.571835e+01 9.368277e+00 1.186139e+04 6.350069e+00 0.000000e+00 -2.332731e+03 
1.744183e+15 1.533283e+00 1.951538e+01 2.623755e+04 1.753920e-10 1.495937e+14 3.000000e-04 1.788299e+01 1.110671e+01 1.348768e+04 6.776286e+00 0.000000e+00 -2.652738e+03 
1.854637e+15 8.132340e-01 1.900852e+01 2.589458e+04 1.600065e-10 1.618345e+14 3.000000e-04 2.008980e+01 1.287012e+01 1.515353e+04 7.219680e+00 0.000000e+00 -2.980523e+03 
1.972084e+15 4.027848e-01 1.851483e+01 2.555610e+04 1.459528e-10 1.750984e+14 3.000000e-04 2.233958e+01 1.465483e+01 1.685358e+04 7.684751e+00 0.000000e+00 -3.315015e+03 
2.096970e+15 1.867468e-01 1.803397e+01 2.522205e+04 1.331231e-10 1.894641e+14 3.000000e-04 2.463618e+01 1.646073e+01 1.858618e+04 8.175449e+00 0.000000e+00 -3.655882e+03 
2.229764e+15 8.124342e-02 1.756559e+01 2.489236e+04 1.214156e-10 2.050179e+14 3.000000e-04 2.698483e+01 1.828971e+01 2.035196e+04 8.695116e+00 0.000000e+00 -4.003247e+03 
2.370967e+15 3.323933e-02 1.710937e+01 2.456698e+04 1.107349e-10 2.218541e+14 3.000000e-04 2.939142e+01 2.014480e+01 2.215288e+04 9.246620e+00 0.000000e+00 -4.357496e+03 
2.521112e+15 1.281592e-02 1.666501e+01 2.424586e+04 1.009925e-10 2.400759e+14 3.000000e-04 3.186211e+01 2.202957e+01 2.399160e+04 9.832544e+00 0.000000e+00 -4.719159e+03 
2.680766e+15 4.665668e-03 1.623218e+01 2.392893e+04 9.210665e-11 2.597959e+14 3.000000e-04 3.440313e+01 2.394778e+01 2.587114e+04 1.045535e+01 0.000000e+00 -5.088828e+03 
2.850529e+15 1.606603e-03 1.581060e+01 2.361614e+04 8.400242e-11 2.811364e+14 3.000000e-04 3.702075e+01 2.590324e+01 2.779462e+04 1.111750e+01 0.000000e+00 -5.467120e+03 
3.031043e+15 5.241249e-04 1.539997e+01 2.330744e+04 7.661117e-11 3.042304e+14 3.000000e-04 3.972122e+01 2.789966e+01 2.976519e+04 1.182156e+01 0.000000e+00 -5.854652e+03 
3.222989e+15 1.622319e-04 1.500000e+01 2.300278e+04 6.987024e-11 3.292215e+14 3.000000e-04 4.251081e+01 2.994063e+01 3.178594e+04 1.257018e+01 0.000000e+00 -6.252031e+03 
3.427090e+15 4.770950e-05 1.461042e+01 2.270210e+04 6.372242e-11 3.562656e+14 3.000000e-04 4.539583e+01 3.202962e+01 3.385990e+04 1.336621e+01 0.000000e+00 -6.659853e+03 
3.644116e+15 1.334710e-05 1.423096e+01 2.240535e+04 5.811554e-11 3.855312e+14 3.000000e-04 4.838260e+01 3.416996e+01 3.599005e+04 1.421265e+01 0.000000e+00 -7.078699e+03 
3.874885e+15 3.556210e-06 1.386135e+01 2.211248e+04 5.300200e-11 4.172009e+14 3.000000e-04 5.147755e+01 3.636486e+01 3.817929e+04 1.511268e+01 0.000000e+00 -7.509138e+03 
4.120268e+15 9.033900e-07 1.350134e+01 2.182344e+04 4.833840e-11 4.514721e+14 3.000000e-04 5.468717e+01 3.861745e+01 4.043047e+04 1.606972e+01 0.000000e+00 -7.951729e+03 
4.381191e+15 2.190213e-07 1.315069e+01 2.153818e+04 4.408514e-11 4.885586e+14 3.000000e-04 5.801811e+01 4.093076e+01 4.274639e+04 1.708736e+01 0.000000e+00 -8.407019e+03 
4.658637e+15 5.072568e-08 1.280914e+01 2.125664e+04 4.020613e-11 5.286916e+14 3.000000e-04 6.147716e+01 4.330772e+01 4.512981e+04 1.816944e+01 0.000000e+00 -8.875547e+03 
4.953652e+15 1.123261e-08 1.247646e+01 2.097879e+04 3.666843e-11 5.721213e+14 3.000000e-04 6.507128e+01 4.575123e+01 4.758344e+04 1.932005e+01 0.000000e+00 -9.357844e+03 
5.267350e+15 2.380141e-09 1.215242e+01 2.070456e+04 3.344200e-11 6.191186e+14 3.000000e-04 6.880764e+01 4.826411e+01 5.010997e+04 2.054352e+01 0.000000e+00 -9.854437e+03 
5.600913e+15 4.829816e-10 1.183679e+01 2.043393e+04 3.049947e-11 6.699764e+14 3.000000e-04 7.269363e+01 5.084915e+01 5.271207e+04 2.184447e+01 0.000000e+00 -1.036584e+04 
5.955600e+15 9.392533e-11 1.152937e+01 2.016682e+04 2.781585e-11 7.250121e+14 3.000000e-04 7.673689e+01 5.350908e+01 5.539236e+04 2.322781e+01 0.000000e+00 -1.089258e+04 
6.332747e+15 1.751703e-11 1.122993e+01 1.990321e+04 2.536835e-11 7.845687e+14 3.000000e-04 8.094530e+01 5.624656e+01 5.815343e+04 2.469875e+01 0.000000e+00 -1.143514e+04 
6.733779e+15 3.135099e-12 1.093826e+01 1.964305e+04 2.313621e-11 8.490176e+14 3.000000e-04 8.532689e+01 5.906406e+01 6.099768e+04 2.626283e+01 0.000000e+00 -1.199401e+04 
7.160206e+15 5.388091e-13 1.065418e+01 1.938629e+04 2.110048e-11 9.187607e+14 3.000000e-04 8.988909e+01 6.196312e+01 6.392662e+04 2.792597e+01 0.000000e+00 -1.256946e+04 
7.613637e+15 8.898388e-14 1.037746e+01 1.913288e+04 1.924386e-11 9.942328e+14 3.000000e-04 9.463380e+01 6.493938e+01 6.693631e+04 2.969443e+01 0.000000e+00 -1.316072e+04 
8.095782e+15 1.414302e-14 1.010794e+01 1.888279e+04 1.755061e-11 1.075905e+15 3.000000e-04 9.948374e+01 6.790887e+01 6.996075e+04 3.157487e+01 0.000000e+00 -1.375480e+04 
8.608461e+15 2.159660e-15 1.000000e+01 1.878169e+04 1.600635e-11 1.173390e+15 3.000000e-04 1.046734e+02 7.109903e+01 7.380097e+04 3.357440e+01 0.000000e+00 -1.451008e+04 
9.153605e+15 3.182261e-16 1.000000e+01 1.878169e+04 1.459796e-11 1.286597e+15 3.000000e-04 1.109843e+02 7.528372e+01 7.852992e+04 3.570055e+01 0.000000e+00 -1.544024e+04 
9.733271e+15 4.552577e-17 1.000000e+01 1.878169e+04 1.331350e-11 1.410725e+15 3.000000e-04 1.180427e+02 8.008136e+01 8.348876e+04 3.796134e+01 0.000000e+00 -1.641518e+04 
1.034965e+16 6.335263e-18 1.000000e+01 1.878169e+04 1.214206e-11 1.546830e+15 3.000000e-04 1.253786e+02 8.501331e+01 8.858651e+04 4.036531e+01 0.000000e+00 -1.741735e+04 
1.100505e+16 8.577098e-19 1.000000e+01 1.878169e+04 1.107369e-11 1.696065e+15 3.000000e-04 1.330840e+02 9.016245e+01 9.393105e+04 4.292150e+01 0.000000e+00 -1.846802e+04 
1.170197e+16 1.163065e-19 1.000000e+01 1.878169e+04 1.009932e-11 1.859698e+15 3.000000e-04 1.406969e+02 9.505732e+01 9.820591e+04 4.563957e+01 0.000000e+00 -1.930696e+04 
1.244301e+16 9.825519e-21 1.000000e+01 1.878169e+04 9.210692e-12 2.039119e+15 0.000000e+00 4.852977e+01 0.000000e+00 0.000000e+00 4.852977e+01 0.000000e+00 0.000000e+00 
1.323098e+16 3.607352e-22 1.000000e+01 1.878169e+04 8.400251e-12 2.235849e+15 0.000000e+00 5.160300e+01 0.000000e+00 0.000000e+00 5.160300e+01 0.000000e+00 0.000000e+00 
1.406886e+16 1.185320e-23 1.000000e+01 1.878169e+04 7.661120e-12 2.451560e+15 0.000000e+00 5.487084e+01 0.000000e+00 0.000000e+00 5.487084e+01 0.000000e+00 0.000000e+00 
1.495979e+16 3.652571e-25 1.000000e+01 1.878169e+04 6.987025e-12 2.688082e+15 0.000000e+00 5.834562e+01 0.000000e+00 0.000000e+00 5.834562e+01 0.000000e+00 0.000000e+00 
1.590714e+16 1.108323e-26 1.000000e+01 1.878169e+04 6.372242e-12 2.947423e+15 0.000000e+00 6.204045e+01 0.000000e+00 0.000000e+00 6.204045e+01 0.000000e+00 0.000000e+00 
1.691449e+16 3.421095e-28 1.000000e+01 1.878169e+04 5.811554e-12 3.231785e+15 0.000000e+00 6.596926e+01 0.000000e+00 0.000000e+00 6.596926e+01 0.000000e+00 0.000000e+00 
1.798562e+16 1.087827e-29 1.000000e+01 1.878169e+04 5.300200e-12 3.543582e+15 0.000000e+00 7.014686e+01 0.000000e+00 0.000000e+00 7.014686e+01 0.000000e+00 0.000000e+00 
1.912459e+16 3.566756e-31 1.000000e+01 1.878169e+04 4.833840e-12 3.885460e+15 0.000000e+00 7.458902e+01 0.000000e+00 0.000000e+00 7.458902e+01 0.000000e+00 0.000000e+00 
2.033569e+16 1.203623e-32 1.000000e+01 1.878169e+04 4.408514e-12 4.260323e+15 0.000000e+00 7.931249e+01 0.000000e+00 0.000000e+00 7.931249e+01 0.000000e+00 0.000000e+00 
2.162348e+16 4.174439e-34 1.000000e+01 1.878169e+04 4.020613e-12 4.671351e+15 0.000000e+00 8.433508e+01 0.000000e+00 0.000000e+00 8.433508e+01 0.000000e+00 0.000000e+00 
2.299282e+16 1.486624e-35 1.000000e+01 1.878169e+04 3.666843e-12 5.122034e+15 0.000000e+00 8.967573e+01 0.000000e+00 0.000000e+00 8.967573e+01 0.000000e+00 0.000000e+00 
2.444887e+16 5.432069e-37 1.000000e+01 1.878169e+04 3.344200e-12 5.616199e+15 0.000000e+00 9.535459e+01 0.000000e+00 0.000000e+00 9.535459e+01 0.000000e+00 0.000000e+00 
2.599714e+16 2.035413e-38 1.000000e+01 1.878169e+04 3.049947e-12 6.158040e+15 0.000000e+00 1.013931e+02 0.000000e+00 0.000000e+00 1.013931e+02 0.000000e+00 0.000000e+00 
2.764344e+16 7.821580e-40 1.000000e+01 1.878169e+04 2.781585e-12 6.752156e+15 0.000000e+00 1.078139e+02 0.000000e+00 0.000000e+00 1.078139e+02 0.000000e+00 0.000000e+00 
2.939401e+16 3.086204e-41 1.000000e+01 1.878169e+04 2.536835e-12 7.403592e+15 0.000000e+00 1.146414e+02 0.000000e+00 0.000000e+00 1.146414e+02 0.000000e+00 0.000000e+00 
3.125543e+16 1.254073e-42 1.000000e+01 1.878169e+04 2.313621e-12 8.117877e+15 0.000000e+00 1.219013e+02 0.000000e+00 0.000000e+00 1.219013e+02 0.000000e+00 0.000000e+00 
3.323473e+16 5.274455e-44 1.000000e+01 1.878169e+04 2.110048e-12 8.901075e+15 0.000000e+00 1.296209e+02 0.000000e+00 0.000000e+00 1.296209e+02 0.000000e+00 0.000000e+00 
3.533937e+16 2.311987e-45 1.000000e+01 1.878169e+04 1.924386e-12 9.759835e+15 0.000000e+00 1.378293e+02 0.000000e+00 0.000000e+00 1.378293e+02 0.000000e+00 0.000000e+00 
3.757729e+16 1.064037e-46 1.000000e+01 1.878169e+04 1.755061e-12 1.070145e+16 0.000000e+00 1.465576e+02 0.000000e+00 0.000000e+00 1.465576e+02 0.000000e+00 0.000000e+00 
3.995693e+16 5.168890e-48 1.000000e+01 1.878169e+04 1.600635e-12 1.173390e+16 0.000000e+00 1.558386e+02 0.000000e+00 0.000000e+00 1.558386e+02 0.000000e+00 0.000000e+00 
4.248727e+16 2.651512e-49 1.000000e+01 1.878169e+04 1.459796e-12 1.286597e+16 0.000000e+00 1.657073e+02 0.000000e+00 0.000000e+00 1.657073e+02 0.000000e+00 0.000000e+00 
4.517784e+16 1.428209e-50 1.000000e+01 1.878169e+04 1.331350e-12 1.410725e+16 0.000000e+00 1.762010e+02 0.000000e+00 0.000000e+00 1.762010e+02 0.000000e+00 0.000000e+00 
4.803880e+16 7.994146e-52 1.000000e+01 1.878169e+04 1.214206e-12 1.546830e+16 0.000000e+00 1.873592e+02 0.000000e+00 0.000000e+00 1.873592e+02 0.000000e+00 0.000000e+00 
5.108093e+16 4.592986e-53 1.000000e+01 1.878169e+04 1.107369e-12 1.696065e+16 0.000000e+00 1.992240e+02 0.000000e+00 0.000000e+00 1.992240e+02 0.000000e+00 0.000000e+00 
5.431571e+16 2.677579e-54 1.000000e+01 1.878169e+04 1.009932e-12 1.859698e+16 0.000000e+00 2.118401e+02 0.000000e+00 0.000000e+00 2.118401e+02 0.000000e+00 0.000000e+00 
5.775534e+16 1.569000e-55 1.000000e+01 1.878169e+04 9.210692e-13 2.039119e+16 0.000000e+00 2.252552e+02 0.000000e+00 0.000000e+00 2.252552e+02 0.000000e+00 0.000000e+00 
6.141279e+16 9.176928e-57 1.000000e+01 1.878169e+04 8.400251e-13 2.235849e+16 0.000000e+00 2.395199e+02 0.000000e+00 0.000000e+00 2.395199e+02 0.000000e+00 0.000000e+00 
6.530185e+16 5.331326e-58 1.000000e+01 1.878169e+04 7.661120e-13 2.451560e+16 0.000000e+00 2.546879e+02 0.000000e+00 0.000000e+00 2.546879e+02 0.000000e+00 0.000000e+00 
6.943719e+16 3.066208e-59 1.000000e+01 1.878169e+04 6.987025e-13 2.688082e+16 0.000000e+00 2.708164e+02 0.000000e+00 0.000000e+00 2.708164e+02 0.000000e+00 0.000000e+00 
7.383441e+16 1.742029e-60 1.000000e+01 1.878169e+04 6.372242e-13 2.947423e+16 0.000000e+00 2.879662e+02 0.000000e+00 0.000000e+00 2.879662e+02 0.000000e+00 0.000000e+00 
7.851009e+16 9.763249e-62 1.000000e+01 1.878169e+04 5.811554e-13 3.231785e+16 0.000000e+00 3.062022e+02 0.000000e+00 0.000000e+00 3.062022e+02 0.000000e+00 0.000000e+00 
8.348187e+16 5.393166e-63 1.000000e+01 1.878169e+04 5.300200e-13 3.543582e+16 0.000000e+00 3.255929e+02 0.000000e+00 0.000000e+00 3.255929e+02 0.000000e+00 0.000000e+00 
8.876849e+16 2.934815e-64 1.000000e+01 1.878169e+04 4.833840e-13 3.885460e+16 0.000000e+00 3.462116e+02 0.000000e+00 0.000000e+00 3.462116e+02 0.000000e+00 0.000000e+00 
9.438989e+16 1.572834e-65 1.000000e+01 1.878169e+04 4.408514e-13 4.260323e+16 0.000000e+00 3.681360e+02 0.000000e+00 0.000000e+00 3.681360e+02 0.000000e+00 0.000000e+00 
1.003673e+17 8.300340e-67 1.000000e+01 1.878169e+04 4.020613e-13 4.671351e+16 0.000000e+00 3.914488e+02 0.000000e+00 0.000000e+00 3.914488e+02 0.000000e+00 0.000000e+00 
1.067232e+17 4.313295e-68 1.000000e+01 1.878169e+04 3.666843e-13 5.122034e+16 0.000000e+00 4.162379e+02 0.000000e+00 0.000000e+00 4.162379e+02 0.000000e+00 0.000000e+00 
1.134816e+17 2.207207e-69 1.000000e+01 1.878169e+04 3.344200e-13 5.616199e+16 0.000000e+00 4.425968e+02 0.000000e+00 0.000000e+00 4.425968e+02 0.000000e+00 0.000000e+00 
1.206680e+17 1.112339e-70 1.000000e+01 1.878169e+04 3.049947e-13 6.158040e+16 0.000000e+00 4.706249e+02 0.000000e+00 0.000000e+00 4.706249e+02 0.000000e+00 0.000000e+00 
1.283095e+17 5.521352e-72 1.000000e+01 1.878169e+04 2.781585e-13 6.752156e+16 0.000000e+00 5.004280e+02 0.000000e+00 0.000000e+00 5.004280e+02 0.000000e+00 0.000000e+00 
1.364349e+17 2.699789e-73 1.000000e+01 1.878169e+04 2.536835e-13 7.403592e+16 0.000000e+00 5.321184e+02 0.000000e+00 0.000000e+00 5.321184e+02 0.000000e+00 0.000000e+00 
1.450749e+17 1.374353e-74 1.000000e+01 1.878169e+04 2.313621e-13 8.117877e+16 0.000000e+00 5.658156e+02 0.000000e+00 0.000000e+00 5.658156e+02 0.000000e+00 0.000000e+00 
