time(s)          = 8.362585e+12
time(solar year) = 2.650000e+05
star mass (g)    = 2.300048e+33
star mass (Msun) = 1.156733e+00
total mass (g)   = 2.911231e+33
mdot (g/s)       = 2.079266e+18
mdot (Msun/yr)   = 3.299902e-08
1.542620e+13 4.857680e+03 1.480393e+02 7.226421e+04 2.045017e-07 3.533672e+11 3.000000e-04 -4.420385e+00 -3.766768e+00 -9.226877e+01 3.060064e-02 2.554297e+02 1.298787e+01 
1.640308e+13 5.470213e+03 1.441944e+02 7.131961e+04 1.865283e-07 3.823527e+11 3.000000e-04 -4.155002e+00 -3.406893e+00 -1.062252e+02 1.028423e-01 2.939835e+02 1.585624e+01 
1.744183e+13 6.089869e+03 1.404494e+02 7.038736e+04 1.701396e-07 4.137036e+11 3.000000e-04 -2.000956e+00 -3.109226e+00 1.311451e+02 1.955960e-01 2.025326e+02 -2.712016e+01 
1.854637e+13 6.619301e+03 1.368016e+02 6.946729e+04 1.551960e-07 4.476100e+11 3.000000e-04 -8.455472e-01 -2.754810e+00 4.363290e+02 3.118693e-01 1.222118e+02 -8.567987e+01 
1.972084e+13 7.043712e+03 1.332486e+02 6.855925e+04 1.415702e-07 4.842774e+11 3.000000e-04 -2.659907e-01 -2.441494e+00 7.087306e+02 4.539753e-01 8.636828e+01 -1.389081e+02 
2.096970e+13 7.357175e+03 1.297879e+02 6.766309e+04 1.291459e-07 5.239275e+11 3.000000e-04 1.158299e-01 -2.203556e+00 9.248165e+02 6.239916e-01 6.795203e+01 -1.813360e+02 
2.229764e+13 7.590884e+03 1.264170e+02 6.677863e+04 1.178170e-07 5.667995e+11 3.000000e-04 4.056873e-01 -2.029732e+00 1.082640e+03 8.241087e-01 5.678686e+01 -2.123767e+02 
2.370967e+13 7.753917e+03 1.231337e+02 6.590574e+04 1.074870e-07 6.131510e+11 3.000000e-04 7.526175e-01 -1.857322e+00 1.234366e+03 1.056829e+00 4.894071e+01 -2.421270e+02 
2.521112e+13 7.830037e+03 1.199357e+02 6.504426e+04 9.806755e-08 6.632597e+11 3.000000e-04 1.097281e+00 -1.716281e+00 1.368735e+03 1.324475e+00 4.264321e+01 -2.684476e+02 
2.680766e+13 7.853540e+03 1.168207e+02 6.419403e+04 8.947836e-08 7.174252e+11 3.000000e-04 1.490761e+00 -1.570325e+00 1.494765e+03 1.629444e+00 3.757715e+01 -2.930608e+02 
2.850529e+13 7.790839e+03 1.137866e+02 6.335492e+04 8.164603e-08 7.759706e+11 3.000000e-04 1.909017e+00 -1.449866e+00 1.614540e+03 1.973937e+00 3.331795e+01 -3.163993e+02 
3.031043e+13 7.693229e+03 1.108314e+02 6.252678e+04 7.450368e-08 8.392443e+11 3.000000e-04 2.375542e+00 -1.322596e+00 1.722431e+03 2.360186e+00 2.973102e+01 -3.373358e+02 
3.222989e+13 7.516505e+03 1.079529e+02 6.170947e+04 6.799027e-08 9.076221e+11 3.000000e-04 2.879165e+00 -1.217702e+00 1.831087e+03 2.790232e+00 2.663026e+01 -3.583704e+02 
3.427090e+13 7.322533e+03 1.051491e+02 6.090284e+04 6.205019e-08 9.815093e+11 3.000000e-04 3.431679e+00 -1.105090e+00 1.924579e+03 3.266138e+00 2.395152e+01 -3.763572e+02 
3.644116e+13 7.060104e+03 1.024182e+02 6.010675e+04 5.663271e-08 1.061343e+12 3.000000e-04 4.030188e+00 -1.012085e+00 2.024771e+03 3.789800e+00 2.159259e+01 -3.956066e+02 
3.874885e+13 6.796476e+03 9.975815e+01 5.932107e+04 5.169160e-08 1.147596e+12 3.000001e-04 4.677398e+00 -9.119535e-01 2.106318e+03 4.363128e+00 1.952069e+01 -4.111225e+02 
4.120268e+13 6.476838e+03 9.716723e+01 5.854565e+04 4.718469e-08 1.240777e+12 3.000131e-04 5.373166e+00 -8.352405e-01 2.203898e+03 4.987916e+00 1.766010e+01 -4.297438e+02 
4.381191e+13 6.165197e+03 9.464360e+01 5.778038e+04 4.307356e-08 1.341435e+12 3.004434e-04 6.029356e+00 -8.440013e-01 2.289780e+03 5.665851e+00 1.597056e+01 -4.460940e+02 
4.658637e+13 5.802335e+03 9.218552e+01 5.702510e+04 3.932315e-08 1.450166e+12 3.043958e-04 6.259346e+00 -1.360949e+00 2.413903e+03 6.398282e+00 1.438507e+01 -4.704104e+02 
4.953652e+13 5.441950e+03 8.979127e+01 5.627970e+04 3.590145e-08 1.567616e+12 3.262429e-04 5.711981e+00 -2.701963e+00 2.519840e+03 7.185914e+00 1.292935e+01 -4.919050e+02 
5.267350e+13 5.046344e+03 8.745921e+01 5.554405e+04 3.277931e-08 1.694485e+12 3.798458e-04 3.850162e+00 -5.436445e+00 2.641611e+03 8.029322e+00 1.163416e+01 -5.178158e+02 
5.600913e+13 4.667084e+03 8.518772e+01 5.481801e+04 2.993019e-08 1.831529e+12 4.971802e-04 1.601889e+00 -8.598309e+00 2.714642e+03 8.929045e+00 1.051287e+01 -5.344758e+02 
5.955600e+13 4.286481e+03 8.297522e+01 5.410146e+04 2.732998e-08 1.979565e+12 6.600619e-04 -1.826355e+00 -1.301460e+01 2.784772e+03 9.886485e+00 9.557640e+00 -5.517164e+02 
6.332747e+13 3.936224e+03 8.082018e+01 5.339427e+04 2.495675e-08 2.139472e+12 9.257327e-04 -4.901127e+00 -1.712474e+01 2.820952e+03 1.090352e+01 8.716803e+00 -5.618970e+02 
6.733779e+13 3.598787e+03 7.872112e+01 5.269633e+04 2.279056e-08 2.312200e+12 1.227499e-03 -8.860919e+00 -2.219639e+01 2.865197e+03 1.198268e+01 7.968862e+00 -5.745384e+02 
7.160206e+13 3.291846e+03 7.667657e+01 5.200751e+04 2.081324e-08 2.498771e+12 1.660853e-03 -1.194920e+01 -2.645070e+01 2.888426e+03 1.312671e+01 7.291480e+00 -5.821647e+02 
7.613637e+13 3.001497e+03 7.468513e+01 5.132770e+04 1.900823e-08 2.700288e+12 2.105184e-03 -1.594725e+01 -3.169450e+01 2.920078e+03 1.433880e+01 6.677784e+00 -5.923498e+02 
8.095782e+13 2.739060e+03 7.274540e+01 5.065677e+04 1.736045e-08 2.917941e+12 2.710129e-03 -1.873180e+01 -3.578609e+01 2.936361e+03 1.562235e+01 6.116890e+00 -5.982977e+02 
8.608461e+13 2.493097e+03 7.085606e+01 4.999462e+04 1.585613e-08 3.153014e+12 3.291040e-03 -2.250834e+01 -4.095548e+01 2.961500e+03 1.698110e+01 5.604207e+00 -6.069726e+02 
9.153605e+13 2.271587e+03 6.901578e+01 4.934111e+04 1.448273e-08 3.406893e+12 4.063807e-03 -2.477400e+01 -4.468270e+01 2.973914e+03 1.841901e+01 5.133610e+00 -6.116387e+02 
9.733271e+13 2.065054e+03 6.722330e+01 4.869615e+04 1.322881e-08 3.681070e+12 4.769093e-03 -2.815421e+01 -4.961810e+01 2.995339e+03 1.994037e+01 4.701549e+00 -6.191846e+02 
1.034965e+14 1.879508e+03 6.547737e+01 4.805962e+04 1.208392e-08 3.977157e+12 5.701034e-03 -2.973067e+01 -5.282643e+01 3.005345e+03 2.154967e+01 4.303989e+00 -6.226903e+02 
1.100505e+14 1.707036e+03 6.377679e+01 4.743142e+04 1.103854e-08 4.296892e+12 6.513826e-03 -3.256871e+01 -5.739918e+01 3.024507e+03 2.325175e+01 3.937905e+00 -6.292502e+02 
1.170197e+14 1.552379e+03 6.212038e+01 4.681142e+04 1.008400e-08 4.642149e+12 7.592434e-03 -3.330279e+01 -5.995329e+01 3.032867e+03 2.505169e+01 3.600295e+00 -6.315948e+02 
1.244301e+14 1.408878e+03 6.050699e+01 4.619953e+04 9.212360e-09 5.014950e+12 8.491846e-03 -3.545613e+01 -6.403981e+01 3.050602e+03 2.695491e+01 3.288474e+00 -6.371938e+02 
1.323098e+14 1.280404e+03 5.893550e+01 4.559563e+04 8.416398e-09 5.417476e+12 9.700960e-03 -3.519949e+01 -6.581098e+01 3.057746e+03 2.896708e+01 2.999989e+00 -6.383171e+02 
1.406886e+14 1.161319e+03 5.740483e+01 4.499963e+04 7.689515e-09 5.852076e+12 1.066234e-02 -3.651398e+01 -6.927762e+01 3.074581e+03 3.109427e+01 2.732444e+00 -6.429084e+02 
1.495979e+14 1.054855e+03 5.591391e+01 4.441142e+04 7.025692e-09 6.321288e+12 1.198190e-02 -3.511843e+01 -7.013877e+01 3.080776e+03 3.334282e+01 2.483714e+00 -6.427184e+02 
1.590714e+14 9.562215e+02 5.446171e+01 4.383090e+04 6.419435e-09 6.827844e+12 1.297690e-02 -3.541722e+01 -7.283048e+01 3.097076e+03 3.571948e+01 2.251731e+00 -6.462013e+02 
1.691449e+14 8.681569e+02 5.304723e+01 4.325797e+04 5.865731e-09 7.374693e+12 1.438235e-02 -3.273443e+01 -7.265572e+01 3.102503e+03 3.823131e+01 2.034636e+00 -6.445901e+02 
1.798562e+14 7.865823e+02 5.166948e+01 4.269252e+04 5.360006e-09 7.965014e+12 1.537902e-02 -3.180789e+01 -7.438569e+01 3.118537e+03 4.088583e+01 1.830747e+00 -6.468142e+02 
1.912459e+14 7.138372e+02 5.032752e+01 4.213447e+04 4.898085e-09 8.602233e+12 1.684046e-02 -2.769242e+01 -7.305320e+01 3.123338e+03 4.369091e+01 1.638393e+00 -6.436708e+02 
2.033569e+14 6.464501e+02 4.902041e+01 4.158371e+04 4.476158e-09 9.290046e+12 1.780331e-02 -2.528759e+01 -7.359200e+01 3.139319e+03 4.665489e+01 1.456171e+00 -6.444339e+02 
2.162348e+14 5.864220e+02 4.774725e+01 4.104015e+04 4.090746e-09 1.003244e+13 1.928427e-02 -1.960280e+01 -7.098891e+01 3.143628e+03 4.978653e+01 1.282202e+00 -6.396567e+02 
2.299282e+14 5.308088e+02 4.650716e+01 4.050370e+04 3.738677e-09 1.083370e+13 2.017460e-02 -1.541198e+01 -7.005046e+01 3.159736e+03 5.309508e+01 1.114680e+00 -6.387007e+02 
2.444887e+14 4.813125e+02 4.529928e+01 3.997425e+04 3.417052e-09 1.169846e+13 2.163048e-02 -8.038122e+00 -6.607580e+01 3.163701e+03 5.659028e+01 9.504892e-01 -6.322164e+02 
2.599714e+14 4.354544e+02 4.412276e+01 3.945173e+04 3.123227e-09 1.263172e+13 2.240664e-02 -1.686157e+00 -6.329561e+01 3.180106e+03 6.028243e+01 7.865232e-01 -6.292269e+02 
2.764344e+14 3.946630e+02 4.297680e+01 3.893604e+04 2.854789e-09 1.363885e+13 2.378245e-02 6.933425e+00 -5.839599e+01 3.183628e+03 6.418232e+01 6.186021e-01 -6.214889e+02 
2.939401e+14 3.568938e+02 4.186061e+01 3.842709e+04 2.609533e-09 1.472566e+13 2.441625e-02 1.468157e+01 -5.453755e+01 3.199702e+03 6.830139e+01 4.470357e-01 -6.171407e+02 
3.125543e+14 3.233156e+02 4.077340e+01 3.792479e+04 2.385449e-09 1.589839e+13 2.568038e-02 2.518559e+01 -4.809459e+01 3.203218e+03 7.265163e+01 2.789490e-01 -6.076268e+02 
3.323473e+14 2.922240e+02 3.971444e+01 3.742906e+04 2.180700e-09 1.716378e+13 2.612516e-02 3.549042e+01 -4.208805e+01 3.219812e+03 7.724576e+01 1.336450e-01 -6.009060e+02 
3.533937e+14 2.645901e+02 3.868297e+01 3.693981e+04 1.993609e-09 1.852911e+13 2.721449e-02 4.818278e+01 -3.401446e+01 3.223532e+03 8.209709e+01 3.671981e-02 -5.892186e+02 
3.757729e+14 2.390075e+02 3.767830e+01 3.645695e+04 1.822647e-09 2.000220e+13 2.742089e-02 6.130197e+01 -2.591776e+01 3.240617e+03 8.721973e+01 0.000000e+00 -5.796382e+02 
3.995693e+14 2.162747e+02 3.669971e+01 3.598041e+04 1.666416e-09 2.159149e+13 2.827445e-02 7.647266e+01 -1.615583e+01 3.244738e+03 9.262849e+01 0.000000e+00 -5.653703e+02 
4.248727e+14 1.952334e+02 3.574655e+01 3.551009e+04 1.523640e-09 2.330609e+13 2.819119e-02 9.269677e+01 -5.642304e+00 3.262625e+03 9.833907e+01 0.000000e+00 -5.527812e+02 
4.517784e+14 1.765359e+02 3.481814e+01 3.504592e+04 1.393155e-09 2.515580e+13 2.873866e-02 1.106096e+02 6.241644e+00 3.267674e+03 1.043679e+02 0.000000e+00 -5.359758e+02 
4.803880e+14 1.592307e+02 3.391384e+01 3.458782e+04 1.273896e-09 2.715122e+13 2.830127e-02 1.302981e+02 1.956550e+01 3.286888e+03 1.107326e+02 0.000000e+00 -5.202128e+02 
5.108093e+14 1.438507e+02 3.303303e+01 3.413571e+04 1.164893e-09 2.930374e+13 2.846083e-02 1.511339e+02 3.368255e+01 3.293387e+03 1.174513e+02 0.000000e+00 -5.007938e+02 
5.431571e+14 1.296160e+02 3.217509e+01 3.368951e+04 1.065258e-09 3.162569e+13 2.760087e-02 1.747526e+02 5.020895e+01 3.314685e+03 1.245437e+02 0.000000e+00 -4.815447e+02 
5.775534e+14 1.169583e+02 3.133944e+01 3.324914e+04 9.741814e-10 3.413033e+13 2.727899e-02 1.985147e+02 6.648455e+01 3.323495e+03 1.320302e+02 0.000000e+00 -4.596783e+02 
6.141279e+14 1.052437e+02 3.052549e+01 3.281452e+04 8.909241e-10 3.683201e+13 2.592907e-02 2.267276e+02 8.679497e+01 3.348231e+03 1.399326e+02 0.000000e+00 -4.365532e+02 
6.530185e+14 9.481086e+01 2.973268e+01 3.238559e+04 8.148102e-10 3.974618e+13 2.501424e-02 2.530618e+02 1.047876e+02 3.360971e+03 1.482742e+02 0.000000e+00 -4.129099e+02 
6.943719e+14 8.516003e+01 2.896047e+01 3.196226e+04 7.452225e-10 4.288956e+13 2.311841e-02 2.869363e+02 1.298569e+02 3.391907e+03 1.570794e+02 0.000000e+00 -3.853976e+02 
7.383441e+14 7.652739e+01 2.820830e+01 3.154447e+04 6.815972e-10 4.628022e+13 2.146808e-02 3.147567e+02 1.483823e+02 3.412136e+03 1.663745e+02 0.000000e+00 -3.617562e+02 
7.851009e+14 6.855764e+01 2.747568e+01 3.113214e+04 6.234196e-10 4.993770e+13 1.900366e-02 3.562703e+02 1.800829e+02 3.456324e+03 1.761874e+02 0.000000e+00 -3.292937e+02 
8.348187e+14 6.133605e+01 2.676208e+01 3.072520e+04 5.702182e-10 5.388323e+13 1.641345e-02 3.828773e+02 1.963287e+02 3.493846e+03 1.865486e+02 0.000000e+00 -3.102669e+02 
8.876849e+14 5.471227e+01 2.606701e+01 3.032357e+04 5.215633e-10 5.813978e+13 1.344183e-02 4.363769e+02 2.388863e+02 3.578746e+03 1.974906e+02 0.000000e+00 -2.739825e+02 
9.438989e+14 4.842830e+01 2.539000e+01 2.992720e+04 4.770583e-10 6.273279e+13 9.558708e-03 4.548439e+02 2.457925e+02 3.676645e+03 2.090514e+02 0.000000e+00 -2.749550e+02 
1.003673e+15 4.276971e+01 2.473057e+01 2.953601e+04 4.363432e-10 6.768986e+13 6.371058e-03 5.329044e+02 3.116327e+02 5.391134e+03 2.212717e+02 0.000000e+00 -5.367383e+02 
1.067232e+15 2.792783e+01 2.408827e+01 2.914993e+04 3.989461e-10 7.306734e+13 3.000191e-04 5.186726e+02 2.843382e+02 1.143898e+04 2.343345e+02 0.000000e+00 -1.747741e+03 
1.134816e+15 8.939527e+00 2.346265e+01 2.876890e+04 3.643679e-10 7.895562e+13 3.000000e-04 2.744447e+02 2.586009e+01 2.695609e+04 2.485846e+02 0.000000e+00 -5.062335e+03 
1.206680e+15 1.549893e+00 2.285327e+01 2.839285e+04 3.324594e-10 8.540244e+13 3.000000e-04 3.138707e+02 4.974597e+01 5.125367e+04 2.641247e+02 0.000000e+00 -9.835374e+03 
1.283095e+15 2.354762e-01 2.225973e+01 2.802171e+04 3.032332e-10 9.240978e+13 3.000000e-04 3.382618e+02 5.745284e+01 5.906243e+04 2.808090e+02 0.000000e+00 -1.135774e+04 
1.364349e+15 3.126029e-02 2.168160e+01 2.765543e+04 2.765560e-10 9.999936e+13 3.000000e-04 3.649984e+02 6.641441e+01 6.815035e+04 2.985840e+02 0.000000e+00 -1.313076e+04 
1.450749e+15 3.676604e-03 2.111848e+01 2.729393e+04 2.522227e-10 1.082136e+14 3.000000e-04 3.930856e+02 7.559447e+01 7.746753e+04 3.174911e+02 0.000000e+00 -1.494777e+04 
1.542620e+15 3.870486e-04 2.056999e+01 2.693716e+04 2.300299e-10 1.171029e+14 3.000000e-04 4.226694e+02 8.507287e+01 8.709616e+04 3.375966e+02 0.000000e+00 -1.682494e+04 
1.640308e+15 3.683820e-05 2.003575e+01 2.658505e+04 2.097897e-10 1.267224e+14 3.000000e-04 4.536888e+02 9.471342e+01 9.689658e+04 3.589754e+02 0.000000e+00 -1.873469e+04 
1.744183e+15 3.202297e-06 1.951538e+01 2.623755e+04 1.913305e-10 1.371321e+14 3.000000e-04 4.860291e+02 1.043211e+02 1.066694e+05 3.817080e+02 0.000000e+00 -2.063766e+04 
1.854637e+15 2.572500e-07 1.900852e+01 2.589458e+04 1.744955e-10 1.483969e+14 3.000000e-04 5.193901e+02 1.135098e+02 1.160215e+05 4.058803e+02 0.000000e+00 -2.245629e+04 
1.972084e+15 1.942481e-08 1.851483e+01 2.555610e+04 1.591418e-10 1.605870e+14 3.000000e-04 5.529549e+02 1.213715e+02 1.240299e+05 4.315833e+02 0.000000e+00 -2.400863e+04 
2.096970e+15 1.421488e-09 1.803397e+01 2.522205e+04 1.451390e-10 1.737785e+14 3.000000e-04 5.847052e+02 1.257912e+02 1.285451e+05 4.589140e+02 0.000000e+00 -2.487101e+04 
2.229764e+15 1.068470e-10 1.756559e+01 2.489236e+04 1.323684e-10 1.880537e+14 3.000000e-04 6.108541e+02 1.228787e+02 1.256118e+05 4.879755e+02 0.000000e+00 -2.426398e+04 
2.370967e+15 9.012611e-12 1.710937e+01 2.456698e+04 1.207214e-10 2.035015e+14 3.000000e-04 6.285602e+02 1.096829e+02 1.122237e+05 5.188773e+02 0.000000e+00 -2.159505e+04 
2.521112e+15 9.132568e-13 1.666501e+01 2.424586e+04 1.100992e-10 2.202182e+14 3.000000e-04 6.430400e+02 9.130404e+01 9.355603e+04 5.517360e+02 0.000000e+00 -1.788381e+04 
2.680766e+15 1.091335e-13 1.623218e+01 2.392893e+04 1.004117e-10 2.383082e+14 3.000000e-04 6.641156e+02 7.744004e+01 7.946098e+04 5.866755e+02 0.000000e+00 -1.507150e+04 
2.850529e+15 1.413813e-14 1.581060e+01 2.361614e+04 9.157654e-11 2.578842e+14 3.000000e-04 6.954707e+02 7.164297e+01 7.354838e+04 6.238277e+02 0.000000e+00 -1.386927e+04 
3.031043e+15 1.817031e-15 1.539997e+01 2.330744e+04 8.351880e-11 2.790682e+14 3.000000e-04 7.359765e+02 7.264393e+01 7.453800e+04 6.633326e+02 0.000000e+00 -1.402474e+04 
3.222989e+15 2.180965e-16 1.500000e+01 2.300278e+04 7.617005e-11 3.019925e+14 3.000000e-04 7.836926e+02 7.835347e+01 8.031747e+04 7.053391e+02 0.000000e+00 -1.512153e+04 
3.427090e+15 2.372376e-17 1.461042e+01 2.270210e+04 6.946791e-11 3.267998e+14 3.000000e-04 8.371060e+02 8.710020e+01 8.919357e+04 7.500058e+02 0.000000e+00 -1.682585e+04 
3.644116e+15 2.315078e-18 1.423096e+01 2.240535e+04 6.335549e-11 3.536450e+14 3.000000e-04 8.952645e+02 9.776337e+01 1.000283e+05 7.975011e+02 0.000000e+00 -1.891328e+04 
3.874885e+15 2.028883e-19 1.386135e+01 2.211248e+04 5.778089e-11 3.826954e+14 3.000000e-04 9.575972e+02 1.095930e+02 1.120447e+05 8.480041e+02 0.000000e+00 -2.123056e+04 
4.120268e+15 1.539424e-20 1.350134e+01 2.182344e+04 5.269680e-11 4.141322e+14 3.000000e-04 1.029878e+03 1.281725e+02 1.306870e+05 9.017053e+02 0.000000e+00 -2.485001e+04 
4.381191e+15 9.653880e-22 1.000000e+01 1.878169e+04 4.806005e-11 3.907963e+14 0.000000e+00 9.588073e+02 0.000000e+00 0.000000e+00 9.588073e+02 0.000000e+00 0.000000e+00 
4.658637e+15 5.242676e-23 1.000000e+01 1.878169e+04 4.383129e-11 4.284997e+14 0.000000e+00 1.019525e+03 0.000000e+00 0.000000e+00 1.019525e+03 0.000000e+00 0.000000e+00 
4.953652e+15 2.626777e-24 1.000000e+01 1.878169e+04 3.997461e-11 4.698405e+14 0.000000e+00 1.084088e+03 0.000000e+00 0.000000e+00 1.084088e+03 0.000000e+00 0.000000e+00 
5.267350e+15 1.209336e-25 1.000000e+01 1.878169e+04 3.645728e-11 5.151699e+14 0.000000e+00 1.152740e+03 0.000000e+00 0.000000e+00 1.152740e+03 0.000000e+00 0.000000e+00 
5.600913e+15 5.134946e-27 1.000000e+01 1.878169e+04 3.324943e-11 5.648726e+14 0.000000e+00 1.225739e+03 0.000000e+00 0.000000e+00 1.225739e+03 0.000000e+00 0.000000e+00 
5.955600e+15 2.021936e-28 1.000000e+01 1.878169e+04 3.032384e-11 6.193705e+14 0.000000e+00 1.303361e+03 0.000000e+00 0.000000e+00 1.303361e+03 0.000000e+00 0.000000e+00 
6.332747e+15 7.419697e-30 1.000000e+01 1.878169e+04 2.765567e-11 6.791262e+14 0.000000e+00 1.385898e+03 0.000000e+00 0.000000e+00 1.385898e+03 0.000000e+00 0.000000e+00 
6.733779e+15 2.548039e-31 1.000000e+01 1.878169e+04 2.522227e-11 7.446471e+14 0.000000e+00 1.473662e+03 0.000000e+00 0.000000e+00 1.473662e+03 0.000000e+00 0.000000e+00 
7.160206e+15 8.218609e-33 1.000000e+01 1.878169e+04 2.300299e-11 8.164893e+14 0.000000e+00 1.566984e+03 0.000000e+00 0.000000e+00 1.566984e+03 0.000000e+00 0.000000e+00 
7.613637e+15 2.497866e-34 1.000000e+01 1.878169e+04 2.097897e-11 8.952627e+14 0.000000e+00 1.666216e+03 0.000000e+00 0.000000e+00 1.666216e+03 0.000000e+00 0.000000e+00 
8.095782e+15 7.174681e-36 1.000000e+01 1.878169e+04 1.913305e-11 9.816360e+14 0.000000e+00 1.771732e+03 0.000000e+00 0.000000e+00 1.771732e+03 0.000000e+00 0.000000e+00 
8.608461e+15 1.952901e-37 1.000000e+01 1.878169e+04 1.744955e-11 1.076343e+15 0.000000e+00 1.883929e+03 0.000000e+00 0.000000e+00 1.883929e+03 0.000000e+00 0.000000e+00 
9.153605e+15 5.049998e-39 1.000000e+01 1.878169e+04 1.591418e-11 1.180186e+15 0.000000e+00 2.003232e+03 0.000000e+00 0.000000e+00 2.003232e+03 0.000000e+00 0.000000e+00 
9.733271e+15 1.243475e-40 1.000000e+01 1.878169e+04 1.451390e-11 1.294048e+15 0.000000e+00 2.130090e+03 0.000000e+00 0.000000e+00 2.130090e+03 0.000000e+00 0.000000e+00 
1.034965e+16 2.921720e-42 1.000000e+01 1.878169e+04 1.323684e-11 1.418896e+15 0.000000e+00 2.264981e+03 0.000000e+00 0.000000e+00 2.264981e+03 0.000000e+00 0.000000e+00 
1.100505e+16 6.563589e-44 1.000000e+01 1.878169e+04 1.207214e-11 1.555788e+15 0.000000e+00 2.408415e+03 0.000000e+00 0.000000e+00 2.408415e+03 0.000000e+00 0.000000e+00 
1.170197e+16 1.412289e-45 1.000000e+01 1.878169e+04 1.100992e-11 1.705888e+15 0.000000e+00 2.560932e+03 0.000000e+00 0.000000e+00 2.560932e+03 0.000000e+00 0.000000e+00 
1.244301e+16 2.915429e-47 1.000000e+01 1.878169e+04 1.004117e-11 1.870469e+15 0.000000e+00 2.723107e+03 0.000000e+00 0.000000e+00 2.723107e+03 0.000000e+00 0.000000e+00 
1.323098e+16 5.782848e-49 1.000000e+01 1.878169e+04 9.157654e-12 2.050928e+15 0.000000e+00 2.895552e+03 0.000000e+00 0.000000e+00 2.895552e+03 0.000000e+00 0.000000e+00 
1.406886e+16 1.103716e-50 1.000000e+01 1.878169e+04 8.351880e-12 2.248798e+15 0.000000e+00 3.078917e+03 0.000000e+00 0.000000e+00 3.078917e+03 0.000000e+00 0.000000e+00 
1.495979e+16 2.029659e-52 1.000000e+01 1.878169e+04 7.617005e-12 2.465758e+15 0.000000e+00 3.273894e+03 0.000000e+00 0.000000e+00 3.273894e+03 0.000000e+00 0.000000e+00 
1.590714e+16 3.600592e-54 1.000000e+01 1.878169e+04 6.946791e-12 2.703650e+15 0.000000e+00 3.481219e+03 0.000000e+00 0.000000e+00 3.481219e+03 0.000000e+00 0.000000e+00 
1.691449e+16 6.168961e-56 1.000000e+01 1.878169e+04 6.335549e-12 2.964493e+15 0.000000e+00 3.701672e+03 0.000000e+00 0.000000e+00 3.701672e+03 0.000000e+00 0.000000e+00 
1.798562e+16 1.021899e-57 1.000000e+01 1.878169e+04 5.778089e-12 3.250502e+15 0.000000e+00 3.936087e+03 0.000000e+00 0.000000e+00 3.936087e+03 0.000000e+00 0.000000e+00 
1.912459e+16 1.638344e-59 1.000000e+01 1.878169e+04 5.269680e-12 3.564105e+15 0.000000e+00 4.185345e+03 0.000000e+00 0.000000e+00 4.185345e+03 0.000000e+00 0.000000e+00 
2.033569e+16 2.544605e-61 1.000000e+01 1.878169e+04 4.806005e-12 3.907963e+15 0.000000e+00 4.450389e+03 0.000000e+00 0.000000e+00 4.450389e+03 0.000000e+00 0.000000e+00 
2.162348e+16 3.832197e-63 1.000000e+01 1.878169e+04 4.383129e-12 4.284997e+15 0.000000e+00 4.732217e+03 0.000000e+00 0.000000e+00 4.732217e+03 0.000000e+00 0.000000e+00 
2.299282e+16 5.600924e-65 1.000000e+01 1.878169e+04 3.997461e-12 4.698405e+15 0.000000e+00 5.031892e+03 0.000000e+00 0.000000e+00 5.031892e+03 0.000000e+00 0.000000e+00 
2.444887e+16 7.950747e-67 1.000000e+01 1.878169e+04 3.645728e-12 5.151699e+15 0.000000e+00 5.350544e+03 0.000000e+00 0.000000e+00 5.350544e+03 0.000000e+00 0.000000e+00 
2.599714e+16 1.097049e-68 1.000000e+01 1.878169e+04 3.324943e-12 5.648726e+15 0.000000e+00 5.689376e+03 0.000000e+00 0.000000e+00 5.689376e+03 0.000000e+00 0.000000e+00 
2.764344e+16 1.472414e-70 1.000000e+01 1.878169e+04 3.032384e-12 6.193705e+15 0.000000e+00 6.049665e+03 0.000000e+00 0.000000e+00 6.049665e+03 0.000000e+00 0.000000e+00 
2.939401e+16 1.923620e-72 1.000000e+01 1.878169e+04 2.765567e-12 6.791262e+15 0.000000e+00 6.432769e+03 0.000000e+00 0.000000e+00 6.432769e+03 0.000000e+00 0.000000e+00 
3.125543e+16 2.447819e-74 1.000000e+01 1.878169e+04 2.522227e-12 7.446471e+15 0.000000e+00 6.840135e+03 0.000000e+00 0.000000e+00 6.840135e+03 0.000000e+00 0.000000e+00 
3.323473e+16 3.035850e-76 1.000000e+01 1.878169e+04 2.300299e-12 8.164893e+15 0.000000e+00 7.273297e+03 0.000000e+00 0.000000e+00 7.273297e+03 0.000000e+00 0.000000e+00 
3.533937e+16 3.671811e-78 1.000000e+01 1.878169e+04 2.097897e-12 8.952627e+15 0.000000e+00 7.733890e+03 0.000000e+00 0.000000e+00 7.733890e+03 0.000000e+00 0.000000e+00 
3.757729e+16 4.333358e-80 1.000000e+01 1.878169e+04 1.913305e-12 9.816360e+15 0.000000e+00 8.223650e+03 0.000000e+00 0.000000e+00 8.223650e+03 0.000000e+00 0.000000e+00 
3.995693e+16 4.992832e-82 1.000000e+01 1.878169e+04 1.744955e-12 1.076343e+16 0.000000e+00 8.744426e+03 0.000000e+00 0.000000e+00 8.744426e+03 0.000000e+00 0.000000e+00 
4.248727e+16 5.619155e-84 1.000000e+01 1.878169e+04 1.591418e-12 1.180186e+16 0.000000e+00 9.298181e+03 0.000000e+00 0.000000e+00 9.298181e+03 0.000000e+00 0.000000e+00 
4.517784e+16 6.180306e-86 1.000000e+01 1.878169e+04 1.451390e-12 1.294048e+16 0.000000e+00 9.887002e+03 0.000000e+00 0.000000e+00 9.887002e+03 0.000000e+00 0.000000e+00 
4.803880e+16 6.646115e-88 1.000000e+01 1.878169e+04 1.323684e-12 1.418896e+16 0.000000e+00 1.051311e+04 0.000000e+00 0.000000e+00 1.051311e+04 0.000000e+00 0.000000e+00 
5.108093e+16 6.991010e-90 1.000000e+01 1.878169e+04 1.207214e-12 1.555788e+16 0.000000e+00 1.117887e+04 0.000000e+00 0.000000e+00 1.117887e+04 0.000000e+00 0.000000e+00 
5.431571e+16 7.196367e-92 1.000000e+01 1.878169e+04 1.100992e-12 1.705888e+16 0.000000e+00 1.188679e+04 0.000000e+00 0.000000e+00 1.188679e+04 0.000000e+00 0.000000e+00 
5.775534e+16 7.252161e-94 1.000000e+01 1.878169e+04 1.004117e-12 1.870469e+16 0.000000e+00 1.263954e+04 0.000000e+00 0.000000e+00 1.263954e+04 0.000000e+00 0.000000e+00 
6.141279e+16 7.157717e-96 1.000000e+01 1.878169e+04 9.157654e-13 2.050928e+16 0.000000e+00 1.343996e+04 0.000000e+00 0.000000e+00 1.343996e+04 0.000000e+00 0.000000e+00 
6.530185e+16 6.921498e-98 1.000000e+01 1.878169e+04 8.351880e-13 2.248798e+16 0.000000e+00 1.429107e+04 0.000000e+00 0.000000e+00 1.429107e+04 0.000000e+00 0.000000e+00 
6.943719e+16 6.559992e-100 1.000000e+01 1.878169e+04 7.617005e-13 2.465758e+16 0.000000e+00 1.519607e+04 0.000000e+00 0.000000e+00 1.519607e+04 0.000000e+00 0.000000e+00 
7.383441e+16 6.095893e-102 1.000000e+01 1.878169e+04 6.946791e-13 2.703650e+16 0.000000e+00 1.615839e+04 0.000000e+00 0.000000e+00 1.615839e+04 0.000000e+00 0.000000e+00 
7.851009e+16 5.555839e-104 1.000000e+01 1.878169e+04 6.335549e-13 2.964493e+16 0.000000e+00 1.718164e+04 0.000000e+00 0.000000e+00 1.718164e+04 0.000000e+00 0.000000e+00 
8.348187e+16 4.968010e-106 1.000000e+01 1.878169e+04 5.778089e-13 3.250502e+16 0.000000e+00 1.826970e+04 0.000000e+00 0.000000e+00 1.826970e+04 0.000000e+00 0.000000e+00 
8.876849e+16 4.359866e-108 1.000000e+01 1.878169e+04 5.269680e-13 3.564105e+16 0.000000e+00 1.942665e+04 0.000000e+00 0.000000e+00 1.942665e+04 0.000000e+00 0.000000e+00 
9.438989e+16 3.756246e-110 1.000000e+01 1.878169e+04 4.806005e-13 3.907963e+16 0.000000e+00 2.065688e+04 0.000000e+00 0.000000e+00 2.065688e+04 0.000000e+00 0.000000e+00 
1.003673e+17 3.177994e-112 1.000000e+01 1.878169e+04 4.383129e-13 4.284997e+16 0.000000e+00 2.196501e+04 0.000000e+00 0.000000e+00 2.196501e+04 0.000000e+00 0.000000e+00 
1.067232e+17 2.641157e-114 1.000000e+01 1.878169e+04 3.997461e-13 4.698405e+16 0.000000e+00 2.335597e+04 0.000000e+00 0.000000e+00 2.335597e+04 0.000000e+00 0.000000e+00 
1.134816e+17 2.156736e-116 1.000000e+01 1.878169e+04 3.645728e-13 5.151699e+16 0.000000e+00 2.483503e+04 0.000000e+00 0.000000e+00 2.483503e+04 0.000000e+00 0.000000e+00 
1.206680e+17 1.730921e-118 1.000000e+01 1.878169e+04 3.324943e-13 5.648726e+16 0.000000e+00 2.640774e+04 0.000000e+00 0.000000e+00 2.640774e+04 0.000000e+00 0.000000e+00 
1.283095e+17 1.365675e-120 1.000000e+01 1.878169e+04 3.032384e-13 6.193705e+16 0.000000e+00 2.808006e+04 0.000000e+00 0.000000e+00 2.808006e+04 0.000000e+00 0.000000e+00 
1.364349e+17 1.059537e-122 1.000000e+01 1.878169e+04 2.765567e-13 6.791262e+16 0.000000e+00 2.985827e+04 0.000000e+00 0.000000e+00 2.985827e+04 0.000000e+00 0.000000e+00 
1.450749e+17 8.154371e-125 1.000000e+01 1.878169e+04 2.522227e-13 7.446471e+16 0.000000e+00 3.174909e+04 0.000000e+00 0.000000e+00 3.174909e+04 0.000000e+00 0.000000e+00 
