time(s)          = 4.733539e+12
time(solar year) = 1.500000e+05
star mass (g)    = 1.138155e+33
star mass (Msun) = 5.723975e-01
total mass (g)   = 1.328874e+33
mdot (g/s)       = 1.721075e+20
mdot (Msun/yr)   = 2.731434e-06
1.542620e+13 3.670872e+04 1.480393e+02 7.226421e+04 1.439559e-07 5.019885e+11 2.587309e-02 -6.785011e+01 -6.690427e+01 1.769077e+03 -2.306963e+00 1.160018e+02 -4.162573e+02 
1.640308e+13 3.319348e+04 1.441944e+02 7.131961e+04 1.314856e-07 5.424140e+11 2.688586e-02 -3.928641e+01 -3.848738e+01 3.966182e+03 -2.542157e+00 6.741715e+01 -8.223500e+02 
1.744183e+13 2.995515e+04 1.404494e+02 7.038736e+04 1.200988e-07 5.860789e+11 2.715074e-02 2.195509e+01 2.353508e+01 4.016081e+03 -2.802294e+00 4.526936e+01 -7.719731e+02 
1.854637e+13 2.697923e+04 1.368016e+02 6.946729e+04 1.097008e-07 6.332432e+11 2.665691e-02 -1.866930e+01 -1.688697e+01 4.014137e+03 -3.090219e+00 4.156643e+01 -8.117858e+02 
1.972084e+13 2.441180e+04 1.332486e+02 6.855925e+04 1.002058e-07 6.841845e+11 2.790803e-02 -4.441958e+01 -4.237448e+01 3.993050e+03 -3.409135e+00 3.825428e+01 -8.330892e+02 
2.096970e+13 2.202363e+04 1.297879e+02 6.766309e+04 9.153524e-08 7.392026e+11 2.802576e-02 -4.934603e+01 -4.698754e+01 4.013432e+03 -3.762672e+00 3.514753e+01 -8.419688e+02 
2.229764e+13 1.993284e+04 1.264170e+02 6.677863e+04 8.361740e-08 7.986213e+11 2.939492e-02 -6.118024e+00 -3.324372e+00 4.031574e+03 -4.154954e+00 3.225371e+01 -8.027310e+02 
2.370967e+13 1.793625e+04 1.231337e+02 6.590574e+04 7.638657e-08 8.627923e+11 2.845917e-02 -3.151647e+01 -2.835932e+01 4.053278e+03 -4.590698e+00 2.951791e+01 -8.321437e+02 
2.521112e+13 1.625845e+04 1.199357e+02 6.504426e+04 6.978308e-08 9.320921e+11 3.044121e-02 -3.275240e+01 -2.912053e+01 4.032738e+03 -5.075300e+00 2.702275e+01 -8.292916e+02 
2.680766e+13 1.463211e+04 1.168207e+02 6.419403e+04 6.375236e-08 1.006928e+12 2.951387e-02 -5.078971e+01 -4.668042e+01 4.064239e+03 -5.614986e+00 2.467295e+01 -8.533549e+02 
2.850529e+13 1.327631e+04 1.137866e+02 6.335492e+04 5.824464e-08 1.087738e+12 3.192686e-02 -2.129836e+01 -1.654258e+01 4.054093e+03 -6.216979e+00 2.250420e+01 -8.221391e+02 
3.031043e+13 1.192906e+04 1.108314e+02 6.252678e+04 5.321436e-08 1.174998e+12 3.027303e-02 -4.241677e+01 -3.705489e+01 4.094733e+03 -6.889737e+00 2.044849e+01 -8.510641e+02 
3.222989e+13 1.083607e+04 1.079529e+02 6.170947e+04 4.862006e-08 1.269218e+12 3.319058e-02 -2.395441e+01 -1.779758e+01 4.067668e+03 -7.643254e+00 1.856261e+01 -8.274344e+02 
3.427090e+13 9.727271e+03 1.051491e+02 6.090284e+04 4.442380e-08 1.370951e+12 3.106502e-02 -4.693201e+01 -3.999497e+01 4.116369e+03 -8.489480e+00 1.677259e+01 -8.598008e+02 
3.644116e+13 8.846484e+03 1.024182e+02 6.010675e+04 4.059104e-08 1.480789e+12 3.452721e-02 -1.863090e+01 -1.066821e+01 4.084316e+03 -9.442948e+00 1.512372e+01 -8.254561e+02 
3.874885e+13 7.929734e+03 9.975815e+01 5.932107e+04 3.709014e-08 1.599376e+12 3.169101e-02 -4.172193e+01 -3.273902e+01 4.143929e+03 -1.052166e+01 1.354813e+01 -8.601032e+02 
4.120268e+13 7.220188e+03 9.716723e+01 5.854565e+04 3.389232e-08 1.727402e+12 3.569909e-02 -8.976507e+00 1.333236e+00 4.102549e+03 -1.174855e+01 1.208473e+01 -8.195332e+02 
4.381191e+13 6.460989e+03 9.464360e+01 5.778038e+04 3.097121e-08 1.865616e+12 3.203520e-02 -3.237810e+01 -2.070522e+01 4.173813e+03 -1.315389e+01 1.066975e+01 -8.568111e+02 
4.658637e+13 5.890010e+03 9.218552e+01 5.702510e+04 2.830282e-08 2.014820e+12 3.659612e-02 8.834163e+00 2.227534e+01 4.124062e+03 -1.477979e+01 9.326291e+00 -8.062336e+02 
4.953652e+13 5.258983e+03 8.979127e+01 5.627970e+04 2.586516e-08 2.175888e+12 3.188568e-02 -1.234783e+01 2.999619e+00 4.209995e+03 -1.668946e+01 7.993486e+00 -8.442532e+02 
5.267350e+13 4.799993e+03 8.745921e+01 5.554405e+04 2.363825e-08 2.349753e+12 3.695133e-02 3.747081e+01 5.532437e+01 4.150934e+03 -1.899133e+01 6.655890e+00 -7.833726e+02 
5.600913e+13 4.273255e+03 8.518772e+01 5.481801e+04 2.160374e-08 2.537432e+12 3.095487e-02 2.232992e+01 4.321170e+01 4.255469e+03 -2.192558e+01 5.217132e+00 -8.191871e+02 
5.955600e+13 3.904634e+03 8.297522e+01 5.410146e+04 1.974497e-08 2.740011e+12 3.639014e-02 9.656537e+01 1.226735e+02 4.195723e+03 -2.679737e+01 3.513514e+00 -7.341722e+02 
6.332747e+13 3.458684e+03 8.082018e+01 5.339427e+04 1.804663e-08 2.958684e+12 2.842904e-02 1.554838e+02 1.864743e+02 4.355353e+03 -3.099052e+01 0.000000e+00 -7.082072e+02 
6.733779e+13 3.153464e+03 7.872112e+01 5.269633e+04 1.649479e-08 3.194726e+12 3.257670e-02 1.052278e+02 1.380369e+02 4.233399e+03 -3.280910e+01 0.000000e+00 -7.338362e+02 
7.160206e+13 2.795611e+03 7.667657e+01 5.200751e+04 1.507678e-08 3.449510e+12 2.552467e-02 1.589027e+02 1.936353e+02 4.379445e+03 -3.473257e+01 0.000000e+00 -7.096119e+02 
7.613637e+13 2.543849e+03 7.468513e+01 5.132770e+04 1.378102e-08 3.724521e+12 2.855783e-02 1.138302e+02 1.505972e+02 4.271712e+03 -3.676701e+01 0.000000e+00 -7.329259e+02 
8.095782e+13 2.256184e+03 7.274540e+01 5.065677e+04 1.259693e-08 4.021358e+12 2.230397e-02 1.623411e+02 2.012598e+02 4.408484e+03 -3.891868e+01 0.000000e+00 -7.119811e+02 
8.608461e+13 2.048832e+03 7.085606e+01 4.999462e+04 1.151485e-08 4.341752e+12 2.432095e-02 1.217533e+02 1.629476e+02 4.314587e+03 -4.119437e+01 0.000000e+00 -7.335962e+02 
9.153605e+13 1.817068e+03 6.901578e+01 4.934111e+04 1.052596e-08 4.687566e+12 1.876858e-02 1.651999e+02 2.088011e+02 4.444991e+03 -4.360115e+01 0.000000e+00 -7.164079e+02 
9.733271e+13 1.646452e+03 6.722330e+01 4.869615e+04 9.622187e-09 5.060820e+12 1.986536e-02 1.282387e+02 1.743853e+02 4.365488e+03 -4.614663e+01 0.000000e+00 -7.372844e+02 
1.034965e+14 1.459094e+03 6.547737e+01 4.805962e+04 8.796190e-09 5.463687e+12 1.493542e-02 1.668140e+02 2.156528e+02 4.494226e+03 -4.883881e+01 0.000000e+00 -7.245925e+02 
1.100505e+14 1.318641e+03 6.377679e+01 4.743142e+04 8.041233e-09 5.898525e+12 1.520360e-02 1.325301e+02 1.842164e+02 4.432566e+03 -5.168631e+01 0.000000e+00 -7.463534e+02 
1.170197e+14 1.166190e+03 6.212038e+01 4.681142e+04 7.351178e-09 6.367880e+12 1.083603e-02 1.666539e+02 2.213522e+02 4.569757e+03 -5.469828e+01 0.000000e+00 -7.397461e+02 
1.244301e+14 1.050019e+03 6.050699e+01 4.619953e+04 6.720406e-09 6.874515e+12 1.035804e-02 1.339920e+02 1.918766e+02 4.541030e+03 -5.788462e+01 0.000000e+00 -7.664231e+02 
1.323098e+14 9.237318e+02 5.893550e+01 4.559563e+04 6.143779e-09 7.421431e+12 6.512058e-03 1.646471e+02 2.259033e+02 4.722034e+03 -6.125615e+01 0.000000e+00 -7.719266e+02 
1.406886e+14 8.253072e+02 5.740483e+01 4.499963e+04 5.616596e-09 8.011905e+12 5.349979e-03 1.318691e+02 1.966939e+02 4.843557e+03 -6.482480e+01 0.000000e+00 -8.284572e+02 
1.495979e+14 7.098689e+02 5.591391e+01 4.441142e+04 5.134485e-09 8.649635e+12 2.008311e-03 1.619500e+02 2.305557e+02 9.719286e+03 -6.860575e+01 0.000000e+00 -1.763505e+03 
1.590714e+14 2.821925e+02 5.446171e+01 4.383090e+04 4.690573e-09 9.344465e+12 3.000000e-04 1.177672e+02 1.904732e+02 2.802673e+04 -7.270595e+01 0.000000e+00 -5.432108e+03 
1.691449e+14 3.601573e+01 5.304723e+01 4.325797e+04 4.280397e-09 1.010606e+13 3.000000e-04 1.144903e+01 8.866742e+01 9.073072e+04 -7.721839e+01 0.000000e+00 -1.795504e+04 
1.798562e+14 2.895035e+00 5.166948e+01 4.269252e+04 3.904087e-09 1.093534e+13 3.000000e-04 5.975931e+01 1.418543e+02 1.450712e+05 -8.209496e+01 0.000000e+00 -2.866850e+04 
1.912459e+14 2.731825e-01 5.032752e+01 4.213447e+04 3.560596e-09 1.183354e+13 3.000000e-04 3.400151e+01 1.212939e+02 1.240794e+05 -8.729244e+01 0.000000e+00 -2.453737e+04 
2.033569e+14 2.341453e-02 4.902041e+01 4.158371e+04 3.247305e-09 1.280561e+13 3.000000e-04 4.144431e+01 1.342645e+02 1.373011e+05 -9.282022e+01 0.000000e+00 -2.714822e+04 
2.162348e+14 1.977496e-03 4.774725e+01 4.104015e+04 2.961578e-09 1.385753e+13 3.000000e-04 3.821152e+01 1.369097e+02 1.399884e+05 -9.869819e+01 0.000000e+00 -2.768362e+04 
2.299282e+14 1.621973e-04 4.650716e+01 4.050370e+04 2.700991e-09 1.499587e+13 3.000000e-04 3.674468e+01 1.416931e+02 1.448451e+05 -1.049484e+02 0.000000e+00 -2.864685e+04 
2.444887e+14 1.255257e-05 4.529928e+01 3.997425e+04 2.463333e-09 1.622771e+13 3.000000e-04 3.930557e+01 1.509000e+02 1.542335e+05 -1.115944e+02 0.000000e+00 -3.050348e+04 
2.599714e+14 9.694877e-07 4.412276e+01 3.945173e+04 2.246586e-09 1.756075e+13 3.000000e-04 3.431808e+01 1.529794e+02 1.559807e+05 -1.186613e+02 0.000000e+00 -3.085446e+04 
2.764344e+14 2.061958e-22 1.000000e+01 1.878169e+04 2.048911e-09 9.166670e+12 0.000000e+00 -1.261757e+02 0.000000e+00 0.000000e+00 -1.261757e+02 0.000000e+00 0.000000e+00 
2.939401e+14 0.000000e+00 1.000000e+01 1.878169e+04 1.868629e-09 1.005105e+13 0.000000e+00 -1.341660e+02 0.000000e+00 0.000000e+00 -1.341660e+02 0.000000e+00 0.000000e+00 
3.125543e+14 0.000000e+00 1.000000e+01 1.878169e+04 1.704210e-09 1.102076e+13 0.000000e+00 -1.426623e+02 0.000000e+00 0.000000e+00 -1.426623e+02 0.000000e+00 0.000000e+00 
3.323473e+14 0.000000e+00 1.000000e+01 1.878169e+04 1.554258e-09 1.208403e+13 0.000000e+00 -1.516966e+02 0.000000e+00 0.000000e+00 -1.516966e+02 0.000000e+00 0.000000e+00 
3.533937e+14 0.000000e+00 1.000000e+01 1.878169e+04 1.417500e-09 1.324987e+13 0.000000e+00 -1.613030e+02 0.000000e+00 0.000000e+00 -1.613030e+02 0.000000e+00 0.000000e+00 
3.757729e+14 0.000000e+00 1.000000e+01 1.878169e+04 1.292776e-09 1.452819e+13 0.000000e+00 -1.715178e+02 0.000000e+00 0.000000e+00 -1.715178e+02 0.000000e+00 0.000000e+00 
3.995693e+14 0.000000e+00 1.000000e+01 1.878169e+04 1.179025e-09 1.592985e+13 0.000000e+00 -1.823794e+02 0.000000e+00 0.000000e+00 -1.823794e+02 0.000000e+00 0.000000e+00 
4.248727e+14 0.000000e+00 1.000000e+01 1.878169e+04 1.075284e-09 1.746673e+13 0.000000e+00 -1.939289e+02 0.000000e+00 0.000000e+00 -1.939289e+02 0.000000e+00 0.000000e+00 
4.517784e+14 0.000000e+00 1.000000e+01 1.878169e+04 9.806705e-10 1.915189e+13 0.000000e+00 -2.062097e+02 0.000000e+00 0.000000e+00 -2.062097e+02 0.000000e+00 0.000000e+00 
4.803880e+14 0.000000e+00 1.000000e+01 1.878169e+04 8.943822e-10 2.099963e+13 0.000000e+00 -2.192683e+02 0.000000e+00 0.000000e+00 -2.192683e+02 0.000000e+00 0.000000e+00 
5.108093e+14 0.000000e+00 1.000000e+01 1.878169e+04 8.156862e-10 2.302564e+13 0.000000e+00 -2.331538e+02 0.000000e+00 0.000000e+00 -2.331538e+02 0.000000e+00 0.000000e+00 
5.431571e+14 0.000000e+00 1.000000e+01 1.878169e+04 7.439147e-10 2.524711e+13 0.000000e+00 -2.479186e+02 0.000000e+00 0.000000e+00 -2.479186e+02 0.000000e+00 0.000000e+00 
5.775534e+14 0.000000e+00 1.000000e+01 1.878169e+04 6.784582e-10 2.768290e+13 0.000000e+00 -2.636185e+02 0.000000e+00 0.000000e+00 -2.636185e+02 0.000000e+00 0.000000e+00 
6.141279e+14 0.000000e+00 1.000000e+01 1.878169e+04 6.187613e-10 3.035370e+13 0.000000e+00 -2.803125e+02 0.000000e+00 0.000000e+00 -2.803125e+02 0.000000e+00 0.000000e+00 
6.530185e+14 0.000000e+00 1.000000e+01 1.878169e+04 5.643170e-10 3.328217e+13 0.000000e+00 -2.980638e+02 0.000000e+00 0.000000e+00 -2.980638e+02 0.000000e+00 0.000000e+00 
6.943719e+14 0.000000e+00 1.000000e+01 1.878169e+04 5.146632e-10 3.649317e+13 0.000000e+00 -3.169391e+02 0.000000e+00 0.000000e+00 -3.169391e+02 0.000000e+00 0.000000e+00 
7.383441e+14 0.000000e+00 1.000000e+01 1.878169e+04 4.693784e-10 4.001397e+13 0.000000e+00 -3.370098e+02 0.000000e+00 0.000000e+00 -3.370098e+02 0.000000e+00 0.000000e+00 
7.851009e+14 0.000000e+00 1.000000e+01 1.878169e+04 4.280782e-10 4.387444e+13 0.000000e+00 -3.583515e+02 0.000000e+00 0.000000e+00 -3.583515e+02 0.000000e+00 0.000000e+00 
8.348187e+14 0.000000e+00 1.000000e+01 1.878169e+04 3.904120e-10 4.810737e+13 0.000000e+00 -3.810446e+02 0.000000e+00 0.000000e+00 -3.810446e+02 0.000000e+00 0.000000e+00 
8.876849e+14 0.000000e+00 1.000000e+01 1.878169e+04 3.560599e-10 5.274868e+13 0.000000e+00 -4.051749e+02 0.000000e+00 0.000000e+00 -4.051749e+02 0.000000e+00 0.000000e+00 
9.438989e+14 0.000000e+00 1.000000e+01 1.878169e+04 3.247305e-10 5.783778e+13 0.000000e+00 -4.308332e+02 0.000000e+00 0.000000e+00 -4.308332e+02 0.000000e+00 0.000000e+00 
1.003673e+15 0.000000e+00 1.000000e+01 1.878169e+04 2.961578e-10 6.341787e+13 0.000000e+00 -4.581164e+02 0.000000e+00 0.000000e+00 -4.581164e+02 0.000000e+00 0.000000e+00 
1.067232e+15 0.000000e+00 1.000000e+01 1.878169e+04 2.700991e-10 6.953631e+13 0.000000e+00 -4.871273e+02 0.000000e+00 0.000000e+00 -4.871273e+02 0.000000e+00 0.000000e+00 
1.134816e+15 0.000000e+00 1.000000e+01 1.878169e+04 2.463333e-10 7.624504e+13 0.000000e+00 -5.179755e+02 0.000000e+00 0.000000e+00 -5.179755e+02 0.000000e+00 0.000000e+00 
1.206680e+15 0.000000e+00 1.000000e+01 1.878169e+04 2.246586e-10 8.360103e+13 0.000000e+00 -5.507771e+02 0.000000e+00 0.000000e+00 -5.507771e+02 0.000000e+00 0.000000e+00 
1.283095e+15 0.000000e+00 1.000000e+01 1.878169e+04 2.048911e-10 9.166670e+13 0.000000e+00 -5.856559e+02 0.000000e+00 0.000000e+00 -5.856559e+02 0.000000e+00 0.000000e+00 
1.364349e+15 0.000000e+00 1.000000e+01 1.878169e+04 1.868629e-10 1.005105e+14 0.000000e+00 -6.227435e+02 0.000000e+00 0.000000e+00 -6.227435e+02 0.000000e+00 0.000000e+00 
1.450749e+15 0.000000e+00 1.000000e+01 1.878169e+04 1.704210e-10 1.102076e+14 0.000000e+00 -6.621797e+02 0.000000e+00 0.000000e+00 -6.621797e+02 0.000000e+00 0.000000e+00 
1.542620e+15 0.000000e+00 1.000000e+01 1.878169e+04 1.554258e-10 1.208403e+14 0.000000e+00 -7.041132e+02 0.000000e+00 0.000000e+00 -7.041132e+02 0.000000e+00 0.000000e+00 
1.640308e+15 0.000000e+00 1.000000e+01 1.878169e+04 1.417500e-10 1.324987e+14 0.000000e+00 -7.487023e+02 0.000000e+00 0.000000e+00 -7.487023e+02 0.000000e+00 0.000000e+00 
1.744183e+15 0.000000e+00 1.000000e+01 1.878169e+04 1.292776e-10 1.452819e+14 0.000000e+00 -7.961151e+02 0.000000e+00 0.000000e+00 -7.961151e+02 0.000000e+00 0.000000e+00 
1.854637e+15 0.000000e+00 1.000000e+01 1.878169e+04 1.179025e-10 1.592985e+14 0.000000e+00 -8.465303e+02 0.000000e+00 0.000000e+00 -8.465303e+02 0.000000e+00 0.000000e+00 
1.972084e+15 0.000000e+00 1.000000e+01 1.878169e+04 1.075284e-10 1.746673e+14 0.000000e+00 -9.001382e+02 0.000000e+00 0.000000e+00 -9.001382e+02 0.000000e+00 0.000000e+00 
2.096970e+15 0.000000e+00 1.000000e+01 1.878169e+04 9.806705e-11 1.915189e+14 0.000000e+00 -9.571408e+02 0.000000e+00 0.000000e+00 -9.571408e+02 0.000000e+00 0.000000e+00 
2.229764e+15 0.000000e+00 1.000000e+01 1.878169e+04 8.943822e-11 2.099963e+14 0.000000e+00 -1.017753e+03 0.000000e+00 0.000000e+00 -1.017753e+03 0.000000e+00 0.000000e+00 
2.370967e+15 0.000000e+00 1.000000e+01 1.878169e+04 8.156862e-11 2.302564e+14 0.000000e+00 -1.082204e+03 0.000000e+00 0.000000e+00 -1.082204e+03 0.000000e+00 0.000000e+00 
2.521112e+15 0.000000e+00 1.000000e+01 1.878169e+04 7.439147e-11 2.524711e+14 0.000000e+00 -1.150736e+03 0.000000e+00 0.000000e+00 -1.150736e+03 0.000000e+00 0.000000e+00 
2.680766e+15 0.000000e+00 1.000000e+01 1.878169e+04 6.784582e-11 2.768290e+14 0.000000e+00 -1.223609e+03 0.000000e+00 0.000000e+00 -1.223609e+03 0.000000e+00 0.000000e+00 
2.850529e+15 0.000000e+00 1.000000e+01 1.878169e+04 6.187613e-11 3.035370e+14 0.000000e+00 -1.301096e+03 0.000000e+00 0.000000e+00 -1.301096e+03 0.000000e+00 0.000000e+00 
3.031043e+15 0.000000e+00 1.000000e+01 1.878169e+04 5.643170e-11 3.328217e+14 0.000000e+00 -1.383489e+03 0.000000e+00 0.000000e+00 -1.383489e+03 0.000000e+00 0.000000e+00 
3.222989e+15 0.000000e+00 1.000000e+01 1.878169e+04 5.146632e-11 3.649317e+14 0.000000e+00 -1.471101e+03 0.000000e+00 0.000000e+00 -1.471101e+03 0.000000e+00 0.000000e+00 
3.427090e+15 0.000000e+00 1.000000e+01 1.878169e+04 4.693784e-11 4.001397e+14 0.000000e+00 -1.564261e+03 0.000000e+00 0.000000e+00 -1.564261e+03 0.000000e+00 0.000000e+00 
3.644116e+15 0.000000e+00 1.000000e+01 1.878169e+04 4.280782e-11 4.387444e+14 0.000000e+00 -1.663320e+03 0.000000e+00 0.000000e+00 -1.663320e+03 0.000000e+00 0.000000e+00 
3.874885e+15 0.000000e+00 1.000000e+01 1.878169e+04 3.904120e-11 4.810737e+14 0.000000e+00 -1.768652e+03 0.000000e+00 0.000000e+00 -1.768652e+03 0.000000e+00 0.000000e+00 
4.120268e+15 0.000000e+00 1.000000e+01 1.878169e+04 3.560599e-11 5.274868e+14 0.000000e+00 -1.880655e+03 0.000000e+00 0.000000e+00 -1.880655e+03 0.000000e+00 0.000000e+00 
4.381191e+15 0.000000e+00 1.000000e+01 1.878169e+04 3.247305e-11 5.783778e+14 0.000000e+00 -1.999751e+03 0.000000e+00 0.000000e+00 -1.999751e+03 0.000000e+00 0.000000e+00 
4.658637e+15 0.000000e+00 1.000000e+01 1.878169e+04 2.961578e-11 6.341787e+14 0.000000e+00 -2.126388e+03 0.000000e+00 0.000000e+00 -2.126388e+03 0.000000e+00 0.000000e+00 
4.953652e+15 0.000000e+00 1.000000e+01 1.878169e+04 2.700991e-11 6.953631e+14 0.000000e+00 -2.261045e+03 0.000000e+00 0.000000e+00 -2.261045e+03 0.000000e+00 0.000000e+00 
5.267350e+15 0.000000e+00 1.000000e+01 1.878169e+04 2.463333e-11 7.624504e+14 0.000000e+00 -2.404229e+03 0.000000e+00 0.000000e+00 -2.404229e+03 0.000000e+00 0.000000e+00 
5.600913e+15 0.000000e+00 1.000000e+01 1.878169e+04 2.246586e-11 8.360103e+14 0.000000e+00 -2.556481e+03 0.000000e+00 0.000000e+00 -2.556481e+03 0.000000e+00 0.000000e+00 
5.955600e+15 0.000000e+00 1.000000e+01 1.878169e+04 2.048911e-11 9.166670e+14 0.000000e+00 -2.718374e+03 0.000000e+00 0.000000e+00 -2.718374e+03 0.000000e+00 0.000000e+00 
6.332747e+15 0.000000e+00 1.000000e+01 1.878169e+04 1.868629e-11 1.005105e+15 0.000000e+00 -2.890519e+03 0.000000e+00 0.000000e+00 -2.890519e+03 0.000000e+00 0.000000e+00 
6.733779e+15 0.000000e+00 1.000000e+01 1.878169e+04 1.704210e-11 1.102076e+15 0.000000e+00 -3.073566e+03 0.000000e+00 0.000000e+00 -3.073566e+03 0.000000e+00 0.000000e+00 
7.160206e+15 0.000000e+00 1.000000e+01 1.878169e+04 1.554258e-11 1.208403e+15 0.000000e+00 -3.268204e+03 0.000000e+00 0.000000e+00 -3.268204e+03 0.000000e+00 0.000000e+00 
7.613637e+15 0.000000e+00 1.000000e+01 1.878169e+04 1.417500e-11 1.324987e+15 0.000000e+00 -3.475168e+03 0.000000e+00 0.000000e+00 -3.475168e+03 0.000000e+00 0.000000e+00 
8.095782e+15 0.000000e+00 1.000000e+01 1.878169e+04 1.292776e-11 1.452819e+15 0.000000e+00 -3.695239e+03 0.000000e+00 0.000000e+00 -3.695239e+03 0.000000e+00 0.000000e+00 
8.608461e+15 0.000000e+00 1.000000e+01 1.878169e+04 1.179025e-11 1.592985e+15 0.000000e+00 -3.929246e+03 0.000000e+00 0.000000e+00 -3.929246e+03 0.000000e+00 0.000000e+00 
9.153605e+15 0.000000e+00 1.000000e+01 1.878169e+04 1.075284e-11 1.746673e+15 0.000000e+00 -4.178071e+03 0.000000e+00 0.000000e+00 -4.178071e+03 0.000000e+00 0.000000e+00 
9.733271e+15 0.000000e+00 1.000000e+01 1.878169e+04 9.806705e-12 1.915189e+15 0.000000e+00 -4.442654e+03 0.000000e+00 0.000000e+00 -4.442654e+03 0.000000e+00 0.000000e+00 
1.034965e+16 0.000000e+00 1.000000e+01 1.878169e+04 8.943822e-12 2.099963e+15 0.000000e+00 -4.723992e+03 0.000000e+00 0.000000e+00 -4.723992e+03 0.000000e+00 0.000000e+00 
1.100505e+16 0.000000e+00 1.000000e+01 1.878169e+04 8.156862e-12 2.302564e+15 0.000000e+00 -5.023146e+03 0.000000e+00 0.000000e+00 -5.023146e+03 0.000000e+00 0.000000e+00 
1.170197e+16 0.000000e+00 1.000000e+01 1.878169e+04 7.439147e-12 2.524711e+15 0.000000e+00 -5.341245e+03 0.000000e+00 0.000000e+00 -5.341245e+03 0.000000e+00 0.000000e+00 
1.244301e+16 0.000000e+00 1.000000e+01 1.878169e+04 6.784582e-12 2.768290e+15 0.000000e+00 -5.679488e+03 0.000000e+00 0.000000e+00 -5.679488e+03 0.000000e+00 0.000000e+00 
1.323098e+16 0.000000e+00 1.000000e+01 1.878169e+04 6.187613e-12 3.035370e+15 0.000000e+00 -6.039150e+03 0.000000e+00 0.000000e+00 -6.039150e+03 0.000000e+00 0.000000e+00 
1.406886e+16 0.000000e+00 1.000000e+01 1.878169e+04 5.643170e-12 3.328217e+15 0.000000e+00 -6.421589e+03 0.000000e+00 0.000000e+00 -6.421589e+03 0.000000e+00 0.000000e+00 
1.495979e+16 0.000000e+00 1.000000e+01 1.878169e+04 5.146632e-12 3.649317e+15 0.000000e+00 -6.828246e+03 0.000000e+00 0.000000e+00 -6.828246e+03 0.000000e+00 0.000000e+00 
1.590714e+16 0.000000e+00 1.000000e+01 1.878169e+04 4.693784e-12 4.001397e+15 0.000000e+00 -7.260656e+03 0.000000e+00 0.000000e+00 -7.260656e+03 0.000000e+00 0.000000e+00 
1.691449e+16 0.000000e+00 1.000000e+01 1.878169e+04 4.280782e-12 4.387444e+15 0.000000e+00 -7.720448e+03 0.000000e+00 0.000000e+00 -7.720448e+03 0.000000e+00 0.000000e+00 
1.798562e+16 0.000000e+00 1.000000e+01 1.878169e+04 3.904120e-12 4.810737e+15 0.000000e+00 -8.209358e+03 0.000000e+00 0.000000e+00 -8.209358e+03 0.000000e+00 0.000000e+00 
1.912459e+16 0.000000e+00 1.000000e+01 1.878169e+04 3.560599e-12 5.274868e+15 0.000000e+00 -8.729228e+03 0.000000e+00 0.000000e+00 -8.729228e+03 0.000000e+00 0.000000e+00 
2.033569e+16 0.000000e+00 1.000000e+01 1.878169e+04 3.247305e-12 5.783778e+15 0.000000e+00 -9.282020e+03 0.000000e+00 0.000000e+00 -9.282020e+03 0.000000e+00 0.000000e+00 
2.162348e+16 0.000000e+00 1.000000e+01 1.878169e+04 2.961578e-12 6.341787e+15 0.000000e+00 -9.869819e+03 0.000000e+00 0.000000e+00 -9.869819e+03 0.000000e+00 0.000000e+00 
2.299282e+16 0.000000e+00 1.000000e+01 1.878169e+04 2.700991e-12 6.953631e+15 0.000000e+00 -1.049484e+04 0.000000e+00 0.000000e+00 -1.049484e+04 0.000000e+00 0.000000e+00 
2.444887e+16 0.000000e+00 1.000000e+01 1.878169e+04 2.463333e-12 7.624504e+15 0.000000e+00 -1.115944e+04 0.000000e+00 0.000000e+00 -1.115944e+04 0.000000e+00 0.000000e+00 
2.599714e+16 0.000000e+00 1.000000e+01 1.878169e+04 2.246586e-12 8.360103e+15 0.000000e+00 -1.186613e+04 0.000000e+00 0.000000e+00 -1.186613e+04 0.000000e+00 0.000000e+00 
2.764344e+16 0.000000e+00 1.000000e+01 1.878169e+04 2.048911e-12 9.166670e+15 0.000000e+00 -1.261757e+04 0.000000e+00 0.000000e+00 -1.261757e+04 0.000000e+00 0.000000e+00 
2.939401e+16 0.000000e+00 1.000000e+01 1.878169e+04 1.868629e-12 1.005105e+16 0.000000e+00 -1.341660e+04 0.000000e+00 0.000000e+00 -1.341660e+04 0.000000e+00 0.000000e+00 
3.125543e+16 0.000000e+00 1.000000e+01 1.878169e+04 1.704210e-12 1.102076e+16 0.000000e+00 -1.426623e+04 0.000000e+00 0.000000e+00 -1.426623e+04 0.000000e+00 0.000000e+00 
3.323473e+16 0.000000e+00 1.000000e+01 1.878169e+04 1.554258e-12 1.208403e+16 0.000000e+00 -1.516966e+04 0.000000e+00 0.000000e+00 -1.516966e+04 0.000000e+00 0.000000e+00 
3.533937e+16 0.000000e+00 1.000000e+01 1.878169e+04 1.417500e-12 1.324987e+16 0.000000e+00 -1.613030e+04 0.000000e+00 0.000000e+00 -1.613030e+04 0.000000e+00 0.000000e+00 
3.757729e+16 0.000000e+00 1.000000e+01 1.878169e+04 1.292776e-12 1.452819e+16 0.000000e+00 -1.715178e+04 0.000000e+00 0.000000e+00 -1.715178e+04 0.000000e+00 0.000000e+00 
3.995693e+16 0.000000e+00 1.000000e+01 1.878169e+04 1.179025e-12 1.592985e+16 0.000000e+00 -1.823794e+04 0.000000e+00 0.000000e+00 -1.823794e+04 0.000000e+00 0.000000e+00 
4.248727e+16 0.000000e+00 1.000000e+01 1.878169e+04 1.075284e-12 1.746673e+16 0.000000e+00 -1.939289e+04 0.000000e+00 0.000000e+00 -1.939289e+04 0.000000e+00 0.000000e+00 
4.517784e+16 0.000000e+00 1.000000e+01 1.878169e+04 9.806705e-13 1.915189e+16 0.000000e+00 -2.062097e+04 0.000000e+00 0.000000e+00 -2.062097e+04 0.000000e+00 0.000000e+00 
4.803880e+16 0.000000e+00 1.000000e+01 1.878169e+04 8.943822e-13 2.099963e+16 0.000000e+00 -2.192683e+04 0.000000e+00 0.000000e+00 -2.192683e+04 0.000000e+00 0.000000e+00 
5.108093e+16 0.000000e+00 1.000000e+01 1.878169e+04 8.156862e-13 2.302564e+16 0.000000e+00 -2.331538e+04 0.000000e+00 0.000000e+00 -2.331538e+04 0.000000e+00 0.000000e+00 
5.431571e+16 0.000000e+00 1.000000e+01 1.878169e+04 7.439147e-13 2.524711e+16 0.000000e+00 -2.479186e+04 0.000000e+00 0.000000e+00 -2.479186e+04 0.000000e+00 0.000000e+00 
5.775534e+16 0.000000e+00 1.000000e+01 1.878169e+04 6.784582e-13 2.768290e+16 0.000000e+00 -2.636185e+04 0.000000e+00 0.000000e+00 -2.636185e+04 0.000000e+00 0.000000e+00 
6.141279e+16 0.000000e+00 1.000000e+01 1.878169e+04 6.187613e-13 3.035370e+16 0.000000e+00 -2.803125e+04 0.000000e+00 0.000000e+00 -2.803125e+04 0.000000e+00 0.000000e+00 
6.530185e+16 0.000000e+00 1.000000e+01 1.878169e+04 5.643170e-13 3.328217e+16 0.000000e+00 -2.980638e+04 0.000000e+00 0.000000e+00 -2.980638e+04 0.000000e+00 0.000000e+00 
6.943719e+16 0.000000e+00 1.000000e+01 1.878169e+04 5.146632e-13 3.649317e+16 0.000000e+00 -3.169391e+04 0.000000e+00 0.000000e+00 -3.169391e+04 0.000000e+00 0.000000e+00 
7.383441e+16 0.000000e+00 1.000000e+01 1.878169e+04 4.693784e-13 4.001397e+16 0.000000e+00 -3.370098e+04 0.000000e+00 0.000000e+00 -3.370098e+04 0.000000e+00 0.000000e+00 
7.851009e+16 0.000000e+00 1.000000e+01 1.878169e+04 4.280782e-13 4.387444e+16 0.000000e+00 -3.583515e+04 0.000000e+00 0.000000e+00 -3.583515e+04 0.000000e+00 0.000000e+00 
8.348187e+16 0.000000e+00 1.000000e+01 1.878169e+04 3.904120e-13 4.810737e+16 0.000000e+00 -3.810446e+04 0.000000e+00 0.000000e+00 -3.810446e+04 0.000000e+00 0.000000e+00 
8.876849e+16 0.000000e+00 1.000000e+01 1.878169e+04 3.560599e-13 5.274868e+16 0.000000e+00 -4.051749e+04 0.000000e+00 0.000000e+00 -4.051749e+04 0.000000e+00 0.000000e+00 
9.438989e+16 0.000000e+00 1.000000e+01 1.878169e+04 3.247305e-13 5.783778e+16 0.000000e+00 -4.308332e+04 0.000000e+00 0.000000e+00 -4.308332e+04 0.000000e+00 0.000000e+00 
1.003673e+17 0.000000e+00 1.000000e+01 1.878169e+04 2.961578e-13 6.341787e+16 0.000000e+00 -4.581164e+04 0.000000e+00 0.000000e+00 -4.581164e+04 0.000000e+00 0.000000e+00 
1.067232e+17 0.000000e+00 1.000000e+01 1.878169e+04 2.700991e-13 6.953631e+16 0.000000e+00 -4.871273e+04 0.000000e+00 0.000000e+00 -4.871273e+04 0.000000e+00 0.000000e+00 
1.134816e+17 0.000000e+00 1.000000e+01 1.878169e+04 2.463333e-13 7.624504e+16 0.000000e+00 -5.179755e+04 0.000000e+00 0.000000e+00 -5.179755e+04 0.000000e+00 0.000000e+00 
1.206680e+17 0.000000e+00 1.000000e+01 1.878169e+04 2.246586e-13 8.360103e+16 0.000000e+00 -5.507771e+04 0.000000e+00 0.000000e+00 -5.507771e+04 0.000000e+00 0.000000e+00 
1.283095e+17 0.000000e+00 1.000000e+01 1.878169e+04 2.048911e-13 9.166670e+16 0.000000e+00 -5.856559e+04 0.000000e+00 0.000000e+00 -5.856559e+04 0.000000e+00 0.000000e+00 
1.364349e+17 0.000000e+00 1.000000e+01 1.878169e+04 1.868629e-13 1.005105e+17 0.000000e+00 -6.227435e+04 0.000000e+00 0.000000e+00 -6.227435e+04 0.000000e+00 0.000000e+00 
1.450749e+17 0.000000e+00 1.000000e+01 1.878169e+04 1.704210e-13 1.102076e+17 0.000000e+00 -6.621797e+04 0.000000e+00 0.000000e+00 -6.621797e+04 0.000000e+00 0.000000e+00 
