time(s)          = 1.356948e+13
time(solar year) = 4.300000e+05
star mass (g)    = 2.300187e+33
star mass (Msun) = 1.156803e+00
total mass (g)   = 2.524538e+33
mdot (g/s)       = 1.281457e+09
mdot (Msun/yr)   = 2.033739e-17
1.542620e+13 5.847533e-07 1.480393e+02 7.226421e+04 2.044980e-07 3.533737e+11 3.000000e-04 -2.100134e+01 -2.100134e+01 -6.140708e+03 3.683683e-12 1.220515e-315 1.195188e+03 
1.640308e+13 1.241937e-06 1.441944e+02 7.131961e+04 1.865044e-07 3.824018e+11 3.000000e-04 -1.616035e+01 -1.616035e+01 -9.831526e+03 1.641237e-11 1.856819e-315 1.930836e+03 
1.744183e+13 2.726933e-06 1.404494e+02 7.038736e+04 1.700940e-07 4.138144e+11 3.000000e-04 -1.523929e+01 -1.523929e+01 -9.237654e+03 4.722645e-11 2.877673e-315 1.814150e+03 
1.854637e+13 5.651646e-06 1.368016e+02 6.946729e+04 1.551276e-07 4.478075e+11 3.000000e-04 -1.478898e+01 -1.478898e+01 -8.857795e+03 1.191117e-10 3.943115e-315 1.739376e+03 
1.972084e+13 1.151519e-05 1.332486e+02 6.855925e+04 1.414780e-07 4.845929e+11 3.000000e-04 -1.452055e+01 -1.452055e+01 -8.648650e+03 2.814135e-10 5.412343e-315 1.698227e+03 
2.096970e+13 2.311707e-05 1.297879e+02 6.766309e+04 1.290295e-07 5.244001e+11 3.000000e-04 -1.429048e+01 -1.429048e+01 -8.467897e+03 6.415308e-10 6.656357e-315 1.662662e+03 
2.229764e+13 4.580112e-05 1.264170e+02 6.677863e+04 1.176763e-07 5.674773e+11 3.000000e-04 -1.407066e+01 -1.407066e+01 -8.295775e+03 1.428978e-09 8.056961e-315 1.628796e+03 
2.370967e+13 8.957714e-05 1.231337e+02 6.590574e+04 1.073221e-07 6.140930e+11 3.000000e-04 -1.385194e+01 -1.385194e+01 -8.124304e+03 3.127867e-09 9.527231e-315 1.595058e+03 
2.521112e+13 1.729414e-04 1.199357e+02 6.504426e+04 9.787890e-08 6.645381e+11 3.000000e-04 -1.363184e+01 -1.363184e+01 -7.951499e+03 6.745468e-09 1.134481e-314 1.561057e+03 
2.680766e+13 3.295664e-04 1.168207e+02 6.419403e+04 8.926661e-08 7.191270e+11 3.000000e-04 -1.340937e+01 -1.340937e+01 -7.776571e+03 1.434908e-08 1.340153e-314 1.526638e+03 
2.850529e+13 6.198351e-04 1.137866e+02 6.335492e+04 8.141212e-08 7.782002e+11 3.000000e-04 -1.318406e+01 -1.318406e+01 -7.599118e+03 3.012319e-08 1.561032e-314 1.491722e+03 
3.031043e+13 1.150366e-03 1.108314e+02 6.252678e+04 7.424873e-08 8.421259e+11 3.000000e-04 -1.295549e+01 -1.295549e+01 -7.418824e+03 6.241933e-08 1.785075e-314 1.456247e+03 
3.222989e+13 2.106456e-03 1.079529e+02 6.170947e+04 6.771565e-08 9.113029e+11 3.000000e-04 -1.272330e+01 -1.272330e+01 -7.235396e+03 1.276693e-07 2.023283e-314 1.420154e+03 
3.427090e+13 3.804934e-03 1.051491e+02 6.090284e+04 6.175741e-08 9.861624e+11 3.000000e-04 -1.248713e+01 -1.248713e+01 -7.048536e+03 2.577359e-07 2.284416e-314 1.383386e+03 
3.644116e+13 6.778514e-03 1.024182e+02 6.010675e+04 5.632343e-08 1.067171e+12 3.000000e-04 -1.224660e+01 -1.224660e+01 -6.857941e+03 5.134938e-07 2.600107e-314 1.345883e+03 
3.874885e+13 1.190750e-02 9.975815e+01 5.932107e+04 5.136757e-08 1.154835e+12 3.000000e-04 -1.200133e+01 -1.200133e+01 -6.663299e+03 1.009498e-06 2.946217e-314 1.307583e+03 
4.120268e+13 2.062069e-02 9.716723e+01 5.854565e+04 4.684778e-08 1.249700e+12 3.000000e-04 -1.175094e+01 -1.175094e+01 -6.464297e+03 1.958003e-06 3.304026e-314 1.268424e+03 
4.381191e+13 3.519426e-02 9.464360e+01 5.778038e+04 4.272569e-08 1.352357e+12 3.000000e-04 -1.149505e+01 -1.149505e+01 -6.260611e+03 3.746105e-06 3.715549e-314 1.228344e+03 
4.658637e+13 5.918446e-02 9.218552e+01 5.702510e+04 3.896629e-08 1.463447e+12 3.000000e-04 -1.123329e+01 -1.123330e+01 -6.051934e+03 7.068362e-06 4.166865e-314 1.187281e+03 
4.953652e+13 9.803560e-02 8.979127e+01 5.627970e+04 3.553768e-08 1.583663e+12 3.000000e-04 -1.096528e+01 -1.096530e+01 -5.837934e+03 1.315036e-05 4.700799e-314 1.145170e+03 
5.267350e+13 1.599058e-01 8.745921e+01 5.554405e+04 3.241075e-08 1.713754e+12 3.000000e-04 -1.069074e+01 -1.069076e+01 -5.618348e+03 2.411783e-05 5.292982e-314 1.101959e+03 
5.600913e+13 2.567484e-01 8.518772e+01 5.481801e+04 2.955896e-08 1.854531e+12 3.000000e-04 -1.040923e+01 -1.040928e+01 -5.392822e+03 4.359314e-05 5.960626e-314 1.057579e+03 
5.955600e+13 4.056597e-01 8.297522e+01 5.410146e+04 2.695809e-08 2.006873e+12 3.000000e-04 -1.012070e+01 -1.012078e+01 -5.161224e+03 7.763725e-05 6.741867e-314 1.012004e+03 
6.332747e+13 6.304862e-01 8.082018e+01 5.339427e+04 2.458608e-08 2.171728e+12 3.000000e-04 -9.824626e+00 -9.824762e+00 -4.923166e+03 1.362024e-04 7.659270e-273 9.651569e+02 
6.733779e+13 9.635681e-01 7.872112e+01 5.269633e+04 2.242277e-08 2.350125e+12 3.000000e-04 -9.521087e+00 -9.521323e+00 -4.678595e+03 2.353148e-04 1.577348e-227 9.170275e+02 
7.160206e+13 1.447516e+00 7.667657e+01 5.200751e+04 2.044982e-08 2.543177e+12 3.000000e-04 -9.210748e+00 -9.211148e+00 -4.427950e+03 4.002682e-04 3.605825e-187 8.677021e+02 
7.613637e+13 2.136767e+00 7.468513e+01 5.132770e+04 1.865048e-08 2.752085e+12 3.000000e-04 -8.889578e+00 -8.890249e+00 -4.168531e+03 6.701694e-04 2.778093e-151 8.166499e+02 
8.095782e+13 3.097537e+00 7.274540e+01 5.065677e+04 1.700946e-08 2.978153e+12 3.000000e-04 -8.573122e+00 -8.574226e+00 -3.910347e+03 1.104144e-03 1.817211e-119 7.658375e+02 
8.608461e+13 4.412198e+00 7.085606e+01 4.999462e+04 1.551285e-08 3.222788e+12 3.000000e-04 -8.217984e+00 -8.219774e+00 -3.626171e+03 1.789920e-03 2.246654e-91 7.099164e+02 
9.153605e+13 6.157353e+00 6.901578e+01 4.934111e+04 1.414793e-08 3.487514e+12 3.000000e-04 -7.932717e+00 -7.935571e+00 -3.382960e+03 2.853522e-03 1.203713e-66 6.620380e+02 
9.733271e+13 8.471457e+00 6.722330e+01 4.869615e+04 1.290314e-08 3.773977e+12 3.000000e-04 -7.485321e+00 -7.489798e+00 -3.041433e+03 4.476138e-03 2.883130e-45 5.948515e+02 
1.034965e+14 1.132593e+01 6.547737e+01 4.805962e+04 1.176790e-08 4.083958e+12 3.000000e-04 -7.233929e+00 -7.240828e+00 -2.802729e+03 6.898711e-03 2.556711e-26 5.478317e+02 
1.100505e+14 1.502659e+01 6.377679e+01 4.743142e+04 1.073259e-08 4.419381e+12 3.000000e-04 -6.899239e+00 -6.909697e+00 -2.551494e+03 1.045740e-02 5.339315e-11 4.984130e+02 
1.170197e+14 1.947537e+01 6.212038e+01 4.681142e+04 9.788425e-09 4.782324e+12 3.000000e-04 -5.453127e+00 -5.333933e+00 -1.417686e+03 1.560015e-02 9.532756e-03 2.751929e+02 
1.244301e+14 2.248735e+01 6.050699e+01 4.619953e+04 8.927380e-09 5.175038e+12 3.000000e-04 -9.459952e+00 -4.137702e+00 -3.208869e+02 2.255750e-02 2.510600e+00 4.784131e+01 
1.323098e+14 2.506284e+01 5.893550e+01 4.559563e+04 8.142136e-09 5.599960e+12 3.000000e-04 -8.936242e+00 -4.067688e+00 -1.721321e+02 3.140009e-02 6.831845e+00 1.797479e+01 
1.406886e+14 2.836492e+01 5.740483e+01 4.499963e+04 7.426028e-09 6.059718e+12 3.000000e-04 -1.102102e+01 -4.091855e+00 -2.171531e+02 4.252260e-02 9.117829e+00 2.168080e+01 
1.495979e+14 3.180034e+01 5.591391e+01 4.441142e+04 6.772979e-09 6.557147e+12 3.000000e-04 -1.001841e+01 -4.099430e+00 -1.868710e+02 5.649084e-02 1.064918e+01 1.784616e+01 
1.590714e+14 3.584068e+01 5.446171e+01 4.383090e+04 6.177450e-09 7.095306e+12 3.000000e-04 -1.072545e+01 -4.131487e+00 -2.114819e+02 7.396497e-02 1.119548e+01 2.134095e+01 
1.691449e+14 4.030429e+01 5.304723e+01 4.325797e+04 5.634388e-09 7.677492e+12 3.000000e-04 -9.263983e+00 -4.112451e+00 -1.817937e+02 9.579666e-02 1.107074e+01 1.910999e+01 
1.798562e+14 4.524908e+01 5.166948e+01 4.269252e+04 5.139187e-09 8.307253e+12 3.000000e-04 -9.127728e+00 -4.154287e+00 -1.951489e+02 1.229800e-01 1.024067e+01 2.251546e+01 
1.912459e+14 5.095864e+01 5.032752e+01 4.213447e+04 4.687648e-09 8.988404e+12 3.000000e-04 -7.115580e+00 -4.097923e+00 -1.542912e+02 1.567933e-01 8.437831e+00 1.919448e+01 
2.033569e+14 5.691818e+01 4.902041e+01 4.158371e+04 4.275941e-09 9.725043e+12 3.000000e-04 -6.564852e+00 -4.155412e+00 -1.611290e+02 1.986976e-01 6.735874e+00 2.205376e+01 
2.162348e+14 6.413310e+01 4.774725e+01 4.104015e+04 3.900579e-09 1.052155e+13 3.000000e-04 -3.904171e+00 -4.010324e+00 -7.534886e+01 2.505929e-01 8.633432e-01 1.085956e+01 
2.299282e+14 7.088035e+01 4.650716e+01 4.050370e+04 3.558375e-09 1.138264e+13 3.000000e-04 -3.095764e+00 -3.410246e+00 3.954498e+02 3.144825e-01 2.045426e-41 -8.136097e+01 
2.444887e+14 7.529575e+01 4.529928e+01 3.997425e+04 3.246396e-09 1.231342e+13 3.000000e-04 -2.511439e+00 -2.902753e+00 8.614637e+02 3.913132e-01 1.998901e-44 -1.730489e+02 
2.599714e+14 7.862966e+01 4.412276e+01 3.945173e+04 2.961964e-09 1.331945e+13 3.000000e-04 -2.134078e+00 -2.615774e+00 1.116383e+03 4.816959e-01 1.322564e-46 -2.231425e+02 
2.764344e+14 8.100436e+01 4.297680e+01 3.893604e+04 2.702641e-09 1.440666e+13 3.000000e-04 -1.790030e+00 -2.376678e+00 1.329219e+03 5.866488e-01 2.082182e-48 -2.649344e+02 
2.939401e+14 8.247372e+01 4.186061e+01 3.842709e+04 2.466208e-09 1.558145e+13 3.000000e-04 -1.462049e+00 -2.169248e+00 1.515682e+03 7.071986e-01 4.530865e-50 -3.015181e+02 
3.125543e+14 8.312120e+01 4.077340e+01 3.792479e+04 2.250638e-09 1.685069e+13 3.000000e-04 -1.133542e+00 -1.977899e+00 1.686660e+03 8.443569e-01 1.066815e-51 -3.350333e+02 
3.323473e+14 8.295267e+01 3.971444e+01 3.742906e+04 2.054083e-09 1.822179e+13 3.000000e-04 -8.031261e-01 -1.802206e+00 1.846275e+03 9.990794e-01 2.195995e-53 -3.662945e+02 
3.533937e+14 8.208087e+01 3.868297e+01 3.693981e+04 1.874857e-09 1.970273e+13 3.000000e-04 -4.658023e-01 -1.638067e+00 1.994143e+03 1.172264e+00 2.810736e-55 -3.952210e+02 
3.757729e+14 8.053512e+01 3.767830e+01 3.645695e+04 1.711425e-09 2.130211e+13 3.000000e-04 -1.228649e-01 -1.487615e+00 2.132514e+03 1.364750e+00 0.000000e+00 -4.222599e+02 
3.995693e+14 7.845592e+01 3.669971e+01 3.598041e+04 1.562383e-09 2.302919e+13 3.000000e-04 2.278215e-01 -1.349508e+00 2.258433e+03 1.577329e+00 0.000000e+00 -4.468240e+02 
4.248727e+14 7.589585e+01 3.574655e+01 3.551009e+04 1.426455e-09 2.489394e+13 3.000000e-04 5.893187e-01 -1.221446e+00 2.377111e+03 1.810765e+00 0.000000e+00 -4.699422e+02 
4.517784e+14 7.297273e+01 3.481814e+01 3.504592e+04 1.302477e-09 2.690714e+13 3.000000e-04 9.631330e-01 -1.102654e+00 2.486501e+03 2.065787e+00 0.000000e+00 -4.912078e+02 
4.803880e+14 6.974498e+01 3.391384e+01 3.458782e+04 1.189388e-09 2.908036e+13 3.000000e-04 1.351184e+00 -9.919223e-01 2.589897e+03 2.343107e+00 0.000000e+00 -5.112715e+02 
5.108093e+14 6.631055e+01 3.303303e+01 3.413571e+04 1.086221e-09 3.142611e+13 3.000000e-04 1.753566e+00 -8.898541e-01 2.685000e+03 2.643420e+00 0.000000e+00 -5.296781e+02 
5.431571e+14 6.272978e+01 3.217509e+01 3.368951e+04 9.920975e-10 3.395786e+13 3.000000e-04 2.173233e+00 -7.941995e-01 2.774846e+03 2.967432e+00 0.000000e+00 -5.470258e+02 
5.775534e+14 5.907174e+01 3.133944e+01 3.324914e+04 9.062145e-10 3.669014e+13 3.000000e-04 2.609647e+00 -7.062030e-01 2.857888e+03 3.315850e+00 0.000000e+00 -5.630092e+02 
6.141279e+14 5.539353e+01 3.052549e+01 3.281452e+04 8.278422e-10 3.963862e+13 3.000000e-04 3.066424e+00 -6.229893e-01 2.936331e+03 3.689413e+00 0.000000e+00 -5.780615e+02 
6.530185e+14 5.173464e+01 2.973268e+01 3.238559e+04 7.563158e-10 4.282019e+13 3.000000e-04 3.542572e+00 -5.463121e-01 3.009656e+03 4.088884e+00 0.000000e+00 -5.920811e+02 
6.943719e+14 4.814697e+01 2.896047e+01 3.196226e+04 6.910299e-10 4.625308e+13 3.000000e-04 4.042520e+00 -4.725535e-01 3.079140e+03 4.515073e+00 0.000000e+00 -6.053161e+02 
7.383441e+14 4.464249e+01 2.820830e+01 3.154447e+04 6.314329e-10 4.995696e+13 3.000001e-04 4.565103e+00 -4.037248e-01 3.145726e+03 4.968828e+00 0.000000e+00 -6.179550e+02 
7.851009e+14 4.126744e+01 2.747568e+01 3.113214e+04 5.770229e-10 5.395303e+13 3.000007e-04 5.116338e+00 -3.347167e-01 3.210105e+03 5.451055e+00 0.000000e+00 -6.301283e+02 
8.348187e+14 3.800795e+01 2.676208e+01 3.072520e+04 5.273424e-10 5.826423e+13 3.000033e-04 5.696133e+00 -2.665654e-01 3.276089e+03 5.962699e+00 0.000000e+00 -6.425910e+02 
8.876849e+14 3.490231e+01 2.606701e+01 3.032357e+04 4.819746e-10 6.291530e+13 3.000119e-04 6.316692e+00 -1.880593e-01 3.346792e+03 6.504751e+00 0.000000e+00 -6.559471e+02 
9.438989e+14 3.190281e+01 2.539000e+01 2.992720e+04 4.405394e-10 6.793308e+13 3.000284e-04 6.989325e+00 -8.886656e-02 3.437286e+03 7.078192e+00 0.000000e+00 -6.731687e+02 
1.003673e+15 2.901830e+01 2.473057e+01 2.953601e+04 4.026899e-10 7.334678e+13 3.000472e-04 7.763954e+00 8.003899e-02 3.575686e+03 7.683915e+00 0.000000e+00 -6.997697e+02 
1.067232e+15 2.610297e+01 2.408827e+01 2.914993e+04 3.681073e-10 7.918868e+13 3.000376e-04 8.736055e+00 4.136163e-01 3.848465e+03 8.322439e+00 0.000000e+00 -7.527696e+02 
1.134816e+15 2.300052e+01 2.346265e+01 2.876890e+04 3.364961e-10 8.549548e+13 3.000071e-04 1.012493e+01 1.131603e+00 4.421089e+03 8.993323e+00 0.000000e+00 -8.646993e+02 
1.206680e+15 1.929141e+01 2.285327e+01 2.839285e+04 3.075768e-10 9.231141e+13 3.000000e-04 1.228763e+01 2.593546e+00 5.614735e+03 9.694081e+00 0.000000e+00 -1.098787e+03 
1.283095e+15 1.468069e+01 2.225973e+01 2.802171e+04 2.810809e-10 9.969268e+13 3.000000e-04 1.514359e+01 4.724343e+00 7.476799e+03 1.041925e+01 0.000000e+00 -1.464568e+03 
1.364349e+15 9.981695e+00 2.168160e+01 2.765543e+04 2.567716e-10 1.077044e+14 3.000000e-04 1.826557e+01 7.101561e+00 9.626418e+03 1.116401e+01 0.000000e+00 -1.887148e+03 
1.450749e+15 6.066115e+00 2.111848e+01 2.729393e+04 2.344607e-10 1.164115e+14 3.000000e-04 2.147140e+01 9.542521e+00 1.188529e+04 1.192888e+01 0.000000e+00 -2.331403e+03 
1.542620e+15 3.314773e+00 2.056999e+01 2.693716e+04 2.140002e-10 1.258745e+14 3.000000e-04 2.470071e+01 1.198115e+01 1.418130e+04 1.271956e+01 0.000000e+00 -2.783050e+03 
1.640308e+15 1.641403e+00 2.003575e+01 2.658505e+04 1.952625e-10 1.361503e+14 3.000000e-04 2.793736e+01 1.439303e+01 1.648099e+04 1.354433e+01 0.000000e+00 -3.235412e+03 
1.744183e+15 7.420450e-01 1.951538e+01 2.623755e+04 1.781270e-10 1.472969e+14 3.000000e-04 3.119129e+01 1.677972e+01 1.877883e+04 1.441157e+01 0.000000e+00 -3.687349e+03 
1.854637e+15 3.083226e-01 1.900852e+01 2.589458e+04 1.624744e-10 1.593764e+14 3.000000e-04 3.447659e+01 1.914812e+01 2.107648e+04 1.532846e+01 0.000000e+00 -4.139165e+03 
1.972084e+15 1.184279e-01 1.851483e+01 2.555610e+04 1.481870e-10 1.724585e+14 3.000000e-04 3.780915e+01 2.150826e+01 2.338042e+04 1.630090e+01 0.000000e+00 -4.592137e+03 
2.096970e+15 4.226027e-02 1.803397e+01 2.522205e+04 1.351515e-10 1.866206e+14 3.000000e-04 4.120395e+01 2.387013e+01 2.569814e+04 1.733382e+01 0.000000e+00 -5.047750e+03 
2.229764e+15 1.406982e-02 1.756559e+01 2.489236e+04 1.232608e-10 2.019487e+14 3.000000e-04 4.467494e+01 2.624322e+01 2.803729e+04 1.843172e+01 0.000000e+00 -5.507514e+03 
2.370967e+15 4.386460e-03 1.710937e+01 2.456698e+04 1.124156e-10 2.185371e+14 3.000000e-04 4.823507e+01 2.863606e+01 3.040500e+04 1.959900e+01 0.000000e+00 -5.972836e+03 
2.521112e+15 1.284659e-03 1.666501e+01 2.424586e+04 1.025244e-10 2.364886e+14 3.000000e-04 5.189646e+01 3.105630e+01 3.280777e+04 2.084016e+01 0.000000e+00 -6.444998e+03 
2.680766e+15 3.544158e-04 1.623218e+01 2.392893e+04 9.350340e-11 2.559150e+14 3.000000e-04 5.567062e+01 3.351072e+01 3.525149e+04 2.215990e+01 0.000000e+00 -6.925155e+03 
2.850529e+15 9.233118e-05 1.581060e+01 2.361614e+04 8.527613e-11 2.769373e+14 3.000000e-04 5.956861e+01 3.600540e+01 3.774150e+04 2.356321e+01 0.000000e+00 -7.414352e+03 
3.031043e+15 2.276309e-05 1.539997e+01 2.330744e+04 7.777276e-11 2.996865e+14 3.000000e-04 6.360119e+01 3.854580e+01 4.028266e+04 2.505539e+01 0.000000e+00 -7.913545e+03 
3.222989e+15 5.321052e-06 1.500000e+01 2.300278e+04 7.092960e-11 3.243044e+14 3.000000e-04 6.777895e+01 4.113689e+01 4.287945e+04 2.664206e+01 0.000000e+00 -8.423609e+03 
3.427090e+15 1.181401e-06 1.461042e+01 2.270210e+04 6.468856e-11 3.509446e+14 3.000000e-04 7.211243e+01 4.378322e+01 4.553604e+04 2.832921e+01 0.000000e+00 -8.945359e+03 
3.644116e+15 2.495219e-07 1.423096e+01 2.240535e+04 5.899667e-11 3.797732e+14 3.000000e-04 7.661220e+01 4.648900e+01 4.825631e+04 3.012320e+01 0.000000e+00 -9.479553e+03 
3.874885e+15 5.020493e-08 1.386135e+01 2.211248e+04 5.380560e-11 4.109699e+14 3.000000e-04 8.128895e+01 4.925815e+01 5.104392e+04 3.203080e+01 0.000000e+00 -1.002690e+04 
4.120268e+15 9.635465e-09 1.350134e+01 2.182344e+04 4.907129e-11 4.447293e+14 3.000000e-04 8.615354e+01 5.209434e+01 5.390232e+04 3.405920e+01 0.000000e+00 -1.058809e+04 
4.381191e+15 1.766051e-09 1.315069e+01 2.153818e+04 4.475355e-11 4.812619e+14 3.000000e-04 9.121710e+01 5.500105e+01 5.683481e+04 3.621605e+01 0.000000e+00 -1.116375e+04 
4.658637e+15 3.094669e-10 1.280914e+01 2.125664e+04 4.081572e-11 5.207954e+14 3.000000e-04 9.649106e+01 5.798157e+01 5.984455e+04 3.850949e+01 0.000000e+00 -1.175449e+04 
4.953652e+15 5.189750e-11 1.247646e+01 2.097879e+04 3.722438e-11 5.635765e+14 3.000000e-04 1.019872e+02 6.103901e+01 6.293450e+04 4.094817e+01 0.000000e+00 -1.236089e+04 
5.267350e+15 8.337032e-12 1.215242e+01 2.070456e+04 3.394904e-11 6.098718e+14 3.000000e-04 1.077175e+02 6.417621e+01 6.610742e+04 4.354127e+01 0.000000e+00 -1.298350e+04 
5.600913e+15 1.284102e-12 1.183679e+01 2.043393e+04 3.096189e-11 6.599702e+14 3.000000e-04 1.136937e+02 6.739506e+01 6.936515e+04 4.629859e+01 0.000000e+00 -1.362265e+04 
5.955600e+15 1.898032e-13 1.152937e+01 2.016682e+04 2.823758e-11 7.141838e+14 3.000000e-04 1.199227e+02 7.069221e+01 7.270462e+04 4.923053e+01 0.000000e+00 -1.427773e+04 
6.332747e+15 2.696771e-14 1.122993e+01 1.990321e+04 2.575298e-11 7.728509e+14 3.000000e-04 1.263611e+02 7.401293e+01 7.606856e+04 5.234813e+01 0.000000e+00 -1.493745e+04 
6.733779e+15 3.681163e-15 1.093826e+01 1.964305e+04 2.348700e-11 8.363373e+14 3.000000e-04 1.331820e+02 7.751884e+01 7.962266e+04 5.566315e+01 0.000000e+00 -1.563445e+04 
7.160206e+15 4.832249e-16 1.065418e+01 1.938629e+04 2.142040e-11 9.050387e+14 3.000000e-04 1.402858e+02 8.109768e+01 8.325217e+04 5.918811e+01 0.000000e+00 -1.634610e+04 
7.613637e+15 6.103782e-17 1.037746e+01 1.913288e+04 1.953563e-11 9.793837e+14 3.000000e-04 1.477141e+02 8.477782e+01 8.698596e+04 6.293629e+01 0.000000e+00 -1.707807e+04 
8.095782e+15 7.423521e-18 1.010794e+01 1.888279e+04 1.781671e-11 1.059836e+15 3.000000e-04 1.554547e+02 8.853283e+01 9.081350e+04 6.692183e+01 0.000000e+00 -1.782829e+04 
8.608461e+15 8.695928e-19 1.000000e+01 1.878169e+04 1.624903e-11 1.155865e+15 3.000000e-04 1.635322e+02 9.237248e+01 9.549013e+04 7.115976e+01 0.000000e+00 -1.874632e+04 
9.153605e+15 9.997812e-20 1.000000e+01 1.878169e+04 1.481929e-11 1.267381e+15 3.000000e-04 1.733429e+02 9.767680e+01 1.009122e+05 7.566606e+01 0.000000e+00 -1.981023e+04 
9.733271e+15 7.723999e-21 1.000000e+01 1.878169e+04 1.351536e-11 1.389656e+15 0.000000e+00 8.045774e+01 0.000000e+00 0.000000e+00 8.045774e+01 0.000000e+00 0.000000e+00 
1.034965e+16 3.272847e-22 1.000000e+01 1.878169e+04 1.232615e-11 1.523727e+15 0.000000e+00 8.555285e+01 0.000000e+00 0.000000e+00 8.555285e+01 0.000000e+00 0.000000e+00 
1.100505e+16 1.278804e-23 1.000000e+01 1.878169e+04 1.124158e-11 1.670734e+15 0.000000e+00 9.097062e+01 0.000000e+00 0.000000e+00 9.097062e+01 0.000000e+00 0.000000e+00 
1.170197e+16 4.825148e-25 1.000000e+01 1.878169e+04 1.025245e-11 1.831923e+15 0.000000e+00 9.673147e+01 0.000000e+00 0.000000e+00 9.673147e+01 0.000000e+00 0.000000e+00 
1.244301e+16 1.822872e-26 1.000000e+01 1.878169e+04 9.350342e-12 2.008664e+15 0.000000e+00 1.028571e+02 0.000000e+00 0.000000e+00 1.028571e+02 0.000000e+00 0.000000e+00 
1.323098e+16 7.005110e-28 1.000000e+01 1.878169e+04 8.527613e-12 2.202456e+15 0.000000e+00 1.093707e+02 0.000000e+00 0.000000e+00 1.093707e+02 0.000000e+00 0.000000e+00 
1.406886e+16 2.743603e-29 1.000000e+01 1.878169e+04 7.777276e-12 2.414945e+15 0.000000e+00 1.162968e+02 0.000000e+00 0.000000e+00 1.162968e+02 0.000000e+00 0.000000e+00 
1.495979e+16 1.093148e-30 1.000000e+01 1.878169e+04 7.092960e-12 2.647935e+15 0.000000e+00 1.236615e+02 0.000000e+00 0.000000e+00 1.236615e+02 0.000000e+00 0.000000e+00 
1.590714e+16 4.427914e-32 1.000000e+01 1.878169e+04 6.468856e-12 2.903402e+15 0.000000e+00 1.314925e+02 0.000000e+00 0.000000e+00 1.314925e+02 0.000000e+00 0.000000e+00 
1.691449e+16 1.825775e-33 1.000000e+01 1.878169e+04 5.899667e-12 3.183518e+15 0.000000e+00 1.398195e+02 0.000000e+00 0.000000e+00 1.398195e+02 0.000000e+00 0.000000e+00 
1.798562e+16 7.688530e-35 1.000000e+01 1.878169e+04 5.380560e-12 3.490658e+15 0.000000e+00 1.486738e+02 0.000000e+00 0.000000e+00 1.486738e+02 0.000000e+00 0.000000e+00 
1.912459e+16 3.325108e-36 1.000000e+01 1.878169e+04 4.907129e-12 3.827430e+15 0.000000e+00 1.580888e+02 0.000000e+00 0.000000e+00 1.580888e+02 0.000000e+00 0.000000e+00 
2.033569e+16 1.488795e-37 1.000000e+01 1.878169e+04 4.475355e-12 4.196693e+15 0.000000e+00 1.681000e+02 0.000000e+00 0.000000e+00 1.681000e+02 0.000000e+00 0.000000e+00 
2.162348e+16 6.968392e-39 1.000000e+01 1.878169e+04 4.081572e-12 4.601583e+15 0.000000e+00 1.787452e+02 0.000000e+00 0.000000e+00 1.787452e+02 0.000000e+00 0.000000e+00 
2.299282e+16 3.439299e-40 1.000000e+01 1.878169e+04 3.722438e-12 5.045535e+15 0.000000e+00 1.900646e+02 0.000000e+00 0.000000e+00 1.900646e+02 0.000000e+00 0.000000e+00 
2.444887e+16 1.797031e-41 1.000000e+01 1.878169e+04 3.394904e-12 5.532319e+15 0.000000e+00 2.021007e+02 0.000000e+00 0.000000e+00 2.021007e+02 0.000000e+00 0.000000e+00 
2.599714e+16 9.905566e-43 1.000000e+01 1.878169e+04 3.096189e-12 6.066068e+15 0.000000e+00 2.148990e+02 0.000000e+00 0.000000e+00 2.148990e+02 0.000000e+00 0.000000e+00 
2.764344e+16 5.701106e-44 1.000000e+01 1.878169e+04 2.823758e-12 6.651311e+15 0.000000e+00 2.285079e+02 0.000000e+00 0.000000e+00 2.285079e+02 0.000000e+00 0.000000e+00 
2.939401e+16 3.379117e-45 1.000000e+01 1.878169e+04 2.575298e-12 7.293017e+15 0.000000e+00 2.429785e+02 0.000000e+00 0.000000e+00 2.429785e+02 0.000000e+00 0.000000e+00 
3.125543e+16 2.034747e-46 1.000000e+01 1.878169e+04 2.348700e-12 7.996634e+15 0.000000e+00 2.583655e+02 0.000000e+00 0.000000e+00 2.583655e+02 0.000000e+00 0.000000e+00 
3.323473e+16 1.230887e-47 1.000000e+01 1.878169e+04 2.142040e-12 8.768135e+15 0.000000e+00 2.747269e+02 0.000000e+00 0.000000e+00 2.747269e+02 0.000000e+00 0.000000e+00 
3.533937e+16 7.418996e-49 1.000000e+01 1.878169e+04 1.953563e-12 9.614069e+15 0.000000e+00 2.921244e+02 0.000000e+00 0.000000e+00 2.921244e+02 0.000000e+00 0.000000e+00 
3.757729e+16 4.430320e-50 1.000000e+01 1.878169e+04 1.781671e-12 1.054162e+16 0.000000e+00 3.106236e+02 0.000000e+00 0.000000e+00 3.106236e+02 0.000000e+00 0.000000e+00 
3.995693e+16 2.611442e-51 1.000000e+01 1.878169e+04 1.624903e-12 1.155865e+16 0.000000e+00 3.302943e+02 0.000000e+00 0.000000e+00 3.302943e+02 0.000000e+00 0.000000e+00 
4.248727e+16 1.515880e-52 1.000000e+01 1.878169e+04 1.481929e-12 1.267381e+16 0.000000e+00 3.512108e+02 0.000000e+00 0.000000e+00 3.512108e+02 0.000000e+00 0.000000e+00 
4.517784e+16 8.652994e-54 1.000000e+01 1.878169e+04 1.351536e-12 1.389656e+16 0.000000e+00 3.734517e+02 0.000000e+00 0.000000e+00 3.734517e+02 0.000000e+00 0.000000e+00 
4.803880e+16 4.853134e-55 1.000000e+01 1.878169e+04 1.232615e-12 1.523727e+16 0.000000e+00 3.971011e+02 0.000000e+00 0.000000e+00 3.971011e+02 0.000000e+00 0.000000e+00 
5.108093e+16 2.673231e-56 1.000000e+01 1.878169e+04 1.124158e-12 1.670734e+16 0.000000e+00 4.222482e+02 0.000000e+00 0.000000e+00 4.222482e+02 0.000000e+00 0.000000e+00 
5.431571e+16 1.445845e-57 1.000000e+01 1.878169e+04 1.025245e-12 1.831923e+16 0.000000e+00 4.489877e+02 0.000000e+00 0.000000e+00 4.489877e+02 0.000000e+00 0.000000e+00 
5.775534e+16 7.678218e-59 1.000000e+01 1.878169e+04 9.350342e-13 2.008664e+16 0.000000e+00 4.774206e+02 0.000000e+00 0.000000e+00 4.774206e+02 0.000000e+00 0.000000e+00 
6.141279e+16 4.003878e-60 1.000000e+01 1.878169e+04 8.527613e-13 2.202456e+16 0.000000e+00 5.076540e+02 0.000000e+00 0.000000e+00 5.076540e+02 0.000000e+00 0.000000e+00 
6.530185e+16 2.050407e-61 1.000000e+01 1.878169e+04 7.777276e-13 2.414945e+16 0.000000e+00 5.398020e+02 0.000000e+00 0.000000e+00 5.398020e+02 0.000000e+00 0.000000e+00 
6.943719e+16 1.031371e-62 1.000000e+01 1.878169e+04 7.092960e-13 2.647935e+16 0.000000e+00 5.739858e+02 0.000000e+00 0.000000e+00 5.739858e+02 0.000000e+00 0.000000e+00 
7.383441e+16 5.096748e-64 1.000000e+01 1.878169e+04 6.468856e-13 2.903402e+16 0.000000e+00 6.103343e+02 0.000000e+00 0.000000e+00 6.103343e+02 0.000000e+00 0.000000e+00 
7.851009e+16 2.474975e-65 1.000000e+01 1.878169e+04 5.899667e-13 3.183518e+16 0.000000e+00 6.489847e+02 0.000000e+00 0.000000e+00 6.489847e+02 0.000000e+00 0.000000e+00 
8.348187e+16 1.181267e-66 1.000000e+01 1.878169e+04 5.380560e-13 3.490658e+16 0.000000e+00 6.900827e+02 0.000000e+00 0.000000e+00 6.900827e+02 0.000000e+00 0.000000e+00 
8.876849e+16 5.542770e-68 1.000000e+01 1.878169e+04 4.907129e-13 3.827430e+16 0.000000e+00 7.337833e+02 0.000000e+00 0.000000e+00 7.337833e+02 0.000000e+00 0.000000e+00 
9.438989e+16 2.557470e-69 1.000000e+01 1.878169e+04 4.475355e-13 4.196693e+16 0.000000e+00 7.802512e+02 0.000000e+00 0.000000e+00 7.802512e+02 0.000000e+00 0.000000e+00 
1.003673e+17 1.160652e-70 1.000000e+01 1.878169e+04 4.081572e-13 4.601583e+16 0.000000e+00 8.296619e+02 0.000000e+00 0.000000e+00 8.296619e+02 0.000000e+00 0.000000e+00 
1.067232e+17 5.182074e-72 1.000000e+01 1.878169e+04 3.722438e-13 5.045535e+16 0.000000e+00 8.822015e+02 0.000000e+00 0.000000e+00 8.822015e+02 0.000000e+00 0.000000e+00 
1.134816e+17 2.276754e-73 1.000000e+01 1.878169e+04 3.394904e-13 5.532319e+16 0.000000e+00 9.380683e+02 0.000000e+00 0.000000e+00 9.380683e+02 0.000000e+00 0.000000e+00 
1.206680e+17 9.845522e-75 1.000000e+01 1.878169e+04 3.096189e-13 6.066068e+16 0.000000e+00 9.974730e+02 0.000000e+00 0.000000e+00 9.974730e+02 0.000000e+00 0.000000e+00 
1.283095e+17 4.191497e-76 1.000000e+01 1.878169e+04 2.823758e-13 6.651311e+16 0.000000e+00 1.060640e+03 0.000000e+00 0.000000e+00 1.060640e+03 0.000000e+00 0.000000e+00 
1.364349e+17 1.757127e-77 1.000000e+01 1.878169e+04 2.575298e-13 7.293017e+16 0.000000e+00 1.127806e+03 0.000000e+00 0.000000e+00 1.127806e+03 0.000000e+00 0.000000e+00 
1.450749e+17 7.604414e-79 1.000000e+01 1.878169e+04 2.348700e-13 7.996634e+16 0.000000e+00 1.199226e+03 0.000000e+00 0.000000e+00 1.199226e+03 0.000000e+00 0.000000e+00 
