time(s)          = 1.893416e+13
time(solar year) = 6.000000e+05
star mass (g)    = 2.397519e+33
star mass (Msun) = 1.205753e+00
total mass (g)   = 2.746420e+33
mdot (g/s)       = 3.020943e+18
mdot (Msun/yr)   = 4.794392e-08
1.542620e+13 6.375463e+02 1.480393e+02 7.226421e+04 2.087811e-07 3.461243e+11 1.000000e-02 -4.773673e+01 -4.995647e+01 6.792617e+02 3.933863e-04 2.885429e+01 -4.903638e+01 
1.640308e+13 6.353798e+02 1.441944e+02 7.131961e+04 1.904131e-07 3.745521e+11 1.000000e-02 -4.682565e+01 -4.894894e+01 1.452335e+03 1.266443e-03 2.717578e+01 -4.961113e+01 
1.744183e+13 6.322018e+02 1.404494e+02 7.038736e+04 1.736613e-07 4.053140e+11 1.000000e-02 -4.609358e+01 -4.807279e+01 1.484928e+03 2.272656e-03 2.553162e+01 -4.894811e+01 
1.854637e+13 6.275310e+02 1.368016e+02 6.946729e+04 1.583836e-07 4.386015e+11 1.000000e-02 -4.536411e+01 -4.723712e+01 1.518739e+03 3.425570e-03 2.429362e+01 -4.828833e+01 
1.972084e+13 6.219154e+02 1.332486e+02 6.855925e+04 1.444502e-07 4.746220e+11 1.000000e-02 -4.472893e+01 -4.650586e+01 1.548453e+03 4.739724e-03 2.309550e+01 -4.771490e+01 
2.096970e+13 6.151910e+02 1.297879e+02 6.766309e+04 1.317429e-07 5.135995e+11 1.000000e-02 -4.411451e+01 -4.580240e+01 1.578455e+03 6.230970e-03 2.193176e+01 -4.716270e+01 
2.229764e+13 6.076254e+02 1.264170e+02 6.677863e+04 1.201537e-07 5.557767e+11 1.000000e-02 -4.355458e+01 -4.516094e+01 1.606320e+03 7.916354e-03 2.081058e+01 -4.666079e+01 
2.370967e+13 5.992003e+02 1.231337e+02 6.590574e+04 1.095843e-07 6.014158e+11 1.000000e-02 -4.301683e+01 -4.454769e+01 1.633901e+03 9.814335e-03 1.973057e+01 -4.618041e+01 
2.521112e+13 5.900663e+02 1.199357e+02 6.504426e+04 9.994494e-08 6.508009e+11 1.000000e-02 -4.251290e+01 -4.397420e+01 1.660263e+03 1.194478e-02 1.869468e+01 -4.573141e+01 
2.680766e+13 5.802562e+02 1.168207e+02 6.419403e+04 9.115377e-08 7.042389e+11 1.000000e-02 -4.202763e+01 -4.342449e+01 1.686225e+03 1.432913e-02 1.770204e+01 -4.530019e+01 
2.850529e+13 5.698682e+02 1.137866e+02 6.335492e+04 8.313617e-08 7.620621e+11 1.000000e-02 -4.156430e+01 -4.290159e+01 1.711440e+03 1.699044e-02 1.675323e+01 -4.488939e+01 
3.031043e+13 5.589505e+02 1.108314e+02 6.252678e+04 7.582407e-08 8.246297e+11 1.000000e-02 -4.111520e+01 -4.239727e+01 1.736290e+03 1.995351e-02 1.584724e+01 -4.449199e+01 
3.222989e+13 5.475758e+02 1.079529e+02 6.170947e+04 6.915539e-08 8.923306e+11 1.000000e-02 -4.068052e+01 -4.191148e+01 1.760661e+03 2.324499e-02 1.498351e+01 -4.410801e+01 
3.427090e+13 5.357941e+02 1.051491e+02 6.090284e+04 6.307350e-08 9.655852e+11 1.000000e-02 -4.025592e+01 -4.143953e+01 1.784745e+03 2.689350e-02 1.416081e+01 -4.373346e+01 
3.644116e+13 5.236637e+02 1.024182e+02 6.010675e+04 5.752678e-08 1.044848e+12 1.000000e-02 -3.984056e+01 -4.098035e+01 1.808518e+03 3.092972e-02 1.337802e+01 -4.336745e+01 
3.874885e+13 5.112319e+02 9.975815e+01 5.932107e+04 5.246814e-08 1.130611e+12 1.000000e-02 -3.943170e+01 -4.053096e+01 1.832086e+03 3.538655e-02 1.263376e+01 -4.300747e+01 
4.120268e+13 4.985478e+02 9.716723e+01 5.854565e+04 4.785461e-08 1.223407e+12 1.000000e-02 -3.902821e+01 -4.009004e+01 1.855460e+03 4.029920e-02 1.192666e+01 -4.265239e+01 
4.381191e+13 4.856545e+02 9.464360e+01 5.778038e+04 4.364705e-08 1.323810e+12 1.000000e-02 -3.862817e+01 -3.965548e+01 1.878704e+03 4.570537e-02 1.125527e+01 -4.230043e+01 
4.658637e+13 4.725942e+02 9.218552e+01 5.702510e+04 3.980971e-08 1.432442e+12 1.000000e-02 -3.823040e+01 -3.922596e+01 1.901840e+03 5.164535e-02 1.061813e+01 -4.195045e+01 
4.953652e+13 4.594054e+02 8.979127e+01 5.627970e+04 3.631003e-08 1.549977e+12 1.000000e-02 -3.783340e+01 -3.879986e+01 1.924912e+03 5.816218e-02 1.001378e+01 -4.160105e+01 
5.267350e+13 4.461250e+02 8.745921e+01 5.554405e+04 3.311829e-08 1.677141e+12 1.000000e-02 -3.743602e+01 -3.837591e+01 1.947946e+03 6.530180e-02 9.440778e+00 -4.125114e+01 
5.600913e+13 4.327869e+02 8.518772e+01 5.481801e+04 3.020739e-08 1.814722e+12 1.000000e-02 -3.703700e+01 -3.795276e+01 1.970976e+03 7.311321e-02 8.897695e+00 -4.089950e+01 
5.955600e+13 4.194235e+02 8.297522e+01 5.410146e+04 2.755262e-08 1.963569e+12 1.000000e-02 -3.663522e+01 -3.752919e+01 1.994026e+03 8.164862e-02 8.383142e+00 -4.054508e+01 
6.332747e+13 4.060644e+02 8.082018e+01 5.339427e+04 2.513143e-08 2.124601e+12 1.000000e-02 -3.622950e+01 -3.710397e+01 2.017127e+03 9.096363e-02 7.895761e+00 -4.018676e+01 
6.733779e+13 3.927377e+02 7.872112e+01 5.269633e+04 2.292327e-08 2.298813e+12 1.000000e-02 -3.581873e+01 -3.667595e+01 2.040301e+03 1.011174e-01 7.434240e+00 -3.982349e+01 
7.160206e+13 3.794695e+02 7.667657e+01 5.200751e+04 2.090940e-08 2.487279e+12 1.000000e-02 -3.540178e+01 -3.624393e+01 2.063577e+03 1.121728e-01 6.997308e+00 -3.945417e+01 
7.613637e+13 3.662838e+02 7.468513e+01 5.132770e+04 1.907271e-08 2.691159e+12 1.000000e-02 -3.497751e+01 -3.580675e+01 2.086977e+03 1.241966e-01 6.583740e+00 -3.907773e+01 
8.095782e+13 3.532032e+02 7.274540e+01 5.065677e+04 1.739762e-08 2.911707e+12 1.000000e-02 -3.454476e+01 -3.536323e+01 2.110529e+03 1.372596e-01 6.192359e+00 -3.869305e+01 
8.608461e+13 3.402483e+02 7.085606e+01 4.999462e+04 1.586990e-08 3.150280e+12 1.000000e-02 -3.410234e+01 -3.491218e+01 2.134256e+03 1.514371e-01 5.822033e+00 -3.829900e+01 
9.153605e+13 3.274384e+02 6.901578e+01 4.934111e+04 1.447657e-08 3.408343e+12 1.000000e-02 -3.364903e+01 -3.445237e+01 2.158184e+03 1.668086e-01 5.471676e+00 -3.789442e+01 
9.733271e+13 3.147910e+02 6.722330e+01 4.869615e+04 1.320582e-08 3.687477e+12 1.000000e-02 -3.318356e+01 -3.398254e+01 2.182340e+03 1.834584e-01 5.140250e+00 -3.747807e+01 
1.034965e+14 3.023222e+02 6.547737e+01 4.805962e+04 1.204685e-08 3.989393e+12 1.000000e-02 -3.270461e+01 -3.350139e+01 2.206752e+03 2.014756e-01 4.826760e+00 -3.704872e+01 
1.100505e+14 2.900467e+02 6.377679e+01 4.743142e+04 1.098983e-08 4.315938e+12 1.000000e-02 -3.221079e+01 -3.300756e+01 2.231445e+03 2.209544e-01 4.530258e+00 -3.660501e+01 
1.170197e+14 2.779780e+02 6.212038e+01 4.681142e+04 1.002578e-08 4.669107e+12 1.000000e-02 -3.170068e+01 -3.249966e+01 2.256451e+03 2.419941e-01 4.249837e+00 -3.614559e+01 
1.244301e+14 2.661280e+02 6.050699e+01 4.619953e+04 9.146515e-09 5.051052e+12 1.000000e-02 -3.117273e+01 -3.197618e+01 2.281799e+03 2.646997e-01 3.984637e+00 -3.566898e+01 
1.323098e+14 2.545076e+02 5.893550e+01 4.559563e+04 8.344579e-09 5.464102e+12 1.000000e-02 -3.062541e+01 -3.143563e+01 2.307522e+03 2.891814e-01 3.733837e+00 -3.517369e+01 
1.406886e+14 2.431266e+02 5.740483e+01 4.499963e+04 7.613163e-09 5.910767e+12 1.000000e-02 -3.005692e+01 -3.087629e+01 2.333653e+03 3.155557e-01 3.496664e+00 -3.465802e+01 
1.495979e+14 2.319936e+02 5.591391e+01 4.441142e+04 6.946059e-09 6.393758e+12 1.000000e-02 -2.946564e+01 -3.029660e+01 2.360229e+03 3.439448e-01 3.272382e+00 -3.412040e+01 
1.590714e+14 2.211162e+02 5.446171e+01 4.383090e+04 6.337605e-09 6.916003e+12 1.000000e-02 -2.884947e+01 -2.969454e+01 2.387288e+03 3.744771e-01 3.060304e+00 -3.355883e+01 
1.691449e+14 2.105010e+02 5.304723e+01 4.325797e+04 5.782639e-09 7.480661e+12 1.000000e-02 -2.820673e+01 -2.906850e+01 2.414868e+03 4.072875e-01 2.859783e+00 -3.297170e+01 
1.798562e+14 2.001538e+02 5.166948e+01 4.269252e+04 5.276452e-09 8.091141e+12 1.000000e-02 -2.753485e+01 -2.841602e+01 2.443017e+03 4.425174e-01 2.670220e+00 -3.235653e+01 
1.912459e+14 1.900793e+02 5.032752e+01 4.213447e+04 4.814750e-09 8.751122e+12 1.000000e-02 -2.683225e+01 -2.773561e+01 2.471777e+03 4.803151e-01 2.491050e+00 -3.171183e+01 
2.033569e+14 1.802819e+02 4.902041e+01 4.158371e+04 4.393617e-09 9.464574e+12 1.000000e-02 -2.609562e+01 -2.702406e+01 2.501201e+03 5.208356e-01 2.321765e+00 -3.103438e+01 
2.162348e+14 1.707643e+02 4.774725e+01 4.104015e+04 4.009480e-09 1.023578e+13 1.000000e-02 -2.532374e+01 -2.628032e+01 2.531339e+03 5.642411e-01 2.161876e+00 -3.032310e+01 
2.299282e+14 1.615301e+02 4.650716e+01 4.050370e+04 3.659083e-09 1.106936e+13 1.000000e-02 -2.451207e+01 -2.549993e+01 2.562253e+03 6.107012e-01 2.010950e+00 -2.957354e+01 
2.444887e+14 1.525798e+02 4.529928e+01 3.997425e+04 3.339455e-09 1.197029e+13 1.000000e-02 -2.366034e+01 -2.468282e+01 2.594000e+03 6.603930e-01 1.868557e+00 -2.878555e+01 
2.599714e+14 1.439169e+02 4.412276e+01 3.945173e+04 3.047887e-09 1.294396e+13 1.000000e-02 -2.276194e+01 -2.382246e+01 2.626650e+03 7.135012e-01 1.734328e+00 -2.795266e+01 
2.764344e+14 1.355394e+02 4.297680e+01 3.893604e+04 2.781908e-09 1.399616e+13 1.000000e-02 -2.181846e+01 -2.292067e+01 2.660275e+03 7.702185e-01 1.607863e+00 -2.707661e+01 
2.939401e+14 1.274512e+02 4.186061e+01 3.842709e+04 2.539266e-09 1.513315e+13 1.000000e-02 -2.081996e+01 -2.196762e+01 2.694948e+03 8.307457e-01 1.488846e+00 -2.614760e+01 
3.125543e+14 1.196475e+02 4.077340e+01 3.792479e+04 2.317905e-09 1.636167e+13 1.000000e-02 -1.977128e+01 -2.096839e+01 2.730770e+03 8.952923e-01 1.376888e+00 -2.517065e+01 
3.323473e+14 1.121336e+02 3.971444e+01 3.742906e+04 2.115951e-09 1.768900e+13 1.000000e-02 -1.865744e+01 -1.990808e+01 2.767799e+03 9.640762e-01 1.271724e+00 -2.413094e+01 
3.533937e+14 1.049010e+02 3.868297e+01 3.693981e+04 1.931697e-09 1.912298e+13 1.000000e-02 -1.748812e+01 -1.879672e+01 2.806200e+03 1.037325e+00 1.172966e+00 -2.303843e+01 
3.757729e+14 9.795740e+01 3.767830e+01 3.645695e+04 1.763583e-09 2.067209e+13 1.000000e-02 -1.624177e+01 -1.761276e+01 2.845969e+03 1.115275e+00 1.080392e+00 -2.187160e+01 
3.995693e+14 9.129018e+01 3.669971e+01 3.598041e+04 1.610189e-09 2.234545e+13 1.000000e-02 -1.493361e+01 -1.637184e+01 2.887415e+03 1.198173e+00 9.935958e-01 -2.064625e+01 
4.248727e+14 8.490976e+01 3.574655e+01 3.551009e+04 1.470219e-09 2.415292e+13 1.000000e-02 -1.353604e+01 -1.504631e+01 2.930361e+03 1.286277e+00 9.123904e-01 -1.933443e+01 
4.517784e+14 7.879955e+01 3.481814e+01 3.504592e+04 1.342491e-09 2.610514e+13 1.000000e-02 -1.206643e+01 -1.365403e+01 2.975428e+03 1.379856e+00 8.363444e-01 -1.795477e+01 
4.803880e+14 7.297221e+01 3.391384e+01 3.458782e+04 1.225928e-09 2.821359e+13 1.000000e-02 -1.049865e+01 -1.216884e+01 3.022046e+03 1.479190e+00 7.652847e-01 -1.648000e+01 
5.108093e+14 6.740897e+01 3.303303e+01 3.413571e+04 1.119547e-09 3.049065e+13 1.000000e-02 -8.837586e+00 -1.059600e+01 3.071445e+03 1.584575e+00 6.987666e-01 -1.491743e+01 
5.431571e+14 6.212123e+01 3.217509e+01 3.368951e+04 1.022452e-09 3.294973e+13 1.000000e-02 -7.083206e+00 -8.935741e+00 3.122300e+03 1.696319e+00 6.365846e-01 -1.326445e+01 
5.775534e+14 5.709398e+01 3.133944e+01 3.324914e+04 9.338260e-10 3.560528e+13 1.000000e-02 -5.188355e+00 -7.140793e+00 3.176887e+03 1.814747e+00 5.783735e-01 -1.147840e+01 
6.141279e+14 5.232858e+01 3.052549e+01 3.281452e+04 8.529247e-10 3.847294e+13 1.000000e-02 -3.238061e+00 -5.297340e+00 3.232671e+03 1.940202e+00 5.238929e-01 -9.639304e+00 
6.530185e+14 4.782626e+01 2.973268e+01 3.238559e+04 7.790690e-10 4.156960e+13 1.000000e-02 -1.048507e+00 -3.220222e+00 3.293382e+03 2.073044e+00 4.731473e-01 -7.570736e+00 
6.943719e+14 4.356167e+01 2.896047e+01 3.196226e+04 7.116394e-10 4.491356e+13 1.000000e-02 1.094142e+00 -1.198579e+00 3.355063e+03 2.213658e+00 4.246710e-01 -5.551193e+00 
7.383441e+14 3.957363e+01 2.820830e+01 3.154447e+04 6.500718e-10 4.852459e+13 1.000000e-02 3.225689e+00 8.033253e-01 3.413639e+03 2.362451e+00 3.788062e-01 -3.536850e+00 
7.851009e+14 3.583103e+01 2.747568e+01 3.113214e+04 5.938519e-10 5.242408e+13 1.000000e-02 5.592333e+00 3.033085e+00 3.479374e+03 2.519863e+00 3.363436e-01 -1.301696e+00 
8.348187e+14 3.233678e+01 2.676208e+01 3.072520e+04 5.425107e-10 5.663519e+13 1.000000e-02 8.049482e+00 5.344191e+00 3.546624e+03 2.686358e+00 2.981747e-01 1.021045e+00 
8.876849e+14 2.908014e+01 2.606701e+01 3.032357e+04 4.956208e-10 6.118301e+13 1.000000e-02 1.069915e+01 7.839106e+00 3.618733e+03 2.862438e+00 2.641353e-01 3.526832e+00 
9.438989e+14 2.605316e+01 2.539000e+01 2.992720e+04 4.527925e-10 6.609473e+13 1.000000e-02 1.350615e+01 1.048181e+01 3.694825e+03 3.048638e+00 2.328259e-01 6.181945e+00 
1.003673e+15 2.324956e+01 2.473057e+01 2.953601e+04 4.136705e-10 7.139985e+13 1.000000e-02 1.650012e+01 1.330151e+01 3.775350e+03 3.245537e+00 2.041481e-01 9.015136e+00 
1.067232e+15 2.065969e+01 2.408827e+01 2.914993e+04 3.779308e-10 7.713033e+13 1.000000e-02 1.969413e+01 1.631057e+01 3.861107e+03 3.453757e+00 1.779856e-01 1.203786e+01 
1.134816e+15 1.827689e+01 2.346265e+01 2.876890e+04 3.452784e-10 8.332088e+13 1.000000e-02 2.309422e+01 1.951425e+01 3.951858e+03 3.673972e+00 1.542451e-01 1.525663e+01 
1.206680e+15 1.609190e+01 2.285327e+01 2.839285e+04 3.154439e-10 9.000917e+13 1.000000e-02 2.672663e+01 2.293805e+01 4.048644e+03 3.906909e+00 1.328024e-01 1.869561e+01 
1.283095e+15 1.409696e+01 2.225973e+01 2.802171e+04 2.881822e-10 9.723609e+13 1.000000e-02 3.059735e+01 2.658696e+01 4.151395e+03 4.153358e+00 1.135416e-01 2.236088e+01 
1.364349e+15 1.228311e+01 2.168160e+01 2.765543e+04 2.632695e-10 1.050461e+14 1.000000e-02 3.473232e+01 3.048600e+01 4.260970e+03 4.414174e+00 9.633911e-02 2.627667e+01 
1.450749e+15 1.064181e+01 2.111848e+01 2.729393e+04 2.405020e-10 1.134873e+14 1.000000e-02 3.914414e+01 3.464663e+01 4.377615e+03 4.690282e+00 8.107801e-02 3.045508e+01 
1.542620e+15 9.164021e+00 2.056999e+01 2.693716e+04 2.196938e-10 1.226123e+14 1.000000e-02 4.385659e+01 3.909146e+01 4.502021e+03 4.982687e+00 6.764116e-02 3.491850e+01 
1.640308e+15 7.840711e+00 2.003575e+01 2.658505e+04 2.006754e-10 1.324779e+14 1.000000e-02 4.888834e+01 4.383784e+01 4.634660e+03 5.292477e+00 5.591135e-02 3.968461e+01 
1.744183e+15 6.662629e+00 1.951538e+01 2.623755e+04 1.832923e-10 1.431459e+14 1.000000e-02 5.426267e+01 4.890770e+01 4.776164e+03 5.620828e+00 4.576742e-02 4.477547e+01 
1.854637e+15 5.620424e+00 1.900852e+01 2.589458e+04 1.674036e-10 1.546835e+14 1.000000e-02 6.000223e+01 5.432221e+01 4.927129e+03 5.969010e+00 3.708334e-02 5.021252e+01 
1.972084e+15 4.704648e+00 1.851483e+01 2.555610e+04 1.528808e-10 1.671636e+14 1.000000e-02 6.613138e+01 6.010418e+01 5.088198e+03 6.338394e+00 2.972843e-02 5.601884e+01 
2.096970e+15 3.905800e+00 1.803397e+01 2.522205e+04 1.396065e-10 1.806653e+14 1.000000e-02 7.267524e+01 6.627709e+01 5.260032e+03 6.730455e+00 2.356898e-02 6.221822e+01 
2.229764e+15 3.214377e+00 1.756559e+01 2.489236e+04 1.274739e-10 1.952742e+14 1.000000e-02 7.965972e+01 7.286512e+01 5.443311e+03 7.146774e+00 1.847083e-02 6.883524e+01 
2.370967e+15 2.620930e+00 1.710937e+01 2.456698e+04 1.163852e-10 2.110834e+14 1.000000e-02 8.711161e+01 7.989321e+01 5.638734e+03 7.589047e+00 1.430216e-02 7.589528e+01 
2.521112e+15 2.116134e+00 1.666501e+01 2.424586e+04 1.062512e-10 2.281936e+14 1.000000e-02 9.505818e+01 8.738671e+01 5.847013e+03 8.059084e+00 1.093626e-02 8.342421e+01 
2.680766e+15 1.690854e+00 1.623218e+01 2.392893e+04 9.699057e-11 2.467140e+14 1.000000e-02 1.035273e+02 9.537148e+01 6.068875e+03 8.558812e+00 8.253909e-03 9.144845e+01 
2.850529e+15 1.336227e+00 1.581060e+01 2.361614e+04 8.852876e-11 2.667624e+14 1.000000e-02 1.125472e+02 1.038736e+02 6.305057e+03 9.090281e+00 6.145149e-03 9.999476e+01 
3.031043e+15 1.043736e+00 1.539997e+01 2.330744e+04 8.079775e-11 2.884665e+14 1.000000e-02 1.221464e+02 1.129192e+02 6.556303e+03 9.655660e+00 4.510596e-03 1.090901e+02 
3.222989e+15 8.052943e-01 1.500000e+01 2.300278e+04 7.373529e-11 3.119644e+14 1.000000e-02 1.323535e+02 1.225347e+02 6.823364e+03 1.025725e+01 3.262118e-03 1.187617e+02 
3.427090e+15 6.133083e-01 1.461042e+01 2.270210e+04 6.728442e-11 3.374051e+14 1.000000e-02 1.431972e+02 1.327463e+02 7.106999e+03 1.089747e+01 2.323029e-03 1.290367e+02 
3.644116e+15 4.607472e-01 1.423096e+01 2.240535e+04 6.139301e-11 3.649496e+14 1.000000e-02 1.547060e+02 1.435799e+02 7.407968e+03 1.157888e+01 1.627851e-03 1.399421e+02 
3.874885e+15 3.411913e-01 1.386135e+01 2.211248e+04 5.601331e-11 3.947719e+14 1.000000e-02 1.669085e+02 1.550614e+02 7.727037e+03 1.230417e+01 1.121727e-03 1.515049e+02 
4.120268e+15 2.488684e-01 1.350134e+01 2.182344e+04 5.110160e-11 4.270599e+14 1.000000e-02 1.798329e+02 1.672161e+02 8.064975e+03 1.307619e+01 7.595804e-04 1.637519e+02 
4.381191e+15 1.786727e-01 1.315069e+01 2.153818e+04 4.661779e-11 4.620163e+14 1.000000e-02 1.935072e+02 1.800692e+02 8.422554e+03 1.389792e+01 5.050912e-04 1.767094e+02 
4.658637e+15 1.261648e-01 1.280914e+01 2.125664e+04 4.252517e-11 4.998602e+14 1.000000e-02 2.079591e+02 1.936451e+02 8.800545e+03 1.477251e+01 3.295852e-04 1.904037e+02 
4.953652e+15 8.755525e-02 1.247646e+01 2.097879e+04 3.879009e-11 5.408285e+14 1.000000e-02 2.232155e+02 2.079676e+02 9.199719e+03 1.570330e+01 2.108907e-04 2.048601e+02 
5.267350e+15 5.967058e-02 1.215242e+01 2.070456e+04 3.538172e-11 5.851768e+14 1.000000e-02 2.393030e+02 2.230598e+02 9.620835e+03 1.669379e+01 1.322296e-04 2.201037e+02 
5.600913e+15 3.990633e-02 1.183679e+01 2.043393e+04 3.227182e-11 6.331817e+14 1.000000e-02 2.562455e+02 2.389420e+02 1.006462e+04 1.774770e+01 8.118438e-05 2.361569e+02 
5.955600e+15 2.616988e-02 1.152937e+01 2.016682e+04 2.943451e-11 6.851422e+14 1.000000e-02 2.740666e+02 2.556339e+02 1.053173e+04 1.886899e+01 4.877380e-05 2.530421e+02 
6.332747e+15 1.681557e-02 1.122993e+01 1.990321e+04 2.684610e-11 7.413819e+14 1.000000e-02 2.927728e+02 2.731381e+02 1.102261e+04 2.006184e+01 2.865280e-05 2.707648e+02 
6.733779e+15 1.058008e-02 1.093826e+01 1.964305e+04 2.448493e-11 8.022506e+14 1.000000e-02 3.123817e+02 2.914677e+02 1.153731e+04 2.133070e+01 1.644965e-05 2.893427e+02 
7.160206e+15 6.513004e-03 1.065418e+01 1.938629e+04 2.233116e-11 8.681271e+14 1.000000e-02 3.327720e+02 3.104966e+02 1.207454e+04 2.268029e+01 9.221951e-06 3.086568e+02 
7.613637e+15 3.923306e-03 1.037746e+01 1.913288e+04 2.036667e-11 9.394214e+14 1.000000e-02 3.540293e+02 3.303058e+02 1.263078e+04 2.411567e+01 5.049690e-06 3.287999e+02 
8.095782e+15 2.307497e-03 1.010794e+01 1.888279e+04 1.857487e-11 1.016577e+15 1.000000e-02 3.748716e+02 3.496065e+02 1.323301e+04 2.564219e+01 2.695343e-06 3.484362e+02 
8.608461e+15 1.315974e-03 1.000000e+01 1.878169e+04 1.694063e-11 1.108678e+15 1.000000e-02 3.972430e+02 3.703393e+02 1.404797e+04 2.726558e+01 1.392844e-06 3.691765e+02 
9.153605e+15 7.296164e-04 1.000000e+01 1.878169e+04 1.545012e-11 1.215634e+15 1.000000e-02 4.267995e+02 3.981598e+02 1.504134e+04 2.899190e+01 6.987375e-07 3.967452e+02 
9.733271e+15 3.964985e-04 1.000000e+01 1.878169e+04 1.409073e-11 1.332911e+15 1.000000e-02 4.594449e+02 4.289605e+02 1.602742e+04 3.082766e+01 3.432637e-07 4.274173e+02 
1.034965e+16 2.113864e-04 1.000000e+01 1.878169e+04 1.285092e-11 1.461505e+15 1.000000e-02 4.934355e+02 4.609894e+02 1.705030e+04 3.277974e+01 1.653431e-07 4.593611e+02 
1.100505e+16 1.104962e-04 1.000000e+01 1.878169e+04 1.172020e-11 1.602507e+15 1.000000e-02 5.297208e+02 4.951893e+02 1.814098e+04 3.485548e+01 7.805226e-08 4.934640e+02 
1.170197e+16 5.663461e-05 1.000000e+01 1.878169e+04 1.068895e-11 1.757112e+15 1.000000e-02 5.680203e+02 5.312716e+02 1.928979e+04 3.706270e+01 3.611647e-08 5.294648e+02 
1.244301e+16 2.845741e-05 1.000000e+01 1.878169e+04 9.748447e-12 1.926634e+15 1.000000e-02 6.086194e+02 5.695137e+02 2.050567e+04 3.940972e+01 1.638014e-08 5.676311e+02 
1.323098e+16 1.401705e-05 1.000000e+01 1.878169e+04 8.890691e-12 2.112512e+15 1.000000e-02 6.515587e+02 6.099474e+02 2.178947e+04 4.190539e+01 7.282032e-09 6.080018e+02 
1.406886e+16 6.767337e-06 1.000000e+01 1.878169e+04 8.108408e-12 2.316323e+15 1.000000e-02 6.969961e+02 6.527213e+02 2.314590e+04 4.455910e+01 3.173426e-09 6.507254e+02 
1.495979e+16 3.202159e-06 1.000000e+01 1.878169e+04 7.394956e-12 2.539798e+15 1.000000e-02 7.450475e+02 6.979412e+02 2.457822e+04 4.738087e+01 1.355751e-09 6.959112e+02 
1.590714e+16 1.484896e-06 1.000000e+01 1.878169e+04 6.744281e-12 2.784833e+15 1.000000e-02 7.958567e+02 7.457405e+02 2.609059e+04 5.038133e+01 5.678673e-10 7.436948e+02 
1.691449e+16 6.747551e-07 1.000000e+01 1.878169e+04 6.150857e-12 3.053508e+15 1.000000e-02 8.495660e+02 7.962502e+02 2.768710e+04 5.357181e+01 2.332261e-10 7.942102e+02 
1.798562e+16 3.004448e-07 1.000000e+01 1.878169e+04 5.609648e-12 3.348105e+15 1.000000e-02 9.063290e+02 8.496119e+02 2.937214e+04 5.696433e+01 9.393447e-11 8.476023e+02 
1.912459e+16 1.310769e-07 1.000000e+01 1.878169e+04 5.116060e-12 3.671124e+15 1.000000e-02 9.663059e+02 9.059730e+02 3.115031e+04 6.057168e+01 3.710647e-11 9.040221e+02 
2.033569e+16 5.602839e-08 1.000000e+01 1.878169e+04 4.665902e-12 4.025308e+15 1.000000e-02 1.029666e+03 9.654892e+02 3.302645e+04 6.440748e+01 1.437853e-11 9.636291e+02 
2.162348e+16 2.346336e-08 1.000000e+01 1.878169e+04 4.255354e-12 4.413662e+15 1.000000e-02 1.096587e+03 1.028324e+03 3.500564e+04 6.848618e+01 5.466207e-12 1.026591e+03 
2.299282e+16 9.626202e-09 1.000000e+01 1.878169e+04 3.880929e-12 4.839484e+15 1.000000e-02 1.167257e+03 1.094650e+03 3.709324e+04 7.282318e+01 2.039065e-12 1.093085e+03 
2.444887e+16 3.868897e-09 1.000000e+01 1.878169e+04 3.539449e-12 5.306389e+15 1.000000e-02 1.241872e+03 1.164647e+03 3.929486e+04 7.743482e+01 7.464767e-13 1.163297e+03 
2.599714e+16 1.523259e-09 1.000000e+01 1.878169e+04 3.228016e-12 5.818340e+15 1.000000e-02 1.320642e+03 1.238506e+03 4.161643e+04 8.233850e+01 2.682286e-13 1.237422e+03 
2.764344e+16 5.874948e-10 1.000000e+01 1.878169e+04 2.943985e-12 6.379683e+15 1.000000e-02 1.403782e+03 1.316428e+03 4.406415e+04 8.755272e+01 9.461439e-14 1.315667e+03 
2.939401e+16 2.219569e-10 1.000000e+01 1.878169e+04 2.684947e-12 6.995183e+15 1.000000e-02 1.491525e+03 1.398621e+03 4.664455e+04 9.309713e+01 3.276615e-14 1.398249e+03 
3.125543e+16 8.214116e-11 1.000000e+01 1.878169e+04 2.448700e-12 7.670066e+15 1.000000e-02 1.584112e+03 1.485307e+03 4.936450e+04 9.899265e+01 1.114179e-14 1.485395e+03 
3.323473e+16 2.977659e-11 1.000000e+01 1.878169e+04 2.233241e-12 8.410060e+15 1.000000e-02 1.681797e+03 1.576719e+03 5.223123e+04 1.052615e+02 3.720329e-15 1.577346e+03 
3.533937e+16 1.057322e-11 1.000000e+01 1.878169e+04 2.036740e-12 9.221447e+15 1.000000e-02 1.784848e+03 1.673101e+03 5.525230e+04 1.119274e+02 1.219916e-15 1.674355e+03 
3.757729e+16 3.677527e-12 1.000000e+01 1.878169e+04 1.857529e-12 1.011112e+16 1.000000e-02 1.893547e+03 1.774709e+03 5.843569e+04 1.190153e+02 3.928392e-16 1.776687e+03 
3.995693e+16 1.252909e-12 1.000000e+01 1.878169e+04 1.694087e-12 1.108662e+16 1.000000e-02 2.008191e+03 1.881813e+03 6.178976e+04 1.265522e+02 1.242333e-16 1.884622e+03 
4.248727e+16 4.181185e-13 1.000000e+01 1.878169e+04 1.545025e-12 1.215624e+16 1.000000e-02 2.129090e+03 1.994696e+03 6.532332e+04 1.345663e+02 3.858246e-17 1.998453e+03 
4.517784e+16 1.366775e-13 1.000000e+01 1.878169e+04 1.409080e-12 1.332905e+16 1.000000e-02 2.256571e+03 2.113653e+03 6.904554e+04 1.430879e+02 1.176657e-17 2.118490e+03 
4.803880e+16 4.376400e-14 1.000000e+01 1.878169e+04 1.285096e-12 1.461501e+16 1.000000e-02 2.390978e+03 2.238997e+03 7.296606e+04 1.521492e+02 3.523602e-18 2.245055e+03 
5.108093e+16 1.372654e-14 1.000000e+01 1.878169e+04 1.172022e-12 1.602504e+16 1.000000e-02 2.532687e+03 2.371070e+03 7.709554e+04 1.617843e+02 1.036005e-18 2.378505e+03 
5.431571e+16 4.217310e-15 1.000000e+01 1.878169e+04 1.068896e-12 1.757111e+16 1.000000e-02 2.682066e+03 2.510203e+03 8.144427e+04 1.720295e+02 2.990402e-19 2.519187e+03 
5.775534e+16 1.269247e-15 1.000000e+01 1.878169e+04 9.748452e-13 1.926633e+16 1.000000e-02 2.839523e+03 2.656765e+03 8.602368e+04 1.829236e+02 8.472990e-20 2.667484e+03 
6.141279e+16 3.741970e-16 1.000000e+01 1.878169e+04 8.890694e-13 2.112512e+16 1.000000e-02 3.005473e+03 2.811131e+03 9.084542e+04 1.945075e+02 2.356275e-20 2.823791e+03 
6.530185e+16 1.080705e-16 1.000000e+01 1.878169e+04 8.108409e-13 2.316323e+16 1.000000e-02 3.180352e+03 2.973693e+03 9.592166e+04 2.068250e+02 6.430393e-21 2.988518e+03 
6.943719e+16 3.057598e-17 1.000000e+01 1.878169e+04 7.394957e-13 2.539798e+16 1.000000e-02 3.364590e+03 3.144833e+03 1.012644e+05 2.199225e+02 1.721912e-21 3.162070e+03 
7.383441e+16 8.475077e-18 1.000000e+01 1.878169e+04 6.744281e-13 2.784833e+16 1.000000e-02 3.558538e+03 3.324855e+03 1.068835e+05 2.338494e+02 4.523617e-22 3.344780e+03 
7.851009e+16 2.301886e-18 1.000000e+01 1.878169e+04 6.150857e-13 3.053508e+16 1.000000e-02 3.762196e+03 3.513704e+03 1.127768e+05 2.486583e+02 1.165811e-22 3.536651e+03 
8.348187e+16 6.126543e-19 1.000000e+01 1.878169e+04 5.609648e-13 3.348105e+16 1.000000e-02 3.976254e+03 3.712016e+03 1.189686e+05 2.644050e+02 2.945649e-23 3.738325e+03 
8.876849e+16 1.599811e-19 1.000000e+01 1.878169e+04 5.116060e-13 3.671124e+16 1.000000e-02 4.183673e+03 3.902691e+03 1.250644e+05 2.811488e+02 7.296065e-24 3.933552e+03 
9.438989e+16 4.243624e-20 1.000000e+01 1.878169e+04 4.665902e-13 4.025308e+16 1.000000e-02 4.645378e+03 4.346598e+03 1.347171e+05 2.989530e+02 1.804916e-24 4.375951e+03 
1.003673e+17 4.940545e-21 1.000000e+01 1.878169e+04 4.255354e-13 4.413662e+16 0.000000e+00 3.178847e+02 0.000000e+00 0.000000e+00 3.178847e+02 1.797068e-25 0.000000e+00 
1.067232e+17 4.757110e-23 1.000000e+01 1.878169e+04 3.880929e-13 4.839484e+16 0.000000e+00 3.380152e+02 0.000000e+00 0.000000e+00 3.380152e+02 0.000000e+00 0.000000e+00 
1.134816e+17 3.520597e-25 1.000000e+01 1.878169e+04 3.539449e-13 5.306389e+16 0.000000e+00 3.594206e+02 0.000000e+00 0.000000e+00 3.594206e+02 0.000000e+00 0.000000e+00 
1.206680e+17 2.252009e-27 1.000000e+01 1.878169e+04 3.228016e-13 5.818340e+16 0.000000e+00 3.821815e+02 0.000000e+00 0.000000e+00 3.821815e+02 0.000000e+00 0.000000e+00 
1.283095e+17 1.379752e-29 1.000000e+01 1.878169e+04 2.943985e-13 6.379683e+16 0.000000e+00 4.063837e+02 0.000000e+00 0.000000e+00 4.063837e+02 0.000000e+00 0.000000e+00 
1.364349e+17 8.644933e-32 1.000000e+01 1.878169e+04 2.684947e-13 6.995183e+16 0.000000e+00 4.321186e+02 0.000000e+00 0.000000e+00 4.321186e+02 0.000000e+00 0.000000e+00 
1.450749e+17 5.650169e-34 1.000000e+01 1.878169e+04 2.448700e-13 7.670066e+16 0.000000e+00 4.594832e+02 0.000000e+00 0.000000e+00 4.594832e+02 0.000000e+00 0.000000e+00 
