time(s)          = 1.356948e+13
time(solar year) = 4.300000e+05
star mass (g)    = 2.374760e+33
star mass (Msun) = 1.194307e+00
total mass (g)   = 2.808720e+33
mdot (g/s)       = 6.145944e+18
mdot (Msun/yr)   = 9.753927e-08
1.542620e+13 1.327293e+03 1.480393e+02 7.226421e+04 2.077892e-07 3.477766e+11 1.000000e-02 -4.696689e+01 -4.884228e+01 6.966628e+02 8.228912e-04 5.150288e+01 -4.830812e+01 
1.640308e+13 1.319614e+03 1.441944e+02 7.131961e+04 1.895111e-07 3.763346e+11 1.000000e-02 -4.611898e+01 -4.791709e+01 1.490805e+03 2.646947e-03 4.835300e+01 -4.899515e+01 
1.744183e+13 1.309944e+03 1.404494e+02 7.038736e+04 1.728415e-07 4.072364e+11 1.000000e-02 -4.541833e+01 -4.709545e+01 1.522182e+03 4.744527e-03 4.529187e+01 -4.836091e+01 
1.854637e+13 1.297450e+03 1.368016e+02 6.946729e+04 1.576387e-07 4.406740e+11 1.000000e-02 -4.471527e+01 -4.630483e+01 1.554689e+03 7.143031e-03 4.301004e+01 -4.772484e+01 
1.972084e+13 1.283111e+03 1.332486e+02 6.855925e+04 1.437738e-07 4.768551e+11 1.000000e-02 -4.408884e+01 -4.559912e+01 1.583789e+03 9.871840e-03 4.081140e+01 -4.715873e+01 
2.096970e+13 1.266647e+03 1.297879e+02 6.766309e+04 1.311289e-07 5.160045e+11 1.000000e-02 -4.347593e+01 -4.491290e+01 1.613252e+03 1.296288e-02 3.868614e+01 -4.660677e+01 
2.229764e+13 1.248544e+03 1.264170e+02 6.677863e+04 1.195967e-07 5.583653e+11 1.000000e-02 -4.290604e+01 -4.427602e+01 1.640965e+03 1.645039e-02 3.664544e+01 -4.609435e+01 
2.370967e+13 1.228778e+03 1.231337e+02 6.590574e+04 1.090793e-07 6.042004e+11 1.000000e-02 -4.235110e+01 -4.365931e+01 1.668540e+03 2.037138e-02 3.468600e+01 -4.559652e+01 
2.521112e+13 1.207631e+03 1.199357e+02 6.504426e+04 9.948736e-08 6.537941e+11 1.000000e-02 -4.182143e+01 -4.307301e+01 1.695147e+03 2.476553e-02 3.281123e+01 -4.512200e+01 
2.680766e+13 1.185169e+03 1.168207e+02 6.419403e+04 9.073952e-08 7.074540e+11 1.000000e-02 -4.130366e+01 -4.250314e+01 1.721508e+03 2.967554e-02 3.101882e+01 -4.465882e+01 
2.850529e+13 1.161581e+03 1.137866e+02 6.335492e+04 8.276146e-08 7.655124e+11 1.000000e-02 -4.080071e+01 -4.195244e+01 1.747311e+03 3.514718e-02 2.930870e+01 -4.420929e+01 
3.031043e+13 1.136963e+03 1.108314e+02 6.252678e+04 7.548544e-08 8.283290e+11 1.000000e-02 -4.030561e+01 -4.141355e+01 1.772897e+03 4.122953e-02 2.767849e+01 -4.376709e+01 
3.222989e+13 1.111455e+03 1.079529e+02 6.170947e+04 6.884969e-08 8.962927e+11 1.000000e-02 -3.981845e+01 -4.088640e+01 1.798160e+03 4.797514e-02 2.612651e+01 -4.333213e+01 
3.427090e+13 1.085159e+03 1.051491e+02 6.090284e+04 6.279785e-08 9.698236e+11 1.000000e-02 -3.933518e+01 -4.036667e+01 1.823276e+03 5.544020e-02 2.465016e+01 -4.290069e+01 
3.644116e+13 1.058191e+03 1.024182e+02 6.010675e+04 5.727855e-08 1.049376e+12 1.000000e-02 -3.885486e+01 -3.985329e+01 1.848222e+03 6.368475e-02 2.324702e+01 -4.247180e+01 
3.874885e+13 1.030644e+03 9.975815e+01 5.932107e+04 5.224491e-08 1.135442e+12 1.000000e-02 -3.837482e+01 -3.934341e+01 1.873098e+03 7.277288e-02 2.191433e+01 -4.204298e+01 
4.120268e+13 1.002620e+03 9.716723e+01 5.854565e+04 4.765421e-08 1.228552e+12 1.000000e-02 -3.789379e+01 -3.883565e+01 1.897914e+03 8.277292e-02 2.064940e+01 -4.161297e+01 
4.381191e+13 9.742050e+02 9.464360e+01 5.778038e+04 4.346745e-08 1.329279e+12 1.000000e-02 -3.740975e+01 -3.832789e+01 1.922733e+03 9.375761e-02 1.944942e+01 -4.117991e+01 
4.658637e+13 9.454863e+02 9.218552e+01 5.702510e+04 3.964909e-08 1.438245e+12 1.000000e-02 -3.692137e+01 -3.781870e+01 1.947577e+03 1.058044e-01 1.831164e+01 -4.074248e+01 
4.953652e+13 9.165432e+02 8.979127e+01 5.627970e+04 3.616670e-08 1.556119e+12 1.000000e-02 -3.642695e+01 -3.730634e+01 1.972491e+03 1.189955e-01 1.723333e+01 -4.029909e+01 
5.267350e+13 8.874525e+02 8.745921e+01 5.554405e+04 3.299072e-08 1.683627e+12 1.000000e-02 -3.592514e+01 -3.678940e+01 1.997502e+03 1.334183e-01 1.621180e+01 -3.984843e+01 
5.600913e+13 8.582853e+02 8.518772e+01 5.481801e+04 3.009417e-08 1.821549e+12 1.000000e-02 -3.541440e+01 -3.626632e+01 2.022646e+03 1.491654e-01 1.524443e+01 -3.938906e+01 
5.955600e+13 8.291095e+02 8.297522e+01 5.410146e+04 2.745247e-08 1.970732e+12 1.000000e-02 -3.489336e+01 -3.573572e+01 2.047950e+03 1.663349e-01 1.432868e+01 -3.891964e+01 
6.332747e+13 7.999887e+02 8.082018e+01 5.339427e+04 2.504318e-08 2.132089e+12 1.000000e-02 -3.436057e+01 -3.519613e+01 2.073447e+03 1.850306e-01 1.346208e+01 -3.843879e+01 
6.733779e+13 7.709828e+02 7.872112e+01 5.269633e+04 2.284584e-08 2.306605e+12 1.000000e-02 -3.381461e+01 -3.464618e+01 2.099163e+03 2.053622e-01 1.264225e+01 -3.794517e+01 
7.160206e+13 7.421481e+02 7.667657e+01 5.200751e+04 2.084180e-08 2.495346e+12 1.000000e-02 -3.325405e+01 -3.408443e+01 2.125129e+03 2.274457e-01 1.186690e+01 -3.743738e+01 
7.613637e+13 7.135375e+02 7.468513e+01 5.132770e+04 1.901404e-08 2.699463e+12 1.000000e-02 -3.267745e+01 -3.350949e+01 2.151372e+03 2.514030e-01 1.113385e+01 -3.691405e+01 
8.095782e+13 6.852002e+02 7.274540e+01 5.065677e+04 1.734705e-08 2.920195e+12 1.000000e-02 -3.208332e+01 -3.291994e+01 2.177920e+03 2.773628e-01 1.044097e+01 -3.637375e+01 
8.608461e+13 6.571827e+02 7.085606e+01 4.999462e+04 1.582667e-08 3.158883e+12 1.000000e-02 -3.147018e+01 -3.231435e+01 2.204803e+03 3.054606e-01 9.786274e+00 -3.581505e+01 
9.153605e+13 6.295281e+02 6.901578e+01 4.934111e+04 1.444000e-08 3.416975e+12 1.000000e-02 -3.083652e+01 -3.169128e+01 2.232047e+03 3.358386e-01 9.167821e+00 -3.523650e+01 
9.733271e+13 6.022764e+02 6.722330e+01 4.869615e+04 1.317526e-08 3.696030e+12 1.000000e-02 -3.018076e+01 -3.104926e+01 2.259683e+03 3.686461e-01 8.583781e+00 -3.463659e+01 
1.034965e+14 5.754651e+02 6.547737e+01 4.805962e+04 1.202172e-08 3.997734e+12 1.000000e-02 -2.950137e+01 -3.038684e+01 2.287739e+03 4.040396e-01 8.032403e+00 -3.401383e+01 
1.100505e+14 5.491286e+02 6.377679e+01 4.743142e+04 1.096958e-08 4.323903e+12 1.000000e-02 -2.879670e+01 -2.970247e+01 2.316245e+03 4.421831e-01 7.512026e+00 -3.336664e+01 
1.170197e+14 5.232988e+02 6.212038e+01 4.681142e+04 1.000993e-08 4.676499e+12 1.000000e-02 -2.806519e+01 -2.899473e+01 2.345229e+03 4.832481e-01 7.021067e+00 -3.269351e+01 
1.244301e+14 4.980052e+02 6.050699e+01 4.619953e+04 9.134609e-09 5.057636e+12 1.000000e-02 -2.730507e+01 -2.826197e+01 2.374723e+03 5.274139e-01 6.558029e+00 -3.199275e+01 
1.323098e+14 4.732744e+02 5.893550e+01 4.559563e+04 8.336200e-09 5.469594e+12 1.000000e-02 -2.651485e+01 -2.750284e+01 2.404756e+03 5.748676e-01 6.121489e+00 -3.126291e+01 
1.406886e+14 4.491313e+02 5.740483e+01 4.499963e+04 7.607929e-09 5.914833e+12 1.000000e-02 -2.569258e+01 -2.671555e+01 2.435359e+03 6.258043e-01 5.710114e+00 -3.050212e+01 
1.495979e+14 4.255978e+02 5.591391e+01 4.441142e+04 6.943617e-09 6.396006e+12 1.000000e-02 -2.483694e+01 -2.589893e+01 2.466563e+03 6.804273e-01 5.322637e+00 -2.970910e+01 
1.590714e+14 4.026945e+02 5.446171e+01 4.383090e+04 6.337634e-09 6.915972e+12 1.000000e-02 -2.394571e+01 -2.505095e+01 2.498399e+03 7.389483e-01 4.957890e+00 -2.888171e+01 
1.691449e+14 3.804385e+02 5.304723e+01 4.325797e+04 5.784842e-09 7.477813e+12 1.000000e-02 -2.301790e+01 -2.417080e+01 2.530898e+03 8.015875e-01 4.614766e+00 -2.801901e+01 
1.798562e+14 3.588469e+02 5.166948e+01 4.269252e+04 5.280556e-09 8.084853e+12 1.000000e-02 -2.205089e+01 -2.325604e+01 2.564091e+03 8.685739e-01 4.292263e+00 -2.711843e+01 
1.912459e+14 3.379318e+02 5.032752e+01 4.213447e+04 4.820505e-09 8.740675e+12 1.000000e-02 -2.104422e+01 -2.230646e+01 2.598011e+03 9.401454e-01 3.989412e+00 -2.617959e+01 
2.033569e+14 3.177076e+02 4.902041e+01 4.158371e+04 4.400793e-09 9.449141e+12 1.000000e-02 -1.999473e+01 -2.131908e+01 2.632685e+03 1.016549e+00 3.705321e+00 -2.519937e+01 
2.162348e+14 2.981812e+02 4.774725e+01 4.104015e+04 4.017867e-09 1.021441e+13 1.000000e-02 -1.890260e+01 -2.029434e+01 2.668154e+03 1.098042e+00 3.439002e+00 -2.417804e+01 
2.299282e+14 2.793643e+02 4.650716e+01 4.050370e+04 3.668488e-09 1.104098e+13 1.000000e-02 -1.776427e+01 -1.922886e+01 2.704429e+03 1.184891e+00 3.189357e+00 -2.311205e+01 
2.444887e+14 2.612590e+02 4.529928e+01 3.997425e+04 3.349701e-09 1.193368e+13 1.000000e-02 -1.658003e+01 -1.812314e+01 2.741584e+03 1.277372e+00 2.954858e+00 -2.200185e+01 
2.599714e+14 2.438740e+02 4.412276e+01 3.945173e+04 3.058813e-09 1.289773e+13 1.000000e-02 -1.534712e+01 -1.697455e+01 2.779587e+03 1.375775e+00 2.733601e+00 -2.084465e+01 
2.764344e+14 2.272075e+02 4.297680e+01 3.893604e+04 2.793367e-09 1.393875e+13 1.000000e-02 -1.406352e+01 -1.578121e+01 2.818583e+03 1.480400e+00 2.523380e+00 -1.963875e+01 
2.939401e+14 2.112630e+02 4.186061e+01 3.842709e+04 2.551124e-09 1.506281e+13 1.000000e-02 -1.273124e+01 -1.454531e+01 2.858449e+03 1.591558e+00 2.322712e+00 -1.838594e+01 
3.125543e+14 1.960384e+02 4.077340e+01 3.792479e+04 2.330042e-09 1.627644e+13 1.000000e-02 -1.133937e+01 -1.325625e+01 2.899463e+03 1.709576e+00 2.131825e+00 -1.707590e+01 
3.323473e+14 1.815273e+02 3.971444e+01 3.742906e+04 2.128258e-09 1.758671e+13 1.000000e-02 -9.903926e+00 -1.193072e+01 2.941341e+03 1.834794e+00 1.952207e+00 -1.572400e+01 
3.533937e+14 1.677339e+02 3.868297e+01 3.693981e+04 1.944074e-09 1.900123e+13 1.000000e-02 -8.391797e+00 -1.053567e+01 2.984566e+03 1.967570e+00 1.783991e+00 -1.429809e+01 
3.757729e+14 1.546327e+02 3.767830e+01 3.645695e+04 1.775944e-09 2.052822e+13 1.000002e-02 -6.848962e+00 -9.117939e+00 3.028733e+03 2.108275e+00 1.626326e+00 -1.284337e+01 
3.995693e+14 1.422451e+02 3.669971e+01 3.598041e+04 1.622454e-09 2.217653e+13 1.000008e-02 -5.201643e+00 -7.603454e+00 3.074433e+03 2.257305e+00 1.479897e+00 -1.128718e+01 
4.248727e+14 1.305136e+02 3.574655e+01 3.551009e+04 1.482320e-09 2.395576e+13 1.000022e-02 -3.541073e+00 -6.084817e+00 3.121494e+03 2.415073e+00 1.343708e+00 -9.720427e+00 
4.517784e+14 1.194887e+02 3.481814e+01 3.504592e+04 1.354367e-09 2.587624e+13 1.000051e-02 -1.747406e+00 -4.441405e+00 3.169833e+03 2.582015e+00 1.218150e+00 -8.023083e+00 
4.803880e+14 1.090752e+02 3.391384e+01 3.458782e+04 1.237526e-09 2.794917e+13 1.000097e-02 6.306945e-02 -2.791143e+00 3.220711e+03 2.758595e+00 1.101428e+00 -6.313950e+00 
5.108093e+14 9.935148e+01 3.303303e+01 3.413571e+04 1.130823e-09 3.018661e+13 1.000160e-02 1.813315e+00 -1.212002e+00 3.267587e+03 2.945305e+00 9.917723e-01 -4.657258e+00 
5.431571e+14 9.025375e+01 3.217509e+01 3.368951e+04 1.033369e-09 3.260163e+13 1.000226e-02 3.672789e+00 4.663245e-01 3.317843e+03 3.142669e+00 8.899819e-01 -2.898096e+00 
5.775534e+14 8.178936e+01 3.133944e+01 3.324914e+04 9.443541e-10 3.520834e+13 1.000280e-02 5.612973e+00 2.214481e+00 3.368537e+03 3.351249e+00 7.959205e-01 -1.059167e+00 
6.141279e+14 7.391032e+01 3.052549e+01 3.281452e+04 8.630403e-10 3.802200e+13 1.000300e-02 7.708112e+00 4.106621e+00 3.423269e+03 3.571642e+00 7.106708e-01 9.267813e-01 
6.530185e+14 6.660210e+01 2.973268e+01 3.238559e+04 7.887542e-10 4.105917e+13 1.000279e-02 9.935306e+00 6.119022e+00 3.480526e+03 3.804489e+00 6.342095e-01 3.039915e+00 
6.943719e+14 5.982751e+01 2.896047e+01 3.196226e+04 7.208818e-10 4.433773e+13 1.000221e-02 1.236175e+01 8.318843e+00 3.543008e+03 4.050476e+00 5.638493e-01 5.341890e+00 
7.383441e+14 5.356040e+01 2.820830e+01 3.154447e+04 6.588633e-10 4.787711e+13 1.000147e-02 1.499386e+01 1.071174e+01 3.610674e+03 4.310339e+00 4.991527e-01 7.839186e+00 
7.851009e+14 4.777013e+01 2.747568e+01 3.113214e+04 6.021881e-10 5.169836e+13 1.000078e-02 1.787972e+01 1.334527e+01 3.684995e+03 4.584874e+00 4.396706e-01 1.057694e+01 
8.348187e+14 4.243074e+01 2.676208e+01 3.072520e+04 5.503905e-10 5.582436e+13 1.000032e-02 2.104338e+01 1.624266e+01 3.766345e+03 4.874939e+00 3.850618e-01 1.357842e+01 
8.876849e+14 3.751780e+01 2.606701e+01 3.032357e+04 5.030457e-10 6.027995e+13 1.000009e-02 2.452054e+01 1.943875e+01 3.855508e+03 5.181466e+00 3.350493e-01 1.687777e+01 
9.438989e+14 3.300930e+01 2.539000e+01 2.992720e+04 4.597667e-10 6.509215e+13 1.000002e-02 2.834245e+01 2.296374e+01 3.953197e+03 5.505466e+00 2.894409e-01 2.050477e+01 
1.003673e+15 2.888460e+01 2.473057e+01 2.953601e+04 4.202002e-10 7.029033e+13 1.000000e-02 3.254359e+01 2.685096e+01 4.060377e+03 5.848041e+00 2.480982e-01 2.449197e+01 
1.067232e+15 2.512439e+01 2.408827e+01 2.914993e+04 3.840243e-10 7.590647e+13 1.000000e-02 3.715925e+01 3.113442e+01 4.178066e+03 6.210392e+00 2.108774e-01 2.887265e+01 
1.134816e+15 2.171045e+01 2.346265e+01 2.876890e+04 3.509456e-10 8.197538e+13 1.000000e-02 4.222549e+01 3.584866e+01 4.307294e+03 6.593830e+00 1.775772e-01 3.368076e+01 
1.206680e+15 1.862569e+01 2.285327e+01 2.839285e+04 3.206965e-10 8.853496e+13 1.000000e-02 4.777808e+01 4.102772e+01 4.449037e+03 6.999787e+00 1.479779e-01 3.895011e+01 
1.283095e+15 1.585376e+01 2.225973e+01 2.802171e+04 2.930330e-10 9.562647e+13 1.000000e-02 5.385280e+01 4.670538e+01 4.604276e+03 7.429821e+00 1.218812e-01 4.471447e+01 
1.364349e+15 1.337882e+01 2.168160e+01 2.765543e+04 2.677329e-10 1.032948e+14 1.000000e-02 6.048433e+01 5.291412e+01 4.773948e+03 7.885633e+00 9.911373e-02 5.100661e+01 
1.450749e+15 1.118513e+01 2.111848e+01 2.729393e+04 2.445935e-10 1.115889e+14 1.000000e-02 6.770692e+01 5.968584e+01 4.958991e+03 8.369069e+00 7.950288e-02 5.785889e+01 
1.542620e+15 9.256768e+00 2.056999e+01 2.693716e+04 2.234301e-10 1.205619e+14 1.000000e-02 7.555339e+01 6.705085e+01 5.160293e+03 8.882127e+00 6.285432e-02 6.530235e+01 
1.640308e+15 7.577336e+00 2.003575e+01 2.658505e+04 2.040743e-10 1.302715e+14 1.000000e-02 8.405573e+01 7.503853e+01 5.378729e+03 9.426966e+00 4.894102e-02 7.336724e+01 
1.744183e+15 6.129780e+00 1.951538e+01 2.623755e+04 1.863724e-10 1.407802e+14 1.000000e-02 9.324441e+01 8.367661e+01 5.615126e+03 1.000590e+01 3.750495e-02 8.208238e+01 
1.854637e+15 4.896283e+00 1.900852e+01 2.589458e+04 1.701843e-10 1.521561e+14 1.000000e-02 1.031488e+02 9.299161e+01 5.870283e+03 1.062142e+01 2.826628e-02 9.147557e+01 
1.972084e+15 3.858298e+00 1.851483e+01 2.555610e+04 1.553822e-10 1.644725e+14 1.000000e-02 1.137969e+02 1.030085e+02 6.144958e+03 1.127614e+01 2.093571e-02 1.015732e+02 
2.096970e+15 2.996683e+00 1.803397e+01 2.522205e+04 1.418491e-10 1.778090e+14 1.000000e-02 1.252155e+02 1.137510e+02 6.439880e+03 1.197288e+01 1.522667e-02 1.124007e+02 
2.229764e+15 2.291951e+00 1.756559e+01 2.489236e+04 1.294782e-10 1.922513e+14 1.000000e-02 1.374300e+02 1.252413e+02 6.755743e+03 1.271456e+01 1.086594e-02 1.239821e+02 
2.370967e+15 1.724609e+00 1.710937e+01 2.456698e+04 1.181719e-10 2.078920e+14 1.000000e-02 1.504648e+02 1.375006e+02 7.093214e+03 1.350430e+01 7.601696e-03 1.363406e+02 
2.521112e+15 1.275550e+00 1.666501e+01 2.424586e+04 1.078404e-10 2.248309e+14 1.000000e-02 1.643434e+02 1.505489e+02 7.452942e+03 1.434533e+01 5.209101e-03 1.494980e+02 
2.680766e+15 9.264599e-01 1.623218e+01 2.392893e+04 9.840179e-11 2.431757e+14 1.000000e-02 1.790881e+02 1.644051e+02 7.835555e+03 1.524104e+01 3.493409e-03 1.634757e+02 
2.850529e+15 6.602100e-01 1.581060e+01 2.361614e+04 8.978075e-11 2.630424e+14 1.000000e-02 1.947206e+02 1.790874e+02 8.241673e+03 1.619500e+01 2.290843e-03 1.782941e+02 
3.031043e+15 4.611811e-01 1.539997e+01 2.330744e+04 8.190814e-11 2.845559e+14 1.000000e-02 2.112621e+02 1.946132e+02 8.671913e+03 1.721090e+01 1.467670e-03 1.939731e+02 
3.222989e+15 3.155060e-01 1.500000e+01 2.300278e+04 7.472046e-11 3.078512e+14 1.000000e-02 2.287330e+02 2.109992e+02 9.126891e+03 1.829265e+01 9.178728e-04 2.105320e+02 
3.427090e+15 2.112079e-01 1.461042e+01 2.270210e+04 6.815939e-11 3.330737e+14 1.000000e-02 2.471539e+02 2.282621e+02 9.607230e+03 1.944432e+01 5.598871e-04 2.279900e+02 
3.644116e+15 1.382313e-01 1.423096e+01 2.240535e+04 6.217134e-11 3.603807e+14 1.000000e-02 2.665451e+02 2.464181e+02 1.011356e+04 2.067023e+01 3.328406e-04 2.463663e+02 
3.874885e+15 8.837576e-02 1.386135e+01 2.211248e+04 5.670711e-11 3.899420e+14 1.000000e-02 2.869272e+02 2.654835e+02 1.064653e+04 2.197492e+01 1.926898e-04 2.656802e+02 
4.120268e+15 5.514901e-02 1.350134e+01 2.182344e+04 5.172153e-11 4.219411e+14 1.000000e-02 3.083211e+02 2.854747e+02 1.120681e+04 2.336323e+01 1.085556e-04 2.859513e+02 
4.381191e+15 3.356437e-02 1.315069e+01 2.153818e+04 4.717316e-11 4.565769e+14 1.000000e-02 3.307486e+02 3.064085e+02 1.179506e+04 2.484028e+01 5.947333e-05 3.071999e+02 
4.658637e+15 1.990796e-02 1.280914e+01 2.125664e+04 4.302403e-11 4.940644e+14 1.000000e-02 3.542321e+02 3.283025e+02 1.241201e+04 2.641153e+01 3.166612e-05 3.294472e+02 
4.953652e+15 1.149919e-02 1.247646e+01 2.097879e+04 3.923935e-11 5.346365e+14 1.000000e-02 3.787953e+02 3.511748e+02 1.305838e+04 2.808280e+01 1.637653e-05 3.527154e+02 
5.267350e+15 6.463958e-03 1.215242e+01 2.070456e+04 3.578728e-11 5.785454e+14 1.000000e-02 4.044632e+02 3.750445e+02 1.373493e+04 2.986030e+01 8.222099e-06 3.770279e+02 
5.600913e+15 3.533740e-03 1.183679e+01 2.043393e+04 3.263871e-11 6.260641e+14 1.000000e-02 4.312621e+02 3.999316e+02 1.444242e+04 3.175065e+01 4.005775e-06 4.024096e+02 
5.955600e+15 1.877609e-03 1.152937e+01 2.016682e+04 2.976704e-11 6.774884e+14 1.000000e-02 4.592192e+02 4.258566e+02 1.518166e+04 3.376093e+01 1.893113e-06 4.288860e+02 
6.332747e+15 9.690711e-04 1.122993e+01 1.990321e+04 2.714796e-11 7.331385e+14 1.000000e-02 4.883599e+02 4.528378e+02 1.595338e+04 3.589864e+01 8.676227e-07 4.564812e+02 
6.733779e+15 4.855759e-04 1.093826e+01 1.964305e+04 2.475929e-11 7.933609e+14 1.000000e-02 5.187076e+02 4.808907e+02 1.675814e+04 3.817183e+01 3.855432e-07 4.852175e+02 
7.160206e+15 2.360938e-04 1.065418e+01 1.938629e+04 2.258077e-11 8.585310e+14 1.000000e-02 5.502266e+02 5.099714e+02 1.759561e+04 4.058903e+01 1.660928e-07 5.150596e+02 
7.613637e+15 1.113838e-04 1.037746e+01 1.913288e+04 2.059392e-11 9.290550e+14 1.000000e-02 5.829141e+02 5.400680e+02 1.846265e+04 4.315934e+01 6.939669e-08 5.460113e+02 
8.095782e+15 5.091401e-05 1.010794e+01 1.888279e+04 1.878188e-11 1.005373e+15 1.000000e-02 6.154977e+02 5.698983e+02 1.937414e+04 4.589244e+01 2.809708e-08 5.767703e+02 
8.608461e+15 2.245103e-05 1.000000e+01 1.878169e+04 1.712928e-11 1.096467e+15 1.000000e-02 6.500157e+02 6.014911e+02 2.054580e+04 4.879863e+01 1.098229e-08 6.089437e+02 
9.153605e+15 9.581245e-06 1.000000e+01 1.878169e+04 1.562209e-11 1.202252e+15 1.000000e-02 6.947493e+02 6.431205e+02 2.197872e+04 5.188888e+01 4.160242e-09 6.508103e+02 
9.733271e+15 3.988069e-06 1.000000e+01 1.878169e+04 1.424752e-11 1.318243e+15 1.000000e-02 7.443511e+02 6.894244e+02 2.342829e+04 5.517482e+01 1.540550e-09 6.975120e+02 
1.034965e+16 1.621151e-06 1.000000e+01 1.878169e+04 1.299389e-11 1.445425e+15 1.000000e-02 7.957344e+02 7.373024e+02 2.492604e+04 5.866885e+01 5.587936e-10 7.458988e+02 
1.100505e+16 6.433640e-07 1.000000e+01 1.878169e+04 1.185057e-11 1.584877e+15 1.000000e-02 8.503547e+02 7.881974e+02 2.651798e+04 6.238414e+01 1.985799e-10 7.973344e+02 
1.170197e+16 2.493366e-07 1.000000e+01 1.878169e+04 1.080785e-11 1.737783e+15 1.000000e-02 9.078323e+02 8.417155e+02 2.819143e+04 6.633472e+01 6.919441e-11 8.514643e+02 
1.244301e+16 9.436981e-08 1.000000e+01 1.878169e+04 9.856874e-12 1.905441e+15 1.000000e-02 9.685372e+02 8.982118e+02 2.995758e+04 7.053547e+01 2.365256e-11 9.086362e+02 
1.323098e+16 3.488655e-08 1.000000e+01 1.878169e+04 8.989576e-12 2.089275e+15 1.000000e-02 1.032551e+03 9.577525e+02 3.181843e+04 7.500224e+01 7.935621e-12 9.689281e+02 
1.406886e+16 1.259815e-08 1.000000e+01 1.878169e+04 8.198591e-12 2.290844e+15 1.000000e-02 1.100083e+03 1.020529e+03 3.377992e+04 7.975187e+01 2.614251e-12 1.032536e+03 
1.495979e+16 4.444579e-09 1.000000e+01 1.878169e+04 7.477204e-12 2.511861e+15 1.000000e-02 1.171303e+03 1.086694e+03 3.584680e+04 8.480228e+01 8.458668e-13 1.099622e+03 
1.590714e+16 1.532069e-09 1.000000e+01 1.878169e+04 6.819291e-12 2.754200e+15 1.000000e-02 1.246409e+03 1.156426e+03 3.802462e+04 9.017252e+01 2.688535e-13 1.170372e+03 
1.691449e+16 5.160589e-10 1.000000e+01 1.878169e+04 6.219267e-12 3.019921e+15 1.000000e-02 1.325603e+03 1.229907e+03 4.031900e+04 9.588284e+01 8.394745e-14 1.244977e+03 
1.798562e+16 1.698802e-10 1.000000e+01 1.878169e+04 5.672039e-12 3.311277e+15 1.000000e-02 1.409099e+03 1.307329e+03 4.273591e+04 1.019548e+02 2.574817e-14 1.323639e+03 
1.912459e+16 5.465845e-11 1.000000e+01 1.878169e+04 5.172961e-12 3.630743e+15 1.000000e-02 1.497121e+03 1.388894e+03 4.528161e+04 1.084112e+02 7.756366e-15 1.406570e+03 
2.033569e+16 1.719062e-11 1.000000e+01 1.878169e+04 4.717797e-12 3.981031e+15 1.000000e-02 1.589906e+03 1.474814e+03 4.796266e+04 1.152765e+02 2.294212e-15 1.493992e+03 
2.162348e+16 5.285587e-12 1.000000e+01 1.878169e+04 4.302682e-12 4.365113e+15 1.000000e-02 1.687702e+03 1.565309e+03 5.078594e+04 1.225766e+02 6.660965e-16 1.586141e+03 
2.299282e+16 1.588950e-12 1.000000e+01 1.878169e+04 3.924092e-12 4.786252e+15 1.000000e-02 1.790768e+03 1.660614e+03 5.375867e+04 1.303389e+02 1.897655e-16 1.683262e+03 
2.444887e+16 4.670783e-13 1.000000e+01 1.878169e+04 3.578815e-12 5.248021e+15 1.000000e-02 1.899378e+03 1.760973e+03 5.688844e+04 1.385929e+02 5.302921e-17 1.785613e+03 
2.599714e+16 1.342702e-13 1.000000e+01 1.878169e+04 3.263918e-12 5.754340e+15 1.000000e-02 2.013816e+03 1.866636e+03 6.018303e+04 1.473695e+02 1.453022e-17 1.893461e+03 
2.764344e+16 3.775075e-14 1.000000e+01 1.878169e+04 2.976728e-12 6.309508e+15 1.000000e-02 2.134394e+03 1.977883e+03 6.365111e+04 1.567019e+02 3.902463e-18 2.007103e+03 
2.939401e+16 1.038177e-14 1.000000e+01 1.878169e+04 2.714809e-12 6.918238e+15 1.000000e-02 2.261433e+03 2.095002e+03 6.730157e+04 1.666253e+02 1.027021e-18 2.126841e+03 
3.125543e+16 2.792951e-15 1.000000e+01 1.878169e+04 2.475935e-12 7.585698e+15 1.000000e-02 2.395258e+03 2.218278e+03 7.114332e+04 1.771771e+02 2.647715e-19 2.252983e+03 
3.323473e+16 7.350983e-16 1.000000e+01 1.878169e+04 2.258079e-12 8.317552e+15 1.000000e-02 2.536223e+03 2.348025e+03 7.518606e+04 1.883971e+02 6.685124e-20 2.385862e+03 
3.533937e+16 1.893053e-16 1.000000e+01 1.878169e+04 2.059393e-12 9.120014e+15 1.000000e-02 2.684691e+03 2.484566e+03 7.943981e+04 2.003276e+02 1.652747e-20 2.525823e+03 
3.757729e+16 4.770473e-17 1.000000e+01 1.878169e+04 1.878189e-12 9.999897e+15 1.000000e-02 2.841031e+03 2.628223e+03 8.391462e+04 2.130137e+02 4.000298e-21 2.673213e+03 
3.995693e+16 1.176510e-17 1.000000e+01 1.878169e+04 1.712928e-12 1.096467e+16 1.000000e-02 3.005560e+03 2.779267e+03 8.861919e+04 2.265031e+02 9.477964e-22 2.828334e+03 
4.248727e+16 2.840381e-18 1.000000e+01 1.878169e+04 1.562209e-12 1.202252e+16 1.000000e-02 3.178313e+03 2.937679e+03 9.355257e+04 2.408468e+02 2.198168e-22 2.991220e+03 
4.517784e+16 6.713304e-19 1.000000e+01 1.878169e+04 1.424752e-12 1.318243e+16 1.000000e-02 3.359171e+03 3.103289e+03 9.872125e+04 2.560988e+02 4.987674e-23 3.161741e+03 
4.803880e+16 1.560761e-19 1.000000e+01 1.878169e+04 1.299389e-12 1.445425e+16 1.000000e-02 3.540007e+03 3.267908e+03 1.037872e+05 2.723167e+02 1.110611e-23 3.332444e+03 
5.108093e+16 3.468645e-20 1.000000e+01 1.878169e+04 1.185057e-12 1.584877e+16 1.000000e-02 4.063809e+03 3.774483e+03 1.169852e+05 2.895615e+02 2.300500e-24 3.829851e+03 
5.431571e+16 3.182238e-21 1.000000e+01 1.878169e+04 1.080785e-12 1.737783e+16 0.000000e+00 3.078985e+02 0.000000e+00 0.000000e+00 3.078985e+02 1.766869e-25 0.000000e+00 
5.775534e+16 2.621579e-23 1.000000e+01 1.878169e+04 9.856874e-13 1.905441e+16 0.000000e+00 3.273966e+02 0.000000e+00 0.000000e+00 3.273966e+02 0.000000e+00 0.000000e+00 
6.141279e+16 1.738579e-25 1.000000e+01 1.878169e+04 8.989576e-13 2.089275e+16 0.000000e+00 3.481295e+02 0.000000e+00 0.000000e+00 3.481295e+02 0.000000e+00 0.000000e+00 
6.530185e+16 1.093193e-27 1.000000e+01 1.878169e+04 8.198591e-13 2.290844e+16 0.000000e+00 3.701754e+02 0.000000e+00 0.000000e+00 3.701754e+02 0.000000e+00 0.000000e+00 
6.943719e+16 7.220075e-30 1.000000e+01 1.878169e+04 7.477204e-13 2.511861e+16 0.000000e+00 3.936173e+02 0.000000e+00 0.000000e+00 3.936173e+02 0.000000e+00 0.000000e+00 
7.383441e+16 5.045614e-32 1.000000e+01 1.878169e+04 6.819291e-13 2.754200e+16 0.000000e+00 4.185438e+02 0.000000e+00 0.000000e+00 4.185438e+02 0.000000e+00 0.000000e+00 
7.851009e+16 3.595671e-34 1.000000e+01 1.878169e+04 6.219267e-13 3.019921e+16 0.000000e+00 4.450487e+02 0.000000e+00 0.000000e+00 4.450487e+02 0.000000e+00 0.000000e+00 
8.348187e+16 2.553266e-36 1.000000e+01 1.878169e+04 5.672039e-13 3.311277e+16 0.000000e+00 4.732321e+02 0.000000e+00 0.000000e+00 4.732321e+02 0.000000e+00 0.000000e+00 
8.876849e+16 1.801768e-38 1.000000e+01 1.878169e+04 5.172961e-13 3.630743e+16 0.000000e+00 5.032003e+02 0.000000e+00 0.000000e+00 5.032003e+02 0.000000e+00 0.000000e+00 
9.438989e+16 1.269753e-40 1.000000e+01 1.878169e+04 4.717797e-13 3.981031e+16 0.000000e+00 5.350662e+02 0.000000e+00 0.000000e+00 5.350662e+02 0.000000e+00 0.000000e+00 
1.003673e+17 8.972141e-43 1.000000e+01 1.878169e+04 4.302682e-13 4.365113e+16 0.000000e+00 5.689501e+02 0.000000e+00 0.000000e+00 5.689501e+02 0.000000e+00 0.000000e+00 
1.067232e+17 6.364762e-45 1.000000e+01 1.878169e+04 3.924092e-13 4.786252e+16 0.000000e+00 6.049798e+02 0.000000e+00 0.000000e+00 6.049798e+02 0.000000e+00 0.000000e+00 
1.134816e+17 4.531748e-47 1.000000e+01 1.878169e+04 3.578815e-13 5.248021e+16 0.000000e+00 6.432911e+02 0.000000e+00 0.000000e+00 6.432911e+02 0.000000e+00 0.000000e+00 
1.206680e+17 3.237060e-49 1.000000e+01 1.878169e+04 3.263918e-13 5.754340e+16 0.000000e+00 6.840285e+02 0.000000e+00 0.000000e+00 6.840285e+02 0.000000e+00 0.000000e+00 
1.283095e+17 2.319437e-51 1.000000e+01 1.878169e+04 2.976728e-13 6.309508e+16 0.000000e+00 7.273457e+02 0.000000e+00 0.000000e+00 7.273457e+02 0.000000e+00 0.000000e+00 
1.364349e+17 1.667348e-53 1.000000e+01 1.878169e+04 2.714809e-13 6.918238e+16 0.000000e+00 7.734060e+02 0.000000e+00 0.000000e+00 7.734060e+02 0.000000e+00 0.000000e+00 
1.450749e+17 1.212711e-55 1.000000e+01 1.878169e+04 2.475935e-13 7.585698e+16 0.000000e+00 8.223832e+02 0.000000e+00 0.000000e+00 8.223832e+02 0.000000e+00 0.000000e+00 
