time(s)          = 2.429883e+13
time(solar year) = 7.700000e+05
star mass (g)    = 2.410348e+33
star mass (Msun) = 1.212205e+00
total mass (g)   = 2.708572e+33
mdot (g/s)       = 1.901895e+18
mdot (Msun/yr)   = 3.018404e-08
1.542620e+13 3.985434e+02 1.480393e+02 7.226421e+04 2.093384e-07 3.452028e+11 1.000000e-02 -4.789682e+01 -5.030303e+01 6.724323e+02 2.452592e-04 1.949756e+01 -4.917891e+01 
1.640308e+13 3.975289e+02 1.441944e+02 7.131961e+04 1.909205e-07 3.735566e+11 1.000000e-02 -4.696469e+01 -4.926397e+01 1.437358e+03 7.898073e-04 1.837947e+01 -4.971232e+01 
1.744183e+13 3.958672e+02 1.404494e+02 7.038736e+04 1.741231e-07 4.042390e+11 1.000000e-02 -4.622263e+01 -4.836497e+01 1.470462e+03 1.417905e-03 1.728126e+01 -4.904049e+01 
1.854637e+13 3.932400e+02 1.368016e+02 6.946729e+04 1.588038e-07 4.374410e+11 1.000000e-02 -4.548471e+01 -4.751060e+01 1.504792e+03 2.138091e-03 1.645053e+01 -4.837340e+01 
1.972084e+13 3.900074e+02 1.332486e+02 6.855925e+04 1.448324e-07 4.733694e+11 1.000000e-02 -4.484705e+01 -4.676762e+01 1.534779e+03 2.959534e-03 1.564537e+01 -4.779817e+01 
2.096970e+13 3.860606e+02 1.297879e+02 6.766309e+04 1.320905e-07 5.122481e+11 1.000000e-02 -4.423246e+01 -4.605538e+01 1.565026e+03 3.892245e-03 1.486202e+01 -4.724643e+01 
2.229764e+13 3.815744e+02 1.264170e+02 6.677863e+04 1.204697e-07 5.543191e+11 1.000000e-02 -4.367612e+01 -4.540956e+01 1.593001e+03 4.946993e-03 1.410649e+01 -4.674849e+01 
2.370967e+13 3.765360e+02 1.231337e+02 6.590574e+04 1.098714e-07 5.998443e+11 1.000000e-02 -4.314422e+01 -4.479472e+01 1.620644e+03 6.135453e-03 1.337793e+01 -4.627426e+01 
2.521112e+13 3.710431e+02 1.199357e+02 6.504426e+04 1.002057e-07 6.491073e+11 1.000000e-02 -4.264889e+01 -4.422283e+01 1.646980e+03 7.470201e-03 1.267858e+01 -4.583397e+01 
2.680766e+13 3.651163e+02 1.168207e+02 6.419403e+04 9.139052e-08 7.024146e+11 1.000000e-02 -4.217431e+01 -4.367720e+01 1.672866e+03 8.964816e-03 1.200795e+01 -4.541346e+01 
2.850529e+13 3.588192e+02 1.137866e+02 6.335492e+04 8.335099e-08 7.600980e+11 1.000000e-02 -4.172391e+01 -4.316094e+01 1.697940e+03 1.063392e-02 1.136655e+01 -4.501548e+01 
3.031043e+13 3.521823e+02 1.108314e+02 6.252678e+04 7.601888e-08 8.225165e+11 1.000000e-02 -4.128970e+01 -4.266551e+01 1.722603e+03 1.249327e-02 1.075380e+01 -4.463278e+01 
3.222989e+13 3.452522e+02 1.079529e+02 6.170947e+04 6.933193e-08 8.900584e+11 1.000000e-02 -4.087194e+01 -4.219085e+01 1.746734e+03 1.455979e-02 1.016937e+01 -4.426541e+01 
3.427090e+13 3.380607e+02 1.051491e+02 6.090284e+04 6.323339e-08 9.631437e+11 1.000000e-02 -4.046618e+01 -4.173214e+01 1.770535e+03 1.685169e-02 9.612502e+00 -4.390930e+01 
3.644116e+13 3.306452e+02 1.024182e+02 6.010675e+04 5.767146e-08 1.042227e+12 1.000000e-02 -4.007162e+01 -4.128830e+01 1.793979e+03 1.938852e-02 9.082477e+00 -4.356361e+01 
3.874885e+13 3.230355e+02 9.975815e+01 5.932107e+04 5.259895e-08 1.127800e+12 1.000000e-02 -3.968552e+01 -4.085630e+01 1.817175e+03 2.219128e-02 8.578390e+00 -4.322581e+01 
4.120268e+13 3.152630e+02 9.716723e+01 5.854565e+04 4.797277e-08 1.220394e+12 1.000000e-02 -3.930679e+01 -4.043485e+01 1.840134e+03 2.528245e-02 8.099354e+00 -4.289484e+01 
4.381191e+13 3.073548e+02 9.464360e+01 5.778038e+04 4.375365e-08 1.320584e+12 1.000000e-02 -3.893357e+01 -4.002187e+01 1.862921e+03 2.868616e-02 7.644400e+00 -4.256895e+01 
4.658637e+13 2.993378e+02 9.218552e+01 5.702510e+04 3.990578e-08 1.428993e+12 1.000000e-02 -3.856476e+01 -3.961607e+01 1.885557e+03 3.242822e-02 7.212569e+00 -4.224711e+01 
4.953652e+13 2.912362e+02 8.979127e+01 5.627970e+04 3.639649e-08 1.546295e+12 1.000000e-02 -3.819895e+01 -3.921588e+01 1.908088e+03 3.653626e-02 6.802884e+00 -4.192797e+01 
5.267350e+13 2.830734e+02 8.745921e+01 5.554405e+04 3.319599e-08 1.673216e+12 1.000000e-02 -3.783509e+01 -3.882012e+01 1.930536e+03 4.103981e-02 6.414382e+00 -4.161057e+01 
5.600913e+13 2.748707e+02 8.518772e+01 5.481801e+04 3.027710e-08 1.810544e+12 1.000000e-02 -3.747203e+01 -3.842751e+01 1.952935e+03 4.597045e-02 6.046110e+00 -4.129380e+01 
5.955600e+13 2.666483e+02 8.297522e+01 5.410146e+04 2.761504e-08 1.959130e+12 1.000000e-02 -3.710879e+01 -3.803695e+01 1.975309e+03 5.136187e-02 5.697137e+00 -4.097673e+01 
6.332747e+13 2.584251e+02 8.082018e+01 5.339427e+04 2.518721e-08 2.119896e+12 1.000000e-02 -3.674434e+01 -3.764733e+01 1.997686e+03 5.725003e-02 5.366556e+00 -4.065839e+01 
6.733779e+13 2.502186e+02 7.872112e+01 5.269633e+04 2.297300e-08 2.293837e+12 1.000000e-02 -3.637772e+01 -3.725759e+01 2.020087e+03 6.367327e-02 5.053488e+00 -4.033787e+01 
7.160206e+13 2.420451e+02 7.667657e+01 5.200751e+04 2.095362e-08 2.482030e+12 1.000000e-02 -3.600797e+01 -3.686671e+01 2.042537e+03 7.067245e-02 4.757082e+00 -4.001426e+01 
7.613637e+13 2.339196e+02 7.468513e+01 5.132770e+04 1.911191e-08 2.685640e+12 1.000000e-02 -3.563413e+01 -3.647367e+01 2.065059e+03 7.829106e-02 4.476522e+00 -3.968665e+01 
8.095782e+13 2.258561e+02 7.274540e+01 5.065677e+04 1.743224e-08 2.905924e+12 1.000000e-02 -3.525523e+01 -3.607746e+01 2.087674e+03 8.657539e-02 4.211020e+00 -3.935412e+01 
8.608461e+13 2.178676e+02 7.085606e+01 4.999462e+04 1.590036e-08 3.144244e+12 1.000000e-02 -3.487031e+01 -3.567706e+01 2.110406e+03 9.557466e-02 3.959822e+00 -3.901574e+01 
9.153605e+13 2.099659e+02 6.901578e+01 4.934111e+04 1.450325e-08 3.402072e+12 1.000000e-02 -3.447835e+01 -3.527144e+01 2.133278e+03 1.053411e-01 3.722207e+00 -3.867055e+01 
9.733271e+13 2.021619e+02 6.722330e+01 4.869615e+04 1.322907e-08 3.680997e+12 1.000000e-02 -3.407834e+01 -3.485955e+01 2.156310e+03 1.159304e-01 3.497485e+00 -3.831758e+01 
1.034965e+14 1.944656e+02 6.547737e+01 4.805962e+04 1.206698e-08 3.982740e+12 1.000000e-02 -3.366919e+01 -3.444031e+01 2.179528e+03 1.274012e-01 3.284997e+00 -3.795580e+01 
1.100505e+14 1.868859e+02 6.377679e+01 4.743142e+04 1.100712e-08 4.309157e+12 1.000000e-02 -3.324981e+01 -3.401260e+01 2.202954e+03 1.398162e-01 3.084118e+00 -3.758416e+01 
1.170197e+14 1.794310e+02 6.212038e+01 4.681142e+04 1.004050e-08 4.662258e+12 1.000000e-02 -3.281903e+01 -3.357526e+01 2.226615e+03 1.532414e-01 2.894248e+00 -3.720153e+01 
1.244301e+14 1.721084e+02 6.050699e+01 4.619953e+04 9.158918e-09 5.044212e+12 1.000000e-02 -3.237563e+01 -3.312709e+01 2.250534e+03 1.677469e-01 2.714819e+00 -3.680676e+01 
1.323098e+14 1.649245e+02 5.893550e+01 4.559563e+04 8.354881e-09 5.457365e+12 1.000000e-02 -3.191832e+01 -3.266682e+01 2.274740e+03 1.834067e-01 2.545290e+00 -3.639862e+01 
1.406886e+14 1.578853e+02 5.740483e+01 4.499963e+04 7.621567e-09 5.904249e+12 1.000000e-02 -3.144578e+01 -3.219314e+01 2.299260e+03 2.002993e-01 2.385148e+00 -3.597583e+01 
1.495979e+14 1.509958e+02 5.591391e+01 4.441142e+04 6.952752e-09 6.387603e+12 1.000000e-02 -3.095655e+01 -3.170463e+01 2.324124e+03 2.185072e-01 2.233904e+00 -3.553700e+01 
1.590714e+14 1.442606e+02 5.446171e+01 4.383090e+04 6.342759e-09 6.910384e+12 1.000000e-02 -3.044915e+01 -3.119986e+01 2.349364e+03 2.381179e-01 2.091095e+00 -3.508071e+01 
1.691449e+14 1.376835e+02 5.304723e+01 4.325797e+04 5.786411e-09 7.475786e+12 1.000000e-02 -2.992195e+01 -3.067723e+01 2.375013e+03 2.592232e-01 1.956282e+00 -3.460540e+01 
1.798562e+14 1.312678e+02 5.166948e+01 4.269252e+04 5.278986e-09 8.087258e+12 1.000000e-02 -2.937330e+01 -3.013514e+01 2.401106e+03 2.819203e-01 1.829047e+00 -3.410948e+01 
1.912459e+14 1.250163e+02 5.032752e+01 4.213447e+04 4.816179e-09 8.748526e+12 1.000000e-02 -2.880133e+01 -2.957180e+01 2.427682e+03 3.063113e-01 1.708995e+00 -3.359119e+01 
2.033569e+14 1.189311e+02 4.902041e+01 4.158371e+04 4.394062e-09 9.463614e+12 1.000000e-02 -2.820419e+01 -2.898541e+01 2.454781e+03 3.325035e-01 1.595750e+00 -3.304872e+01 
2.162348e+14 1.130140e+02 4.774725e+01 4.104015e+04 4.009054e-09 1.023687e+13 1.000000e-02 -2.757982e+01 -2.837398e+01 2.482444e+03 3.606100e-01 1.488958e+00 -3.248011e+01 
2.299282e+14 1.072664e+02 4.650716e+01 4.050370e+04 3.657888e-09 1.107297e+13 1.000000e-02 -2.692601e+01 -2.773540e+01 2.510722e+03 3.907493e-01 1.388280e+00 -3.188326e+01 
2.444887e+14 1.016891e+02 4.529928e+01 3.997425e+04 3.337585e-09 1.197700e+13 1.000000e-02 -2.624057e+01 -2.706755e+01 2.539659e+03 4.230461e-01 1.293395e+00 -3.125607e+01 
2.599714e+14 9.628274e+01 4.412276e+01 3.945173e+04 3.045429e-09 1.295441e+13 1.000000e-02 -2.552079e+01 -2.636780e+01 2.569315e+03 4.576309e-01 1.204002e+00 -3.059593e+01 
2.764344e+14 9.104736e+01 4.297680e+01 3.893604e+04 2.778942e-09 1.401110e+13 1.000000e-02 -2.476453e+01 -2.563414e+01 2.599739e+03 4.946405e-01 1.119808e+00 -2.990081e+01 
2.939401e+14 8.598300e+01 4.186061e+01 3.842709e+04 2.535865e-09 1.515345e+13 1.000000e-02 -2.396814e+01 -2.486300e+01 2.631004e+03 5.342185e-01 1.040542e+00 -2.916720e+01 
3.125543e+14 8.108896e+01 4.077340e+01 3.792479e+04 2.314136e-09 1.638832e+13 1.000000e-02 -2.313006e+01 -2.405295e+01 2.663163e+03 5.765148e-01 9.659380e-01 -2.839366e+01 
3.323473e+14 7.636501e+01 3.971444e+01 3.742906e+04 2.111876e-09 1.772313e+13 1.000000e-02 -2.224485e+01 -2.319863e+01 2.696308e+03 6.216866e-01 8.957522e-01 -2.757491e+01 
3.533937e+14 7.180950e+01 3.868297e+01 3.693981e+04 1.927372e-09 1.916589e+13 1.000000e-02 -2.131258e+01 -2.230029e+01 2.730490e+03 6.698981e-01 8.297373e-01 -2.671116e+01 
3.757729e+14 6.742236e+01 3.767830e+01 3.645695e+04 1.759061e-09 2.072524e+13 1.000000e-02 -2.032442e+01 -2.134916e+01 2.765827e+03 7.213211e-01 7.676781e-01 -2.579378e+01 
3.995693e+14 6.320067e+01 3.669971e+01 3.598041e+04 1.605516e-09 2.241049e+13 1.000000e-02 -1.928413e+01 -2.034922e+01 2.802373e+03 7.761349e-01 7.093383e-01 -2.482664e+01 
4.248727e+14 5.914518e+01 3.574655e+01 3.551009e+04 1.465439e-09 2.423171e+13 1.000000e-02 -1.817666e+01 -1.928544e+01 2.840264e+03 8.345272e-01 6.545343e-01 -2.379498e+01 
4.517784e+14 5.525106e+01 3.481814e+01 3.504592e+04 1.337643e-09 2.619976e+13 1.000000e-02 -1.701281e+01 -1.816894e+01 2.879576e+03 8.966941e-01 6.030338e-01 -2.270976e+01 
4.803880e+14 5.152076e+01 3.391384e+01 3.458782e+04 1.221048e-09 2.832635e+13 1.000000e-02 -1.576708e+01 -1.697414e+01 2.920439e+03 9.628405e-01 5.546935e-01 -2.154572e+01 
5.108093e+14 4.794670e+01 3.303303e+01 3.413571e+04 1.114667e-09 3.062413e+13 1.000000e-02 -1.446204e+01 -1.572406e+01 2.963005e+03 1.033181e+00 5.092808e-01 -2.032575e+01 
5.431571e+14 4.453409e+01 3.217509e+01 3.368951e+04 1.017602e-09 3.310675e+13 1.000000e-02 -1.305661e+01 -1.437744e+01 3.007308e+03 1.107939e+00 4.667063e-01 -1.900883e+01 
5.775534e+14 4.127160e+01 3.133944e+01 3.324914e+04 9.290330e-10 3.578897e+13 1.000000e-02 -1.158948e+01 -1.297361e+01 3.053727e+03 1.187351e+00 4.267350e-01 -1.763442e+01 
6.141279e+14 3.816821e+01 3.052549e+01 3.281452e+04 8.482120e-10 3.868670e+13 1.000000e-02 -1.000137e+01 -1.145294e+01 3.101975e+03 1.271662e+00 3.893399e-01 -1.614266e+01 
6.530185e+14 3.520821e+01 2.973268e+01 3.238559e+04 7.744574e-10 4.181713e+13 1.000000e-02 -8.345416e+00 -9.869406e+00 3.153004e+03 1.361131e+00 3.542752e-01 -1.458859e+01 
6.943719e+14 3.240445e+01 2.896047e+01 3.196226e+04 7.071476e-10 4.519886e+13 1.000000e-02 -6.553069e+00 -8.154039e+00 3.205723e+03 1.456031e+00 3.215588e-01 -1.290150e+01 
7.383441e+14 2.973768e+01 2.820830e+01 3.154447e+04 6.457157e-10 4.885195e+13 1.000000e-02 -4.670597e+00 -6.353942e+00 3.262314e+03 1.556648e+00 2.909330e-01 -1.113200e+01 
7.851009e+14 2.722253e+01 2.747568e+01 3.113214e+04 5.896449e-10 5.279811e+13 1.000000e-02 -2.659648e+00 -4.430656e+00 3.320050e+03 1.663284e+00 2.624272e-01 -9.236337e+00 
8.348187e+14 2.484011e+01 2.676208e+01 3.072520e+04 5.384639e-10 5.706083e+13 1.000000e-02 -4.942319e-01 -2.358429e+00 3.383339e+03 1.776260e+00 2.358419e-01 -7.197260e+00 
8.876849e+14 2.260060e+01 2.606701e+01 3.032357e+04 4.917430e-10 6.166549e+13 1.000000e-02 1.624227e+00 -3.405654e-01 3.444482e+03 1.895915e+00 2.104031e-01 -5.201188e+00 
9.438989e+14 2.050105e+01 2.539000e+01 2.992720e+04 4.490906e-10 6.663955e+13 1.000000e-02 3.815328e+00 1.742892e+00 3.507442e+03 2.022613e+00 1.866392e-01 -3.136264e+00 
1.003673e+15 1.853984e+01 2.473057e+01 2.953601e+04 4.101497e-10 7.201274e+13 1.000000e-02 6.172898e+00 3.985978e+00 3.573884e+03 2.156739e+00 1.648209e-01 -9.118821e-01 
1.067232e+15 1.670856e+01 2.408827e+01 2.914993e+04 3.745948e-10 7.781724e+13 1.000000e-02 8.675816e+00 6.366770e+00 3.644635e+03 2.298707e+00 1.454908e-01 1.449472e+00 
1.134816e+15 1.500686e+01 2.346265e+01 2.876890e+04 3.421290e-10 8.408787e+13 1.000000e-02 1.132831e+01 8.889229e+00 3.718319e+03 2.448959e+00 1.282150e-01 3.954668e+00 
1.206680e+15 1.342708e+01 2.285327e+01 2.839285e+04 3.124818e-10 9.086241e+13 1.000000e-02 1.416485e+01 1.158758e+01 3.797232e+03 2.607968e+00 1.124305e-01 6.633448e+00 
1.283095e+15 1.196715e+01 2.225973e+01 2.802171e+04 2.854064e-10 9.818178e+13 1.000000e-02 1.716443e+01 1.444001e+01 3.879715e+03 2.776242e+00 9.807945e-02 9.468073e+00 
1.364349e+15 1.062101e+01 2.168160e+01 2.765543e+04 2.606781e-10 1.060903e+14 1.000000e-02 2.036957e+01 1.748865e+01 3.967737e+03 2.954330e+00 8.507401e-02 1.249715e+01 
1.450749e+15 9.385028e+00 2.111848e+01 2.729393e+04 2.380917e-10 1.146362e+14 1.000000e-02 2.376578e+01 2.071815e+01 4.060355e+03 3.142819e+00 7.334907e-02 1.570804e+01 
1.542620e+15 8.254043e+00 2.056999e+01 2.693716e+04 2.174603e-10 1.238716e+14 1.000000e-02 2.738597e+01 2.416082e+01 4.158815e+03 3.342347e+00 6.282983e-02 1.913116e+01 
1.640308e+15 7.223594e+00 2.003575e+01 2.658505e+04 1.986135e-10 1.338532e+14 1.000000e-02 3.122964e+01 2.781526e+01 4.262906e+03 3.553599e+00 5.344888e-02 2.276643e+01 
1.744183e+15 6.288744e+00 1.951538e+01 2.623755e+04 1.813960e-10 1.446424e+14 1.000000e-02 3.531987e+01 3.170375e+01 4.373357e+03 3.777318e+00 4.513642e-02 2.663546e+01 
1.854637e+15 5.444639e+00 1.900852e+01 2.589458e+04 1.656660e-10 1.563060e+14 1.000000e-02 3.966681e+01 3.583544e+01 4.490400e+03 4.014303e+00 3.782320e-02 3.074794e+01 
1.972084e+15 4.686288e+00 1.851483e+01 2.555610e+04 1.512945e-10 1.689163e+14 1.000000e-02 4.428883e+01 4.022773e+01 4.614542e+03 4.265421e+00 3.143846e-02 3.512121e+01 
2.096970e+15 4.008633e+00 1.803397e+01 2.522205e+04 1.381636e-10 1.825521e+14 1.000000e-02 4.920186e+01 4.489547e+01 4.746213e+03 4.531604e+00 2.591010e-02 3.977036e+01 
2.229764e+15 3.406569e+00 1.756559e+01 2.489236e+04 1.261660e-10 1.972986e+14 1.000000e-02 5.442374e+01 4.985534e+01 4.885881e+03 4.813859e+00 2.116495e-02 4.471228e+01 
2.370967e+15 2.874937e+00 1.710937e+01 2.456698e+04 1.152037e-10 2.132483e+14 1.000000e-02 5.997332e+01 5.512500e+01 5.034053e+03 5.113270e+00 1.712931e-02 4.996480e+01 
2.521112e+15 2.408570e+00 1.666501e+01 2.424586e+04 1.051873e-10 2.305017e+14 1.000000e-02 6.586983e+01 6.072237e+01 5.191231e+03 5.431004e+00 1.372997e-02 5.554617e+01 
2.680766e+15 2.002305e+00 1.623218e+01 2.392893e+04 9.603542e-11 2.491677e+14 1.000000e-02 7.213397e+01 6.666681e+01 5.357963e+03 5.768312e+00 1.089516e-02 6.147598e+01 
2.850529e+15 1.651026e+00 1.581060e+01 2.361614e+04 8.767359e-11 2.693644e+14 1.000000e-02 7.878688e+01 7.297800e+01 5.534799e+03 6.126535e+00 8.555679e-03 6.777429e+01 
3.031043e+15 1.349686e+00 1.539997e+01 2.330744e+04 8.003391e-11 2.912196e+14 1.000000e-02 8.585089e+01 7.967675e+01 5.722323e+03 6.507109e+00 6.645787e-03 7.446225e+01 
3.222989e+15 1.093357e+00 1.500000e+01 2.300278e+04 7.305439e-11 3.148720e+14 1.000000e-02 9.334897e+01 8.678442e+01 5.921130e+03 6.911565e+00 5.104065e-03 8.156166e+01 
3.427090e+15 8.772565e-01 1.461042e+01 2.270210e+04 6.667840e-11 3.404716e+14 1.000000e-02 1.013050e+02 9.432317e+01 6.131842e+03 7.341533e+00 3.874021e-03 8.909513e+01 
3.644116e+15 6.967922e-01 1.423096e+01 2.240535e+04 6.085422e-11 3.681808e+14 1.000000e-02 1.097435e+02 1.023158e+02 6.355095e+03 7.798747e+00 2.904510e-03 9.708595e+01 
3.874885e+15 5.475953e-01 1.386135e+01 2.211248e+04 5.553456e-11 3.981752e+14 1.000000e-02 1.186896e+02 1.107855e+02 6.591545e+03 8.285047e+00 2.149954e-03 1.055580e+02 
4.120268e+15 4.255543e-01 1.350134e+01 2.182344e+04 5.067620e-11 4.306448e+14 1.000000e-02 1.281692e+02 1.197561e+02 6.841865e+03 8.802383e+00 1.570372e-03 1.145357e+02 
4.381191e+15 3.268433e-01 1.315069e+01 2.153818e+04 4.623960e-11 4.657950e+14 1.000000e-02 1.382082e+02 1.292516e+02 7.106738e+03 9.352816e+00 1.131242e-03 1.240436e+02 
4.658637e+15 2.479455e-01 1.280914e+01 2.125664e+04 4.218862e-11 5.038477e+14 1.000000e-02 1.488330e+02 1.392961e+02 7.386859e+03 9.938525e+00 8.032361e-04 1.341068e+02 
4.953652e+15 1.856689e-01 1.247646e+01 2.097879e+04 3.849017e-11 5.450428e+14 1.000000e-02 1.600690e+02 1.499127e+02 7.682917e+03 1.056181e+01 5.618404e-04 1.447494e+02 
5.267350e+15 1.371573e-01 1.215242e+01 2.070456e+04 3.511395e-11 5.896393e+14 1.000000e-02 1.719422e+02 1.611251e+02 7.995589e+03 1.122510e+01 3.869077e-04 1.559959e+02 
5.600913e+15 9.988854e-02 1.183679e+01 2.043393e+04 3.203224e-11 6.379174e+14 1.000000e-02 1.844724e+02 1.729504e+02 8.325490e+03 1.193097e+01 2.621559e-04 1.678648e+02 
5.955600e+15 7.167360e-02 1.152937e+01 2.016682e+04 2.921968e-11 6.901796e+14 1.000000e-02 1.976840e+02 1.854103e+02 8.673137e+03 1.268212e+01 1.746676e-04 1.803798e+02 
6.332747e+15 5.063526e-02 1.122993e+01 1.990321e+04 2.665301e-11 7.467529e+14 1.000000e-02 2.115676e+02 1.984927e+02 9.038771e+03 1.348141e+01 1.143615e-04 1.935306e+02 
6.733779e+15 3.520343e-02 1.093826e+01 1.964305e+04 2.431098e-11 8.079908e+14 1.000000e-02 2.261547e+02 2.122259e+02 9.422212e+03 1.433188e+01 7.354607e-05 2.073494e+02 
7.160206e+15 2.406480e-02 1.065418e+01 1.938629e+04 2.217412e-11 8.742754e+14 1.000000e-02 2.412783e+02 2.264396e+02 9.822070e+03 1.523672e+01 4.641681e-05 2.216718e+02 
7.613637e+15 1.618212e-02 1.037746e+01 1.913288e+04 2.022461e-11 9.460200e+14 1.000000e-02 2.571106e+02 2.413030e+02 1.023524e+04 1.619935e+01 2.876474e-05 2.366762e+02 
8.095782e+15 1.067790e-02 1.010794e+01 1.888279e+04 1.844614e-11 1.023672e+15 1.000000e-02 2.724924e+02 2.556515e+02 1.069767e+04 1.722338e+01 1.746460e-05 2.511317e+02 
8.608461e+15 6.855998e-03 1.000000e+01 1.878169e+04 1.682380e-11 1.116376e+15 1.000000e-02 2.891832e+02 2.712434e+02 1.135402e+04 1.831263e+01 1.030015e-05 2.665089e+02 
9.153605e+15 4.293803e-03 1.000000e+01 1.878169e+04 1.534397e-11 1.224044e+15 1.000000e-02 3.115842e+02 2.924820e+02 1.214817e+04 1.947119e+01 5.915011e-06 2.873210e+02 
9.733271e+15 2.645730e-03 1.000000e+01 1.878169e+04 1.399417e-11 1.342109e+15 1.000000e-02 3.362489e+02 3.159110e+02 1.292131e+04 2.070339e+01 3.338034e-06 3.104385e+02 
1.034965e+16 1.604971e-03 1.000000e+01 1.878169e+04 1.276302e-11 1.471571e+15 1.000000e-02 3.620359e+02 3.403830e+02 1.372541e+04 2.201385e+01 1.853081e-06 3.346165e+02 
1.100505e+16 9.579125e-04 1.000000e+01 1.878169e+04 1.164014e-11 1.613529e+15 1.000000e-02 3.896434e+02 3.665918e+02 1.458389e+04 2.340745e+01 1.011362e-06 3.605060e+02 
1.170197e+16 5.624849e-04 1.000000e+01 1.878169e+04 1.061600e-11 1.769187e+15 1.000000e-02 4.188520e+02 3.943128e+02 1.548892e+04 2.488944e+01 5.426692e-07 3.879037e+02 
1.244301e+16 3.248563e-04 1.000000e+01 1.878169e+04 9.681954e-12 1.939866e+15 1.000000e-02 4.499031e+02 4.237818e+02 1.644821e+04 2.646538e+01 2.862011e-07 4.170352e+02 
1.323098e+16 1.844999e-04 1.000000e+01 1.878169e+04 8.830073e-12 2.127014e+15 1.000000e-02 4.828197e+02 4.550160e+02 1.746213e+04 2.814118e+01 1.483428e-07 4.479231e+02 
1.406886e+16 1.030224e-04 1.000000e+01 1.878169e+04 8.053138e-12 2.332221e+15 1.000000e-02 5.177372e+02 4.881447e+02 1.853477e+04 2.992316e+01 7.555307e-08 4.806944e+02 
1.495979e+16 5.654839e-05 1.000000e+01 1.878169e+04 7.344557e-12 2.557226e+15 1.000000e-02 5.547452e+02 5.232505e+02 1.966868e+04 3.181802e+01 3.780736e-08 5.154336e+02 
1.590714e+16 3.050574e-05 1.000000e+01 1.878169e+04 6.698321e-12 2.803941e+15 1.000000e-02 5.939624e+02 5.604453e+02 2.086734e+04 3.383290e+01 1.858608e-08 5.522526e+02 
1.691449e+16 1.617117e-05 1.000000e+01 1.878169e+04 6.108944e-12 3.074458e+15 1.000000e-02 6.355024e+02 5.998352e+02 2.213406e+04 3.597539e+01 8.975169e-09 5.912583e+02 
1.798562e+16 8.422247e-06 1.000000e+01 1.878169e+04 5.571425e-12 3.371076e+15 1.000000e-02 6.794899e+02 6.415367e+02 2.347247e+04 3.825356e+01 4.256985e-09 6.325681e+02 
1.912459e+16 4.308969e-06 1.000000e+01 1.878169e+04 5.081200e-12 3.696310e+15 1.000000e-02 7.260537e+02 6.856702e+02 2.488630e+04 4.067602e+01 1.983048e-09 6.763033e+02 
2.033569e+16 2.165273e-06 1.000000e+01 1.878169e+04 4.634110e-12 4.052923e+15 1.000000e-02 7.753303e+02 7.323630e+02 2.637952e+04 4.325188e+01 9.072108e-10 7.225926e+02 
2.162348e+16 1.068525e-06 1.000000e+01 1.878169e+04 4.226359e-12 4.443942e+15 1.000000e-02 8.274628e+02 7.817487e+02 2.795628e+04 4.599087e+01 4.075729e-10 7.715708e+02 
2.299282e+16 5.177625e-07 1.000000e+01 1.878169e+04 3.854485e-12 4.872685e+15 1.000000e-02 8.826021e+02 8.339678e+02 2.962096e+04 4.890332e+01 1.798075e-10 8.233800e+02 
2.444887e+16 2.463176e-07 1.000000e+01 1.878169e+04 3.515332e-12 5.342793e+15 1.000000e-02 9.409069e+02 8.891679e+02 3.137815e+04 5.200019e+01 7.789402e-11 8.781696e+02 
2.599714e+16 1.150343e-07 1.000000e+01 1.878169e+04 3.206021e-12 5.858256e+15 1.000000e-02 1.002544e+03 9.475045e+02 3.323268e+04 5.529319e+01 3.313506e-11 9.360969e+02 
2.764344e+16 5.273232e-08 1.000000e+01 1.878169e+04 2.923926e-12 6.423450e+15 1.000000e-02 1.067689e+03 1.009141e+03 3.518962e+04 5.879471e+01 1.384065e-11 9.973274e+02 
2.939401e+16 2.372454e-08 1.000000e+01 1.878169e+04 2.666652e-12 7.043173e+15 1.000000e-02 1.136527e+03 1.074248e+03 3.725432e+04 6.251798e+01 5.676920e-12 1.062035e+03 
3.125543e+16 1.047482e-08 1.000000e+01 1.878169e+04 2.432016e-12 7.722685e+15 1.000000e-02 1.209252e+03 1.143007e+03 3.943238e+04 6.647703e+01 2.286453e-12 1.130404e+03 
3.323473e+16 4.538190e-09 1.000000e+01 1.878169e+04 2.218025e-12 8.467756e+15 1.000000e-02 1.286069e+03 1.215608e+03 4.172971e+04 7.068679e+01 9.043028e-13 1.202625e+03 
3.533937e+16 1.929157e-09 1.000000e+01 1.878169e+04 2.022863e-12 9.284710e+15 1.000000e-02 1.367194e+03 1.292250e+03 4.415249e+04 7.516315e+01 3.512201e-13 1.278904e+03 
3.757729e+16 8.045739e-10 1.000000e+01 1.878169e+04 1.844873e-12 1.018048e+16 1.000000e-02 1.452852e+03 1.373142e+03 4.670725e+04 7.992297e+01 1.339592e-13 1.359451e+03 
3.995693e+16 3.291883e-10 1.000000e+01 1.878169e+04 1.682544e-12 1.116268e+16 1.000000e-02 1.543282e+03 1.458505e+03 4.940083e+04 8.498422e+01 5.017737e-14 1.444494e+03 
4.248727e+16 1.321211e-10 1.000000e+01 1.878169e+04 1.534498e-12 1.223963e+16 1.000000e-02 1.638734e+03 1.548570e+03 5.224043e+04 9.036598e+01 1.845870e-14 1.534267e+03 
4.517784e+16 5.201405e-11 1.000000e+01 1.878169e+04 1.399479e-12 1.342049e+16 1.000000e-02 1.739474e+03 1.643582e+03 5.523363e+04 9.608854e+01 6.669102e-15 1.629019e+03 
4.803880e+16 2.008461e-11 1.000000e+01 1.878169e+04 1.276340e-12 1.471527e+16 1.000000e-02 1.845777e+03 1.743796e+03 5.838837e+04 1.021735e+02 2.366578e-15 1.729013e+03 
5.108093e+16 7.606348e-12 1.000000e+01 1.878169e+04 1.164036e-12 1.613498e+16 1.000000e-02 1.957937e+03 1.849480e+03 6.171300e+04 1.086438e+02 8.248483e-16 1.834523e+03 
5.431571e+16 2.825117e-12 1.000000e+01 1.878169e+04 1.061613e-12 1.769165e+16 1.000000e-02 2.076260e+03 1.960919e+03 6.521632e+04 1.155238e+02 2.823822e-16 1.945839e+03 
5.775534e+16 1.029020e-12 1.000000e+01 1.878169e+04 9.682030e-13 1.939851e+16 1.000000e-02 2.201070e+03 2.078409e+03 6.890754e+04 1.228396e+02 9.495495e-17 2.063265e+03 
6.141279e+16 3.675531e-13 1.000000e+01 1.878169e+04 8.830116e-13 2.127004e+16 1.000000e-02 2.332705e+03 2.202262e+03 7.279637e+04 1.306186e+02 3.136307e-17 2.187123e+03 
6.530185e+16 1.287384e-13 1.000000e+01 1.878169e+04 8.053161e-13 2.332214e+16 1.000000e-02 2.471524e+03 2.332806e+03 7.689297e+04 1.388902e+02 1.017513e-17 2.317748e+03 
6.943719e+16 4.421538e-14 1.000000e+01 1.878169e+04 7.344571e-13 2.557221e+16 1.000000e-02 2.617900e+03 2.470383e+03 8.120800e+04 1.476856e+02 3.242467e-18 2.455493e+03 
7.383441e+16 1.489027e-14 1.000000e+01 1.878169e+04 6.698328e-13 2.803938e+16 1.000000e-02 2.772230e+03 2.615358e+03 8.575271e+04 1.570381e+02 1.014886e-18 2.600733e+03 
7.851009e+16 4.916795e-15 1.000000e+01 1.878169e+04 6.108948e-13 3.074456e+16 1.000000e-02 2.934940e+03 2.768122e+03 9.053930e+04 1.669828e+02 3.119984e-19 2.753871e+03 
8.348187e+16 1.591850e-15 1.000000e+01 1.878169e+04 5.571426e-13 3.371074e+16 1.000000e-02 3.106457e+03 2.929062e+03 9.557977e+04 1.775572e+02 9.420269e-20 2.915306e+03 
8.876849e+16 5.053055e-16 1.000000e+01 1.878169e+04 5.081201e-13 3.696310e+16 1.000000e-02 3.287241e+03 3.098600e+03 1.008872e+05 1.888013e+02 2.793366e-20 3.085474e+03 
9.438989e+16 1.572644e-16 1.000000e+01 1.878169e+04 4.634111e-13 4.052923e+16 1.000000e-02 3.477768e+03 3.277169e+03 1.064751e+05 2.007574e+02 8.134303e-21 3.264825e+03 
1.003673e+17 4.798745e-17 1.000000e+01 1.878169e+04 4.226359e-13 4.443942e+16 1.000000e-02 3.678521e+03 3.465207e+03 1.123572e+05 2.134707e+02 2.326012e-21 3.453814e+03 
1.067232e+17 1.435656e-17 1.000000e+01 1.878169e+04 3.854485e-13 4.872685e+16 1.000000e-02 3.889940e+03 3.663106e+03 1.185457e+05 2.269891e+02 6.530892e-22 3.652856e+03 
1.134816e+17 4.211389e-18 1.000000e+01 1.878169e+04 3.515332e-13 5.342793e+16 1.000000e-02 4.111979e+03 3.870770e+03 1.250420e+05 2.413635e+02 1.800409e-22 3.861902e+03 
1.206680e+17 1.212381e-18 1.000000e+01 1.878169e+04 3.206021e-13 5.858256e+16 1.000000e-02 4.342148e+03 4.085653e+03 1.317592e+05 2.566482e+02 4.875929e-23 4.078636e+03 
1.283095e+17 3.422853e-19 1.000000e+01 1.878169e+04 2.923926e-13 6.423450e+16 1.000000e-02 4.533135e+03 4.260385e+03 1.378240e+05 2.729009e+02 1.295044e-23 4.257493e+03 
1.364349e+17 1.055731e-19 1.000000e+01 1.878169e+04 2.666652e-13 7.043173e+16 1.000000e-02 4.522445e+03 4.232403e+03 1.343465e+05 2.901828e+02 3.727095e-24 4.253758e+03 
1.450749e+17 1.731501e-20 1.000000e+01 1.878169e+04 2.432016e-13 7.722685e+16 1.000000e-02 3.085590e+02 0.000000e+00 -0.000000e+00 3.085590e+02 5.426942e-25 3.085590e+02 
