time(s)          = 8.362585e+12
time(solar year) = 2.650000e+05
star mass (g)    = 2.279591e+33
star mass (Msun) = 1.146445e+00
total mass (g)   = 2.998498e+33
mdot (g/s)       = 8.280045e+19
mdot (Msun/yr)   = 1.314085e-06
1.542620e+13 3.669558e+04 1.480393e+02 7.226421e+04 2.036556e-07 3.548353e+11 1.000080e-02 -2.335983e+01 -2.369367e+01 9.873437e+02 2.321217e-02 4.491133e+02 -2.531062e+01 
1.640308e+13 3.479074e+04 1.441944e+02 7.131961e+04 1.858782e-07 3.836899e+11 1.001037e-02 -2.266984e+01 -2.306030e+01 2.194896e+03 7.340080e-02 4.056290e+02 -2.700901e+01 
1.744183e+13 3.273470e+04 1.404494e+02 7.038736e+04 1.696612e-07 4.148700e+11 1.006299e-02 -2.222622e+01 -2.265281e+01 2.313834e+03 1.283746e-01 3.607911e+02 -2.680341e+01 
1.854637e+13 3.052908e+04 1.368016e+02 6.946729e+04 1.548663e-07 4.485629e+11 1.021507e-02 -2.231013e+01 -2.279618e+01 2.452795e+03 1.880485e-01 3.309363e+02 -2.716309e+01 
1.972084e+13 2.817571e+04 1.332486e+02 6.855925e+04 1.413673e-07 4.849724e+11 1.045960e-02 -2.312359e+01 -2.368189e+01 2.576172e+03 2.522270e-01 3.012496e+02 -2.822140e+01 
2.096970e+13 2.586944e+04 1.297879e+02 6.766309e+04 1.290495e-07 5.243190e+11 1.079286e-02 -2.404136e+01 -2.467691e+01 2.653234e+03 3.207722e-01 2.734792e+02 -2.929229e+01 
2.229764e+13 2.364496e+04 1.264170e+02 6.677863e+04 1.178087e-07 5.668398e+11 1.116672e-02 -2.544508e+01 -2.616739e+01 2.708954e+03 3.936874e-01 2.476751e+02 -3.080680e+01 
2.370967e+13 2.157646e+04 1.231337e+02 6.590574e+04 1.075501e-07 6.127908e+11 1.161164e-02 -2.664135e+01 -2.745250e+01 2.744722e+03 4.710656e-01 2.242309e+02 -3.207430e+01 
2.521112e+13 1.964324e+04 1.199357e+02 6.504426e+04 9.818772e-08 6.624480e+11 1.207022e-02 -2.829151e+01 -2.920099e+01 2.775781e+03 5.530655e-01 2.027791e+02 -3.378632e+01 
2.680766e+13 1.787522e+04 1.168207e+02 6.419403e+04 8.964279e-08 7.161093e+11 1.260362e-02 -2.956662e+01 -3.057529e+01 2.797390e+03 6.398846e-01 1.834378e+02 -3.510453e+01 
2.850529e+13 1.624096e+04 1.137866e+02 6.335492e+04 8.184373e-08 7.740962e+11 1.313152e-02 -3.134245e+01 -3.246071e+01 2.819301e+03 7.317546e-01 1.658231e+02 -3.692403e+01 
3.031043e+13 1.475687e+04 1.108314e+02 6.252678e+04 7.472523e-08 8.367560e+11 1.374605e-02 -3.260982e+01 -3.383775e+01 2.834914e+03 8.289323e-01 1.499865e+02 -3.822256e+01 
3.222989e+13 1.339164e+04 1.079529e+02 6.170947e+04 6.822772e-08 9.044633e+11 1.433572e-02 -3.445809e+01 -3.580742e+01 2.852669e+03 9.317000e-01 1.355827e+02 -4.010621e+01 
3.427090e+13 1.215661e+04 1.051491e+02 6.090284e+04 6.229687e-08 9.776227e+11 1.502860e-02 -3.566591e+01 -3.713603e+01 2.865173e+03 1.040361e+00 1.226480e+02 -4.133897e+01 
3.644116e+13 1.102316e+04 1.024182e+02 6.010675e+04 5.688313e-08 1.056671e+12 1.567458e-02 -3.755667e+01 -3.916095e+01 2.880747e+03 1.155244e+00 1.108835e+02 -4.326074e+01 
3.874885e+13 1.000036e+04 9.975815e+01 5.932107e+04 5.194127e-08 1.142080e+12 1.644453e-02 -3.866434e+01 -4.040147e+01 2.891368e+03 1.276695e+00 1.003251e+02 -4.438960e+01 
4.120268e+13 9.062781e+03 9.716723e+01 5.854565e+04 4.743006e-08 1.234358e+12 1.714174e-02 -4.057604e+01 -4.246131e+01 2.905687e+03 1.405088e+00 9.071643e+01 -4.632977e+01 
4.381191e+13 8.218318e+03 9.464360e+01 5.778038e+04 4.331187e-08 1.334054e+12 1.798792e-02 -4.154550e+01 -4.357681e+01 2.915019e+03 1.540818e+00 8.209614e+01 -4.731783e+01 
4.658637e+13 7.444581e+03 9.218552e+01 5.702510e+04 3.955236e-08 1.441762e+12 1.873089e-02 -4.345875e+01 -4.565358e+01 2.928579e+03 1.684303e+00 7.424474e+01 -4.925802e+01 
4.953652e+13 6.748777e+03 8.979127e+01 5.627970e+04 3.612021e-08 1.558122e+12 1.965247e-02 -4.425058e+01 -4.660595e+01 2.936937e+03 1.835989e+00 6.720356e+01 -5.006649e+01 
5.267350e+13 6.111283e+03 8.745921e+01 5.554405e+04 3.298684e-08 1.683825e+12 2.043497e-02 -4.614483e+01 -4.868070e+01 2.950032e+03 1.996346e+00 6.078423e+01 -5.198674e+01 
5.600913e+13 5.538800e+03 8.518772e+01 5.481801e+04 3.012616e-08 1.819615e+12 2.143084e-02 -4.671627e+01 -4.942865e+01 2.957592e+03 2.165873e+00 5.502980e+01 -5.257321e+01 
5.955600e+13 5.014160e+03 8.297522e+01 5.410146e+04 2.751437e-08 1.966298e+12 2.224562e-02 -4.856759e+01 -5.147924e+01 2.970414e+03 2.345097e+00 4.977812e+01 -5.444996e+01 
6.332747e+13 4.543649e+03 8.082018e+01 5.339427e+04 2.512977e-08 2.124741e+12 2.331412e-02 -4.887134e+01 -5.197714e+01 2.977276e+03 2.534576e+00 4.507284e+01 -5.476735e+01 
6.733779e+13 4.112248e+03 7.872112e+01 5.269633e+04 2.295254e-08 2.295883e+12 2.415270e-02 -5.065047e+01 -5.397627e+01 2.989961e+03 2.734899e+00 4.077399e+01 -5.657163e+01 
7.160206e+13 3.725862e+03 7.667657e+01 5.200751e+04 2.096458e-08 2.480733e+12 2.529147e-02 -5.063407e+01 -5.417349e+01 2.996185e+03 2.946689e+00 3.692478e+01 -5.656758e+01 
7.613637e+13 3.371353e+03 7.468513e+01 5.132770e+04 1.914940e-08 2.680382e+12 2.614391e-02 -5.230447e+01 -5.608677e+01 3.008838e+03 3.170604e+00 3.340410e+01 -5.826305e+01 
8.095782e+13 3.054255e+03 7.274540e+01 5.065677e+04 1.749193e-08 2.896007e+12 2.734959e-02 -5.190996e+01 -5.592743e+01 3.014456e+03 3.407339e+00 3.025391e+01 -5.787968e+01 
8.608461e+13 2.763073e+03 7.085606e+01 4.999462e+04 1.597844e-08 3.128879e+12 2.820436e-02 -5.342560e+01 -5.771117e+01 3.027165e+03 3.657629e+00 2.736926e+01 -5.942048e+01 
9.153605e+13 2.502973e+03 6.901578e+01 4.934111e+04 1.459638e-08 3.380366e+12 2.947230e-02 -5.258954e+01 -5.713417e+01 3.032193e+03 3.922246e+00 2.479023e+01 -5.859439e+01 
9.733271e+13 2.263893e+03 6.722330e+01 4.869615e+04 1.333430e-08 3.651948e+12 3.031607e-02 -5.389233e+01 -5.873282e+01 3.045034e+03 4.202011e+00 2.242581e+01 -5.992260e+01 
1.034965e+14 2.050633e+03 6.547737e+01 4.805962e+04 1.218175e-08 3.945216e+12 3.163999e-02 -5.254627e+01 -5.767231e+01 3.049481e+03 4.497784e+00 2.031374e+01 -5.858534e+01 
1.100505e+14 1.854389e+03 6.377679e+01 4.743142e+04 1.112919e-08 4.261892e+12 3.245749e-02 -5.356297e+01 -5.901540e+01 3.062526e+03 4.810477e+00 1.837511e+01 -5.962786e+01 
1.170197e+14 1.679593e+03 6.212038e+01 4.681142e+04 1.016793e-08 4.603830e+12 3.382906e-02 -5.163435e+01 -5.740173e+01 3.066395e+03 5.141051e+00 1.664497e+01 -5.770689e+01 
1.244301e+14 1.518546e+03 6.050699e+01 4.619953e+04 9.290017e-09 4.973029e+12 3.460299e-02 -5.227291e+01 -5.840016e+01 3.079713e+03 5.490520e+00 1.505502e+01 -5.837181e+01 
1.323098e+14 1.375316e+03 5.893550e+01 4.559563e+04 8.488201e-09 5.371648e+12 3.601123e-02 -4.968649e+01 -5.616143e+01 3.083008e+03 5.859951e+00 1.363737e+01 -5.579190e+01 
1.406886e+14 1.243178e+03 5.740483e+01 4.499963e+04 7.755864e-09 5.802014e+12 3.672217e-02 -4.983170e+01 -5.670313e+01 3.096668e+03 6.250473e+00 1.233313e+01 -5.596414e+01 
1.495979e+14 1.125839e+03 5.591391e+01 4.441142e+04 7.086964e-09 6.266635e+12 3.815290e-02 -4.651169e+01 -5.376733e+01 3.099397e+03 6.663273e+00 1.117133e+01 -5.264952e+01 
1.590714e+14 1.017438e+03 5.446171e+01 4.383090e+04 6.475988e-09 6.768218e+12 3.877929e-02 -4.602015e+01 -5.371228e+01 3.113467e+03 7.099607e+00 1.010147e+01 -5.218581e+01 
1.691449e+14 9.213249e+02 5.304723e+01 4.325797e+04 5.917902e-09 7.309679e+12 4.021426e-02 -4.189304e+01 -5.001021e+01 3.115648e+03 7.560794e+00 9.149461e+00 -4.806300e+01 
1.798562e+14 8.324090e+02 5.166948e+01 4.269252e+04 5.408110e-09 7.894167e+12 4.073251e-02 -4.058746e+01 -4.918472e+01 3.130197e+03 8.048229e+00 8.272356e+00 -4.678620e+01 
1.912459e+14 7.536919e+02 5.032752e+01 4.213447e+04 4.942418e-09 8.525072e+12 4.214852e-02 -3.558546e+01 -4.465357e+01 3.131863e+03 8.563378e+00 7.492816e+00 -4.178748e+01 
2.033569e+14 6.807691e+02 4.902041e+01 4.158371e+04 4.516997e-09 9.206053e+12 4.253314e-02 -3.324868e+01 -4.284424e+01 3.146960e+03 9.107793e+00 6.774333e+00 -3.948053e+01 
2.162348e+14 6.163030e+02 4.774725e+01 4.104015e+04 4.128351e-09 9.941053e+12 4.390091e-02 -2.731368e+01 -3.743154e+01 3.148167e+03 9.683100e+00 6.135904e+00 -3.354790e+01 
2.299282e+14 5.565061e+02 4.650716e+01 4.050370e+04 3.773288e-09 1.073433e+13 4.412481e-02 -2.368250e+01 -3.437901e+01 3.163884e+03 1.029102e+01 5.546389e+00 -2.994778e+01 
2.444887e+14 5.037107e+02 4.529928e+01 3.997425e+04 3.448895e-09 1.159045e+13 4.540770e-02 -1.677027e+01 -2.804697e+01 3.164718e+03 1.093337e+01 5.023526e+00 -2.303717e+01 
2.599714e+14 4.546858e+02 4.412276e+01 3.945173e+04 3.152512e-09 1.251438e+13 4.544257e-02 -1.152941e+01 -2.344051e+01 3.181127e+03 1.161206e+01 4.546673e+00 -1.782864e+01 
2.764344e+14 4.114448e+02 4.297680e+01 3.893604e+04 2.881711e-09 1.351143e+13 4.659517e-02 -3.614604e+00 -1.617091e+01 3.181722e+03 1.232910e+01 4.114966e+00 -9.915014e+00 
2.939401e+14 3.712602e+02 4.186061e+01 3.842709e+04 2.634274e-09 1.458735e+13 4.641202e-02 3.612723e+00 -9.636752e+00 3.198902e+03 1.308661e+01 3.711321e+00 -2.721741e+00 
3.125543e+14 3.358379e+02 4.077340e+01 3.792479e+04 2.408177e-09 1.574834e+13 4.737830e-02 1.097345e+01 -3.010439e+00 3.198833e+03 1.388684e+01 3.346395e+00 4.638912e+00 
3.323473e+14 3.029383e+02 3.971444e+01 3.742906e+04 2.201572e-09 1.700106e+13 4.699445e-02 2.035350e+01 5.608917e+00 3.216449e+03 1.473213e+01 3.016042e+00 1.398401e+01 
3.533937e+14 2.739129e+02 3.868297e+01 3.693981e+04 2.012770e-09 1.835272e+13 4.771392e-02 2.871252e+01 1.314933e+01 3.216891e+03 1.562498e+01 2.726693e+00 2.234215e+01 
3.757729e+14 2.469835e+02 3.767830e+01 3.645695e+04 1.840231e-09 1.981108e+13 4.710103e-02 4.052316e+01 2.412394e+01 3.234990e+03 1.656800e+01 2.448201e+00 3.411667e+01 
3.995693e+14 2.231915e+02 3.669971e+01 3.598041e+04 1.682547e-09 2.138449e+13 4.750547e-02 5.002516e+01 3.271286e+01 3.236326e+03 1.756397e+01 2.200934e+00 4.361569e+01 
4.248727e+14 2.011532e+02 3.574655e+01 3.551009e+04 1.538433e-09 2.308198e+13 4.663121e-02 6.455669e+01 4.632261e+01 3.255032e+03 1.861580e+01 1.971243e+00 5.810976e+01 
4.517784e+14 1.816419e+02 3.481814e+01 3.504592e+04 1.406717e-09 2.491328e+13 4.664426e-02 7.534719e+01 5.609403e+01 3.257766e+03 1.972657e+01 1.768703e+00 6.889444e+01 
4.803880e+14 1.636087e+02 3.391384e+01 3.458782e+04 1.286325e-09 2.688886e+13 4.547245e-02 9.291018e+01 7.263865e+01 3.277340e+03 2.089954e+01 1.581739e+00 8.641820e+01 
5.108093e+14 1.475966e+02 3.303303e+01 3.413571e+04 1.176280e-09 2.902005e+13 4.500879e-02 1.051234e+02 8.371369e+01 3.282194e+03 2.213813e+01 1.416186e+00 9.862135e+01 
5.431571e+14 1.328410e+02 3.217509e+01 3.368951e+04 1.075688e-09 3.131904e+13 4.349993e-02 1.260513e+02 1.035137e+02 3.303146e+03 2.344598e+01 1.263744e+00 1.195072e+02 
5.775534e+14 1.196853e+02 3.133944e+01 3.324914e+04 9.837314e-10 3.379900e+13 4.246434e-02 1.397890e+02 1.159780e+02 3.311253e+03 2.482695e+01 1.127766e+00 1.332282e+02 
6.141279e+14 1.076084e+02 3.052549e+01 3.281452e+04 8.996657e-10 3.647413e+13 4.057711e-02 1.644422e+02 1.393772e+02 3.334616e+03 2.628509e+01 1.002622e+00 1.578344e+02 
6.530185e+14 9.677662e+01 2.973268e+01 3.238559e+04 8.228091e-10 3.935979e+13 3.886335e-02 1.797426e+02 1.532478e+02 3.347972e+03 2.782475e+01 8.896493e-01 1.731075e+02 
6.943719e+14 8.688340e+01 2.896047e+01 3.196226e+04 7.525399e-10 4.247252e+13 3.655762e-02 2.085084e+02 1.806106e+02 3.376040e+03 2.945051e+01 7.854900e-01 2.018167e+02 
7.383441e+14 7.792664e+01 2.820830e+01 3.154447e+04 6.882889e-10 4.583027e+13 3.404742e-02 2.253055e+02 1.957917e+02 3.398783e+03 3.116732e+01 6.898715e-01 2.185674e+02 
7.851009e+14 6.980092e+01 2.747568e+01 3.113214e+04 6.295374e-10 4.945240e+13 3.129029e-02 2.585719e+02 2.274719e+02 3.437660e+03 3.298040e+01 6.017016e-01 2.517552e+02 
8.348187e+14 6.231864e+01 2.676208e+01 3.072520e+04 5.758096e-10 5.335999e+13 2.785429e-02 2.766577e+02 2.437144e+02 3.480777e+03 3.489550e+01 5.194422e-01 2.697534e+02 
8.876849e+14 5.558772e+01 2.606701e+01 3.032357e+04 5.266720e-10 5.757582e+13 2.463367e-02 3.146426e+02 2.798828e+02 3.553448e+03 3.691874e+01 4.444742e-01 3.075919e+02 
9.438989e+14 4.913359e+01 2.539000e+01 2.992720e+04 4.817251e-10 6.212506e+13 2.014688e-02 3.337229e+02 2.968450e+02 3.664889e+03 3.905724e+01 3.734694e-01 3.264481e+02 
1.003673e+15 4.332861e+01 2.473057e+01 2.953601e+04 4.406044e-10 6.703521e+13 1.652288e-02 3.751816e+02 3.361803e+02 4.025354e+03 4.131887e+01 3.088571e-01 3.671876e+02 
1.067232e+15 3.623102e+01 2.408827e+01 2.914993e+04 4.029543e-10 7.234054e+13 1.115674e-02 3.956661e+02 3.541533e+02 6.088468e+03 4.371693e+01 2.357161e-01 3.835676e+02 
1.134816e+15 2.279741e+01 2.346265e+01 2.876890e+04 3.683451e-10 7.810312e+13 1.000000e-02 3.774614e+02 3.329144e+02 1.038775e+04 4.629230e+01 1.286731e-01 3.568021e+02 
1.206680e+15 1.194315e+01 2.285327e+01 2.839285e+04 3.364447e-10 8.439084e+13 1.000000e-02 4.252814e+02 3.778071e+02 1.337934e+04 4.908781e+01 5.528246e-02 3.986456e+02 
1.283095e+15 6.119071e+00 2.225973e+01 2.802171e+04 3.071140e-10 9.124204e+13 1.000000e-02 4.496978e+02 3.989415e+02 1.397144e+04 5.211110e+01 2.245674e-02 4.218567e+02 
1.364349e+15 3.012475e+00 2.168160e+01 2.765543e+04 2.802333e-10 9.868715e+13 1.000000e-02 4.822329e+02 4.280065e+02 1.483370e+04 5.535910e+01 8.596033e-03 4.526495e+02 
1.450749e+15 1.449245e+00 2.111848e+01 2.729393e+04 2.556473e-10 1.067640e+14 1.000000e-02 5.061446e+02 4.482223e+02 1.541928e+04 5.883411e+01 3.174029e-03 4.753730e+02 
1.542620e+15 6.795674e-01 2.056999e+01 2.693716e+04 2.331882e-10 1.155168e+14 1.000000e-02 5.318819e+02 4.700694e+02 1.605820e+04 6.254218e+01 1.134335e-03 4.998186e+02 
1.640308e+15 3.113970e-01 2.003575e+01 2.658505e+04 2.126870e-10 1.249961e+14 1.000000e-02 5.567906e+02 4.908786e+02 1.666391e+04 6.649281e+01 3.957744e-04 5.235046e+02 
1.744183e+15 1.393512e-01 1.951538e+01 2.623755e+04 1.939808e-10 1.352585e+14 1.000000e-02 5.828696e+02 5.126369e+02 1.729792e+04 7.069811e+01 1.357907e-04 5.483070e+02 
1.854637e+15 6.087237e-02 1.900852e+01 2.589458e+04 1.769162e-10 1.463664e+14 1.000000e-02 6.101242e+02 5.353316e+02 1.795945e+04 7.517225e+01 4.630271e-05 5.742321e+02 
1.972084e+15 2.593310e-02 1.851483e+01 2.555610e+04 1.613511e-10 1.583882e+14 1.000000e-02 6.389367e+02 5.593253e+02 1.865956e+04 7.993112e+01 1.589085e-05 6.016399e+02 
2.096970e+15 1.076355e-02 1.803397e+01 2.522205e+04 1.471546e-10 1.713983e+14 1.000000e-02 6.695218e+02 5.848113e+02 1.940420e+04 8.499210e+01 5.552485e-06 6.307329e+02 
2.229764e+15 4.347337e-03 1.756559e+01 2.489236e+04 1.342069e-10 1.854775e+14 1.000000e-02 7.020692e+02 6.119562e+02 2.019848e+04 9.037397e+01 1.985492e-06 6.616901e+02 
2.370967e+15 1.706547e-03 1.710937e+01 2.456698e+04 1.223983e-10 2.007134e+14 1.000000e-02 7.367720e+02 6.409289e+02 2.104766e+04 9.609686e+01 7.235299e-07 6.946939e+02 
2.521112e+15 6.502570e-04 1.666501e+01 2.424586e+04 1.116286e-10 2.172011e+14 1.000000e-02 7.737977e+02 6.718718e+02 2.195619e+04 1.021823e+02 2.655756e-07 7.299026e+02 
2.680766e+15 2.401933e-04 1.623218e+01 2.392893e+04 1.018065e-10 2.350431e+14 1.000000e-02 8.133076e+02 7.049201e+02 2.292838e+04 1.086531e+02 9.681049e-08 7.674687e+02 
2.850529e+15 8.589956e-05 1.581060e+01 2.361614e+04 9.284867e-11 2.543509e+14 1.000000e-02 8.554463e+02 7.401915e+02 2.396799e+04 1.155337e+02 3.461295e-08 8.075290e+02 
3.031043e+15 2.970564e-05 1.539997e+01 2.330744e+04 8.467900e-11 2.752447e+14 1.000000e-02 9.003471e+02 7.777915e+02 2.507845e+04 1.228500e+02 1.202673e-08 8.502098e+02 
3.222989e+15 9.921928e-06 1.500000e+01 2.300278e+04 7.722817e-11 2.978548e+14 1.000000e-02 9.481319e+02 8.178135e+02 2.626281e+04 1.306297e+02 4.036652e-09 8.956269e+02 
3.427090e+15 3.197339e-06 1.461042e+01 2.270210e+04 7.043292e-11 3.223223e+14 1.000000e-02 9.989148e+02 8.603410e+02 2.752385e+04 1.389020e+02 1.303871e-09 9.438887e+02 
3.644116e+15 9.930765e-07 1.423096e+01 2.240535e+04 6.423559e-11 3.487997e+14 1.000000e-02 1.052804e+03 9.054508e+02 2.886409e+04 1.476982e+02 4.044010e-10 9.950984e+02 
3.874885e+15 2.970207e-07 1.386135e+01 2.211248e+04 5.858355e-11 3.774521e+14 1.000000e-02 1.109905e+03 9.532149e+02 3.028592e+04 1.570514e+02 1.202737e-10 1.049357e+03 
4.120268e+15 8.547773e-08 1.350134e+01 2.182344e+04 5.342884e-11 4.084581e+14 1.000000e-02 1.170324e+03 1.003704e+03 3.179164e+04 1.669970e+02 3.427314e-11 1.106765e+03 
4.381191e+15 2.365245e-08 1.315069e+01 2.153818e+04 4.872768e-11 4.420111e+14 1.000000e-02 1.234168e+03 1.056987e+03 3.338354e+04 1.775723e+02 9.352677e-12 1.167426e+03 
4.658637e+15 6.289155e-09 1.280914e+01 2.125664e+04 4.444017e-11 4.783204e+14 1.000000e-02 1.301552e+03 1.113140e+03 3.506398e+04 1.888173e+02 2.443246e-12 1.231450e+03 
4.953652e+15 1.606111e-09 1.247646e+01 2.097879e+04 4.052992e-11 5.176124e+14 1.000000e-02 1.372595e+03 1.172238e+03 3.683542e+04 2.007745e+02 6.108636e-13 1.298951e+03 
5.267350e+15 3.937636e-10 1.215242e+01 2.070456e+04 3.696372e-11 5.601320e+14 1.000000e-02 1.447426e+03 1.234366e+03 3.870050e+04 2.134889e+02 1.461483e-13 1.370052e+03 
5.600913e+15 9.264319e-11 1.183679e+01 2.043393e+04 3.371132e-11 6.061444e+14 1.000000e-02 1.526183e+03 1.299615e+03 4.066202e+04 2.270084e+02 3.345522e-14 1.444888e+03 
5.955600e+15 2.091120e-11 1.152937e+01 2.016682e+04 3.074509e-11 6.559365e+14 1.000000e-02 1.609016e+03 1.368082e+03 4.272302e+04 2.413840e+02 7.326860e-15 1.523599e+03 
6.332747e+15 4.527172e-12 1.122993e+01 1.990321e+04 2.803985e-11 7.098188e+14 1.000000e-02 1.696084e+03 1.439871e+03 4.488674e+04 2.566701e+02 1.535086e-15 1.606339e+03 
6.733779e+15 9.398923e-13 1.093826e+01 1.964305e+04 2.557265e-11 7.681273e+14 1.000000e-02 1.787544e+03 1.515085e+03 4.715624e+04 2.729241e+02 3.076767e-16 1.693261e+03 
7.160206e+15 1.870964e-13 1.065418e+01 1.938629e+04 2.332253e-11 8.312257e+14 1.000000e-02 1.883602e+03 1.593866e+03 4.953598e+04 2.902075e+02 5.899362e-17 1.784560e+03 
7.613637e+15 3.570757e-14 1.037746e+01 1.913288e+04 2.127040e-11 8.995072e+14 1.000000e-02 1.984394e+03 1.676285e+03 5.202780e+04 3.085853e+02 1.082150e-17 1.880368e+03 
8.095782e+15 6.531191e-15 1.010794e+01 1.888279e+04 1.939884e-11 9.733978e+14 1.000000e-02 2.089826e+03 1.762179e+03 5.464787e+04 3.281269e+02 1.898566e-18 1.980560e+03 
8.608461e+15 1.141779e-15 1.000000e+01 1.878169e+04 1.769195e-11 1.061595e+15 1.000000e-02 2.205183e+03 1.856758e+03 5.799664e+04 3.489061e+02 3.159059e-19 2.089220e+03 
9.153605e+15 1.901695e-16 1.000000e+01 1.878169e+04 1.613525e-11 1.164016e+15 1.000000e-02 2.365171e+03 1.994670e+03 6.257510e+04 3.710011e+02 5.087561e-20 2.240052e+03 
9.733271e+15 3.008496e-17 1.000000e+01 1.878169e+04 1.471552e-11 1.276318e+15 1.000000e-02 2.567286e+03 2.173341e+03 6.809217e+04 3.944954e+02 8.139480e-21 2.431136e+03 
1.034965e+16 4.489129e-18 1.000000e+01 1.878169e+04 1.342072e-11 1.399455e+15 1.000000e-02 2.803445e+03 2.384607e+03 7.461580e+04 4.194774e+02 1.283061e-21 2.654254e+03 
1.100505e+16 6.280694e-19 1.000000e+01 1.878169e+04 1.223984e-11 1.534472e+15 1.000000e-02 3.075590e+03 2.630307e+03 8.221717e+04 4.460415e+02 1.931314e-22 2.911204e+03 
1.170197e+16 8.355776e-20 1.000000e+01 1.878169e+04 1.116287e-11 1.682515e+15 1.000000e-02 3.395308e+03 2.921899e+03 9.056044e+04 4.742877e+02 2.678891e-23 3.214243e+03 
1.244301e+16 5.308944e-21 1.000000e+01 1.878169e+04 1.018066e-11 1.844841e+15 0.000000e+00 5.043227e+02 0.000000e+00 0.000000e+00 5.043227e+02 1.479038e-24 0.000000e+00 
1.323098e+16 6.047341e-23 1.000000e+01 1.878169e+04 9.284868e-12 2.022828e+15 0.000000e+00 5.362598e+02 0.000000e+00 0.000000e+00 5.362598e+02 0.000000e+00 0.000000e+00 
1.406886e+16 5.329721e-25 1.000000e+01 1.878169e+04 8.467900e-12 2.217987e+15 0.000000e+00 5.702193e+02 0.000000e+00 0.000000e+00 5.702193e+02 0.000000e+00 0.000000e+00 
1.495979e+16 3.869640e-27 1.000000e+01 1.878169e+04 7.722817e-12 2.431975e+15 0.000000e+00 6.063293e+02 0.000000e+00 0.000000e+00 6.063293e+02 0.000000e+00 0.000000e+00 
1.590714e+16 2.440089e-29 1.000000e+01 1.878169e+04 7.043292e-12 2.666607e+15 0.000000e+00 6.447261e+02 0.000000e+00 0.000000e+00 6.447261e+02 0.000000e+00 0.000000e+00 
1.691449e+16 1.394739e-31 1.000000e+01 1.878169e+04 6.423559e-12 2.923876e+15 0.000000e+00 6.855544e+02 0.000000e+00 0.000000e+00 6.855544e+02 0.000000e+00 0.000000e+00 
1.798562e+16 7.451738e-34 1.000000e+01 1.878169e+04 5.858355e-12 3.205967e+15 0.000000e+00 7.289682e+02 0.000000e+00 0.000000e+00 7.289682e+02 0.000000e+00 0.000000e+00 
1.912459e+16 3.784043e-36 1.000000e+01 1.878169e+04 5.342884e-12 3.515273e+15 0.000000e+00 7.751312e+02 0.000000e+00 0.000000e+00 7.751312e+02 0.000000e+00 0.000000e+00 
2.033569e+16 1.834501e-38 1.000000e+01 1.878169e+04 4.872768e-12 3.854420e+15 0.000000e+00 8.242176e+02 0.000000e+00 0.000000e+00 8.242176e+02 0.000000e+00 0.000000e+00 
2.162348e+16 8.468005e-41 1.000000e+01 1.878169e+04 4.444017e-12 4.226287e+15 0.000000e+00 8.764125e+02 0.000000e+00 0.000000e+00 8.764125e+02 0.000000e+00 0.000000e+00 
2.299282e+16 3.705034e-43 1.000000e+01 1.878169e+04 4.052992e-12 4.634032e+15 0.000000e+00 9.319127e+02 0.000000e+00 0.000000e+00 9.319127e+02 0.000000e+00 0.000000e+00 
2.444887e+16 1.531563e-45 1.000000e+01 1.878169e+04 3.696372e-12 5.081115e+15 0.000000e+00 9.909275e+02 0.000000e+00 0.000000e+00 9.909275e+02 0.000000e+00 0.000000e+00 
2.599714e+16 5.974430e-48 1.000000e+01 1.878169e+04 3.371132e-12 5.571332e+15 0.000000e+00 1.053680e+03 0.000000e+00 0.000000e+00 1.053680e+03 0.000000e+00 0.000000e+00 
2.764344e+16 2.200577e-50 1.000000e+01 1.878169e+04 3.074509e-12 6.108844e+15 0.000000e+00 1.120405e+03 0.000000e+00 0.000000e+00 1.120405e+03 0.000000e+00 0.000000e+00 
2.939401e+16 7.666991e-53 1.000000e+01 1.878169e+04 2.803985e-12 6.698214e+15 0.000000e+00 1.191357e+03 0.000000e+00 0.000000e+00 1.191357e+03 0.000000e+00 0.000000e+00 
3.125543e+16 2.532867e-55 1.000000e+01 1.878169e+04 2.557265e-12 7.344446e+15 0.000000e+00 1.266801e+03 0.000000e+00 0.000000e+00 1.266801e+03 0.000000e+00 0.000000e+00 
3.323473e+16 7.955546e-58 1.000000e+01 1.878169e+04 2.332253e-12 8.053025e+15 0.000000e+00 1.347024e+03 0.000000e+00 0.000000e+00 1.347024e+03 0.000000e+00 0.000000e+00 
3.533937e+16 2.382275e-60 1.000000e+01 1.878169e+04 2.127040e-12 8.829966e+15 0.000000e+00 1.432326e+03 0.000000e+00 0.000000e+00 1.432326e+03 0.000000e+00 0.000000e+00 
3.757729e+16 6.819282e-63 1.000000e+01 1.878169e+04 1.939884e-12 9.681865e+15 0.000000e+00 1.523030e+03 0.000000e+00 0.000000e+00 1.523030e+03 0.000000e+00 0.000000e+00 
3.995693e+16 1.870712e-65 1.000000e+01 1.878169e+04 1.769195e-12 1.061595e+16 0.000000e+00 1.619479e+03 0.000000e+00 0.000000e+00 1.619479e+03 0.000000e+00 0.000000e+00 
4.248727e+16 4.929622e-68 1.000000e+01 1.878169e+04 1.613525e-12 1.164016e+16 0.000000e+00 1.722035e+03 0.000000e+00 0.000000e+00 1.722035e+03 0.000000e+00 0.000000e+00 
4.517784e+16 1.250518e-70 1.000000e+01 1.878169e+04 1.471552e-12 1.276318e+16 0.000000e+00 1.831085e+03 0.000000e+00 0.000000e+00 1.831085e+03 0.000000e+00 0.000000e+00 
4.803880e+16 3.059692e-73 1.000000e+01 1.878169e+04 1.342072e-12 1.399455e+16 0.000000e+00 1.947042e+03 0.000000e+00 0.000000e+00 1.947042e+03 0.000000e+00 0.000000e+00 
5.108093e+16 7.233204e-76 1.000000e+01 1.878169e+04 1.223984e-12 1.534472e+16 0.000000e+00 2.070341e+03 0.000000e+00 0.000000e+00 2.070341e+03 0.000000e+00 0.000000e+00 
5.431571e+16 1.654692e-78 1.000000e+01 1.878169e+04 1.116287e-12 1.682515e+16 0.000000e+00 2.201449e+03 0.000000e+00 0.000000e+00 2.201449e+03 0.000000e+00 0.000000e+00 
5.775534e+16 3.667959e-81 1.000000e+01 1.878169e+04 1.018066e-12 1.844841e+16 0.000000e+00 2.340859e+03 0.000000e+00 0.000000e+00 2.340859e+03 0.000000e+00 0.000000e+00 
6.141279e+16 7.887944e-84 1.000000e+01 1.878169e+04 9.284868e-13 2.022828e+16 0.000000e+00 2.489097e+03 0.000000e+00 0.000000e+00 2.489097e+03 0.000000e+00 0.000000e+00 
6.530185e+16 1.647322e-86 1.000000e+01 1.878169e+04 8.467900e-13 2.217987e+16 0.000000e+00 2.646723e+03 0.000000e+00 0.000000e+00 2.646723e+03 0.000000e+00 0.000000e+00 
6.943719e+16 3.343882e-89 1.000000e+01 1.878169e+04 7.722817e-13 2.431975e+16 0.000000e+00 2.814331e+03 0.000000e+00 0.000000e+00 2.814331e+03 0.000000e+00 0.000000e+00 
7.383441e+16 6.602540e-92 1.000000e+01 1.878169e+04 7.043292e-13 2.666607e+16 0.000000e+00 2.992553e+03 0.000000e+00 0.000000e+00 2.992553e+03 0.000000e+00 0.000000e+00 
7.851009e+16 1.268951e-94 1.000000e+01 1.878169e+04 6.423559e-13 2.923876e+16 0.000000e+00 3.182061e+03 0.000000e+00 0.000000e+00 3.182061e+03 0.000000e+00 0.000000e+00 
8.348187e+16 2.375214e-97 1.000000e+01 1.878169e+04 5.858355e-13 3.205967e+16 0.000000e+00 3.383570e+03 0.000000e+00 0.000000e+00 3.383570e+03 0.000000e+00 0.000000e+00 
8.876849e+16 4.332172e-100 1.000000e+01 1.878169e+04 5.342884e-13 3.515273e+16 0.000000e+00 3.597840e+03 0.000000e+00 0.000000e+00 3.597840e+03 0.000000e+00 0.000000e+00 
9.438989e+16 7.702881e-103 1.000000e+01 1.878169e+04 4.872768e-13 3.854420e+16 0.000000e+00 3.825679e+03 0.000000e+00 0.000000e+00 3.825679e+03 0.000000e+00 0.000000e+00 
1.003673e+17 1.335760e-105 1.000000e+01 1.878169e+04 4.444017e-13 4.226287e+16 0.000000e+00 4.067946e+03 0.000000e+00 0.000000e+00 4.067946e+03 0.000000e+00 0.000000e+00 
1.067232e+17 2.259967e-108 1.000000e+01 1.878169e+04 4.052992e-13 4.634032e+16 0.000000e+00 4.325556e+03 0.000000e+00 0.000000e+00 4.325556e+03 0.000000e+00 0.000000e+00 
1.134816e+17 3.731966e-111 1.000000e+01 1.878169e+04 3.696372e-13 5.081115e+16 0.000000e+00 4.599478e+03 0.000000e+00 0.000000e+00 4.599478e+03 0.000000e+00 0.000000e+00 
1.206680e+17 6.017167e-114 1.000000e+01 1.878169e+04 3.371132e-13 5.571332e+16 0.000000e+00 4.890747e+03 0.000000e+00 0.000000e+00 4.890747e+03 0.000000e+00 0.000000e+00 
1.283095e+17 9.475871e-117 1.000000e+01 1.878169e+04 3.074509e-13 6.108844e+16 0.000000e+00 5.200462e+03 0.000000e+00 0.000000e+00 5.200462e+03 0.000000e+00 0.000000e+00 
1.364349e+17 1.458043e-119 1.000000e+01 1.878169e+04 2.803985e-13 6.698214e+16 0.000000e+00 5.529789e+03 0.000000e+00 0.000000e+00 5.529789e+03 0.000000e+00 0.000000e+00 
1.450749e+17 2.196436e-122 1.000000e+01 1.878169e+04 2.557265e-13 7.344446e+16 0.000000e+00 5.879972e+03 0.000000e+00 0.000000e+00 5.879972e+03 0.000000e+00 0.000000e+00 
