time(s)          = 1.104492e+13
time(solar year) = 3.500000e+05
star mass (g)    = 2.353766e+33
star mass (Msun) = 1.183749e+00
total mass (g)   = 2.859697e+33
mdot (g/s)       = 1.164375e+19
mdot (Msun/yr)   = 1.847923e-07
1.542620e+13 2.640889e+03 1.480393e+02 7.226421e+04 2.068713e-07 3.493196e+11 1.000000e-02 -4.500894e+01 -4.654871e+01 7.260252e+02 1.644555e-03 8.750877e+01 -4.641437e+01 
1.640308e+13 2.613963e+03 1.441944e+02 7.131961e+04 1.886792e-07 3.779941e+11 1.000000e-02 -4.428008e+01 -4.576271e+01 1.556385e+03 5.281752e-03 8.162707e+01 -4.729855e+01 
1.744183e+13 2.583477e+03 1.404494e+02 7.038736e+04 1.720880e-07 4.090196e+11 1.000000e-02 -4.364204e+01 -4.502633e+01 1.585854e+03 9.447050e-03 7.599367e+01 -4.672307e+01 
1.854637e+13 2.548378e+03 1.368016e+02 6.946729e+04 1.569568e-07 4.425887e+11 1.000000e-02 -4.299212e+01 -4.430802e+01 1.616181e+03 1.419172e-02 7.186803e+01 -4.613578e+01 
1.972084e+13 2.510070e+03 1.332486e+02 6.855925e+04 1.431572e-07 4.789090e+11 1.000000e-02 -4.238630e+01 -4.364032e+01 1.644325e+03 1.957065e-02 6.792686e+01 -4.558825e+01 
2.096970e+13 2.468193e+03 1.297879e+02 6.766309e+04 1.305719e-07 5.182055e+11 1.000000e-02 -4.178031e+01 -4.297756e+01 1.672954e+03 2.564304e-02 6.415221e+01 -4.504141e+01 
2.229764e+13 2.423477e+03 1.264170e+02 6.677863e+04 1.190942e-07 5.607213e+11 1.000000e-02 -4.119560e+01 -4.234136e+01 1.700535e+03 3.247218e-02 6.055226e+01 -4.451372e+01 
2.370967e+13 2.375927e+03 1.231337e+02 6.590574e+04 1.086265e-07 6.067189e+11 1.000000e-02 -4.061202e+01 -4.171088e+01 1.728233e+03 4.012596e-02 5.711828e+01 -4.398730e+01 
2.521112e+13 2.325987e+03 1.199357e+02 6.504426e+04 9.907994e-08 6.564826e+11 1.000000e-02 -4.003722e+01 -4.109370e+01 1.755431e+03 4.867689e-02 5.385002e+01 -4.346860e+01 
2.680766e+13 2.273795e+03 1.168207e+02 6.419403e+04 9.037350e-08 7.103192e+11 1.000000e-02 -3.946128e+01 -4.047954e+01 1.782663e+03 5.820243e-02 5.074066e+01 -4.294874e+01 
2.850529e+13 2.219666e+03 1.137866e+02 6.335492e+04 8.243321e-08 7.685607e+11 1.000000e-02 -3.888631e+01 -3.987039e+01 1.809691e+03 6.878512e-02 4.778648e+01 -4.242937e+01 
3.031043e+13 2.163783e+03 1.108314e+02 6.252678e+04 7.519164e-08 8.315656e+11 1.000000e-02 -3.830688e+01 -3.926060e+01 1.836776e+03 8.051289e-02 4.498114e+01 -4.190558e+01 
3.222989e+13 2.106396e+03 1.079529e+02 6.170947e+04 6.858731e-08 8.997214e+11 1.000000e-02 -3.772287e+01 -3.864996e+01 1.863835e+03 9.347919e-02 4.231954e+01 -4.137708e+01 
3.427090e+13 2.047696e+03 1.051491e+02 6.090284e+04 6.256412e-08 9.734468e+11 1.000000e-02 -3.713087e+01 -3.803492e+01 1.891007e+03 1.077833e-01 3.979555e+01 -4.084074e+01 
3.644116e+13 1.987898e+03 1.024182e+02 6.010675e+04 5.707092e-08 1.053194e+12 1.000000e-02 -3.652987e+01 -3.741441e+01 1.918278e+03 1.235303e-01 3.740361e+01 -4.029554e+01 
3.874885e+13 1.927186e+03 9.975815e+01 5.932107e+04 5.206107e-08 1.139452e+12 1.000000e-02 -3.591740e+01 -3.678589e+01 1.945731e+03 1.408317e-01 3.513781e+01 -3.973914e+01 
4.120268e+13 1.865752e+03 9.716723e+01 5.854565e+04 4.749201e-08 1.232747e+12 1.000000e-02 -3.529212e+01 -3.614798e+01 1.973377e+03 1.598052e-01 3.299259e+01 -3.917025e+01 
4.381191e+13 1.803771e+03 9.464360e+01 5.778038e+04 4.332495e-08 1.333651e+12 1.000000e-02 -3.465196e+01 -3.549861e+01 2.001272e+03 1.805751e-01 3.096235e+01 -3.858692e+01 
4.658637e+13 1.741414e+03 9.218552e+01 5.702510e+04 3.952450e-08 1.442779e+12 1.000000e-02 -3.399548e+01 -3.483634e+01 2.029441e+03 2.032725e-01 2.904173e+01 -3.798774e+01 
4.953652e+13 1.678846e+03 8.979127e+01 5.627970e+04 3.605838e-08 1.560794e+12 1.000000e-02 -3.332081e+01 -3.415930e+01 2.057925e+03 2.280353e-01 2.722549e+01 -3.737094e+01 
5.267350e+13 1.616222e+03 8.745921e+01 5.554405e+04 3.289716e-08 1.688415e+12 1.000000e-02 -3.262648e+01 -3.346607e+01 2.086753e+03 2.550085e-01 2.550859e+01 -3.673510e+01 
5.600913e+13 1.553694e+03 8.518772e+01 5.481801e+04 3.001400e-08 1.826414e+12 1.000000e-02 -3.191068e+01 -3.275489e+01 2.115961e+03 2.843442e-01 2.388616e+01 -3.607849e+01 
5.955600e+13 1.491404e+03 8.297522e+01 5.410146e+04 2.738441e-08 1.975629e+12 1.000000e-02 -3.117202e+01 -3.202443e+01 2.145577e+03 3.162020e-01 2.235355e+01 -3.539977e+01 
6.332747e+13 1.429490e+03 8.082018e+01 5.339427e+04 2.498607e-08 2.136961e+12 1.000000e-02 -3.040864e+01 -3.127291e+01 2.175633e+03 3.507487e-01 2.090630e+01 -3.469715e+01 
6.733779e+13 1.368083e+03 7.872112e+01 5.269633e+04 2.279862e-08 2.311383e+12 1.000000e-02 -2.961932e+01 -3.049922e+01 2.206157e+03 3.881588e-01 1.954010e+01 -3.396946e+01 
7.160206e+13 1.307309e+03 7.667657e+01 5.200751e+04 2.080347e-08 2.499944e+12 1.000000e-02 -2.880209e+01 -2.970148e+01 2.237177e+03 4.286145e-01 1.825091e+01 -3.321481e+01 
7.613637e+13 1.247283e+03 7.468513e+01 5.132770e+04 1.898371e-08 2.703776e+12 1.000000e-02 -2.795602e+01 -2.887889e+01 2.268722e+03 4.723054e-01 1.703478e+01 -3.243230e+01 
8.095782e+13 1.188123e+03 7.274540e+01 5.065677e+04 1.732387e-08 2.924102e+12 1.000000e-02 -2.707897e+01 -2.802943e+01 2.300814e+03 5.194291e-01 1.588806e+01 -3.161985e+01 
8.608461e+13 1.129929e+03 7.085606e+01 4.999462e+04 1.580988e-08 3.162238e+12 1.000000e-02 -2.617045e+01 -2.715276e+01 2.333480e+03 5.701911e-01 1.480715e+01 -3.077701e+01 
9.153605e+13 1.072809e+03 6.901578e+01 4.934111e+04 1.442889e-08 3.419605e+12 1.000000e-02 -2.522807e+01 -2.624665e+01 2.366738e+03 6.248048e-01 1.378877e+01 -2.990145e+01 
9.733271e+13 1.016849e+03 6.722330e+01 4.869615e+04 1.316919e-08 3.697733e+12 1.000000e-02 -2.425203e+01 -2.531147e+01 2.400612e+03 6.834915e-01 1.282965e+01 -2.899340e+01 
1.034965e+14 9.621473e+02 6.547737e+01 4.805962e+04 1.202009e-08 3.998276e+12 1.000000e-02 -2.323960e+01 -2.434465e+01 2.435109e+03 7.464810e-01 1.192685e+01 -2.805016e+01 
1.100505e+14 9.087752e+02 6.377679e+01 4.743142e+04 1.097184e-08 4.323014e+12 1.000000e-02 -2.219192e+01 -2.334756e+01 2.470255e+03 8.140111e-01 1.107740e+01 -2.707290e+01 
1.170197e+14 8.568218e+02 6.212038e+01 4.681142e+04 1.001557e-08 4.673866e+12 1.000000e-02 -2.110590e+01 -2.231728e+01 2.506037e+03 8.863283e-01 1.027869e+01 -2.605853e+01 
1.244301e+14 8.063426e+02 6.050699e+01 4.619953e+04 9.143165e-09 5.052903e+12 1.000000e-02 -1.998382e+01 -2.125635e+01 2.542489e+03 9.636879e-01 9.528032e+00 -2.500939e+01 
1.323098e+14 7.574184e+02 5.893550e+01 4.559563e+04 8.347247e-09 5.462356e+12 1.000000e-02 -1.882242e+01 -2.016167e+01 2.579563e+03 1.046354e+00 8.823118e+00 -2.392211e+01 
1.406886e+14 7.100881e+02 5.740483e+01 4.499963e+04 7.621074e-09 5.904631e+12 1.000000e-02 -1.762507e+01 -1.903694e+01 2.617312e+03 1.134601e+00 8.161490e+00 -2.280019e+01 
1.495979e+14 6.644230e+02 5.591391e+01 4.441142e+04 6.958503e-09 6.382323e+12 1.000000e-02 -1.638886e+01 -1.787942e+01 2.655632e+03 1.228713e+00 7.541103e+00 -2.164049e+01 
1.590714e+14 6.204460e+02 5.446171e+01 4.383090e+04 6.353934e-09 6.898230e+12 1.000000e-02 -1.511785e+01 -1.669353e+01 2.694609e+03 1.328985e+00 6.959740e+00 -2.044726e+01 
1.691449e+14 5.782168e+02 5.304723e+01 4.325797e+04 5.802258e-09 7.455368e+12 1.000000e-02 -1.381047e+01 -1.547791e+01 2.734074e+03 1.435722e+00 6.415530e+00 -1.921859e+01 
1.798562e+14 5.377430e+02 5.166948e+01 4.269252e+04 5.298817e-09 8.056991e+12 1.000002e-02 -1.247078e+01 -1.423699e+01 2.774206e+03 1.549243e+00 5.906527e+00 -1.795889e+01 
1.912459e+14 4.990657e+02 5.032752e+01 4.213447e+04 4.839367e-09 8.706608e+12 1.000014e-02 -1.110015e+01 -1.297243e+01 2.814941e+03 1.669881e+00 5.430935e+00 -1.666941e+01 
2.033569e+14 4.621690e+02 4.902041e+01 4.158371e+04 4.420034e-09 9.408006e+12 1.000066e-02 -9.704600e+00 -1.169067e+01 2.856915e+03 1.797981e+00 4.987056e+00 -1.535742e+01 
2.162348e+14 4.270520e+02 4.774725e+01 4.104015e+04 4.037291e-09 1.016527e+13 1.000238e-02 -8.293835e+00 -1.040185e+01 2.900633e+03 1.933907e+00 4.573007e+00 -1.403362e+01 
2.299282e+14 3.936581e+02 4.650716e+01 4.050370e+04 3.687917e-09 1.098281e+13 1.000687e-02 -6.890056e+00 -9.128790e+00 2.946909e+03 2.078035e+00 4.187326e+00 -1.272183e+01 
2.444887e+14 3.619637e+02 4.529928e+01 3.997425e+04 3.368978e-09 1.186540e+13 1.001622e-02 -5.513625e+00 -7.892428e+00 2.995322e+03 2.230760e+00 3.828539e+00 -1.144156e+01 
2.599714e+14 3.319382e+02 4.412276e+01 3.945173e+04 3.077798e-09 1.281817e+13 1.003226e-02 -4.211007e+00 -6.740134e+00 3.044118e+03 2.392496e+00 3.497085e+00 -1.023576e+01 
2.764344e+14 3.036463e+02 4.297680e+01 3.893604e+04 2.811938e-09 1.384669e+13 1.005577e-02 -2.961418e+00 -5.651313e+00 3.090832e+03 2.563682e+00 3.193990e+00 -9.078723e+00 
2.939401e+14 2.771016e+02 4.186061e+01 3.842709e+04 2.569176e-09 1.495697e+13 1.008564e-02 -1.824905e+00 -4.686900e+00 3.133159e+03 2.744788e+00 2.914907e+00 -8.025982e+00 
3.125543e+14 2.524112e+02 4.077340e+01 3.792479e+04 2.347488e-09 1.615548e+13 1.012071e-02 -6.864720e-01 -3.730415e+00 3.170364e+03 2.936317e+00 2.641720e+00 -6.961516e+00 
3.323473e+14 2.294936e+02 3.971444e+01 3.742906e+04 2.145029e-09 1.744921e+13 1.015743e-02 3.406280e-01 -2.897249e+00 3.202818e+03 3.138811e+00 2.383889e+00 -5.999144e+00 
3.533937e+14 2.084268e+02 3.868297e+01 3.693981e+04 1.960119e-09 1.884570e+13 1.019604e-02 1.286613e+00 -2.157648e+00 3.228635e+03 3.352850e+00 2.148196e+00 -5.104773e+00 
3.757729e+14 1.890645e+02 3.767830e+01 3.645695e+04 1.791226e-09 2.035307e+13 1.023301e-02 2.286801e+00 -1.375535e+00 3.253110e+03 3.579055e+00 1.930475e+00 -4.153649e+00 
3.995693e+14 1.713557e+02 3.669971e+01 3.598041e+04 1.636955e-09 2.198008e+13 1.026819e-02 3.290915e+00 -6.024904e-01 3.274259e+03 3.818087e+00 1.733507e+00 -3.192013e+00 
4.248727e+14 1.551674e+02 3.574655e+01 3.551009e+04 1.496032e-09 2.373618e+13 1.029899e-02 4.369149e+00 2.316519e-01 3.294677e+03 4.070644e+00 1.554797e+00 -2.154828e+00 
4.517784e+14 1.404076e+02 3.481814e+01 3.504592e+04 1.367296e-09 2.563156e+13 1.032500e-02 5.502675e+00 1.107090e+00 3.313667e+03 4.337471e+00 1.393763e+00 -1.059514e+00 
4.803880e+14 1.269544e+02 3.391384e+01 3.458782e+04 1.249686e-09 2.767721e+13 1.034422e-02 6.733153e+00 2.065067e+00 3.332690e+03 4.619352e+00 1.248643e+00 1.326960e-01 
5.108093e+14 1.147093e+02 3.303303e+01 3.413571e+04 1.142236e-09 2.988499e+13 1.035613e-02 8.064913e+00 3.109041e+00 3.351682e+03 4.917120e+00 1.119718e+00 1.426354e+00 
5.431571e+14 1.035626e+02 3.217509e+01 3.368951e+04 1.044063e-09 3.226771e+13 1.035902e-02 9.528030e+00 4.268553e+00 3.371765e+03 5.231654e+00 1.003161e+00 2.849198e+00 
5.775534e+14 9.342159e+01 3.133944e+01 3.324914e+04 9.543610e-10 3.483916e+13 1.035239e-02 1.114179e+01 5.562102e+00 3.393350e+03 5.563888e+00 8.976720e-01 4.419689e+00 
6.141279e+14 8.418850e+01 3.052549e+01 3.281452e+04 8.723953e-10 3.761428e+13 1.033485e-02 1.294065e+01 7.023399e+00 3.417878e+03 5.914808e+00 8.019786e-01 6.169401e+00 
6.530185e+14 7.577841e+01 2.973268e+01 3.238559e+04 7.974943e-10 4.060918e+13 1.030624e-02 1.495972e+01 8.686738e+00 3.446657e+03 6.285462e+00 7.150747e-01 8.130841e+00 
6.943719e+14 6.810227e+01 2.896047e+01 3.196226e+04 7.290448e-10 4.384129e+13 1.026606e-02 1.725552e+01 1.060791e+01 3.482556e+03 6.676964e+00 6.358768e-01 1.035483e+01 
7.383441e+14 6.107863e+01 2.820830e+01 3.154447e+04 6.664865e-10 4.732949e+13 1.021560e-02 1.989604e+01 1.285410e+01 3.529459e+03 7.090504e+00 5.634727e-01 1.290164e+01 
7.851009e+14 5.461867e+01 2.747568e+01 3.113214e+04 6.093075e-10 5.109430e+13 1.015735e-02 2.299311e+01 1.553655e+01 3.594514e+03 7.527361e+00 4.969207e-01 1.586889e+01 
8.348187e+14 4.863385e+01 2.676208e+01 3.072520e+04 5.570394e-10 5.515803e+13 1.009758e-02 2.669541e+01 1.880337e+01 3.687527e+03 7.988922e+00 4.354002e-01 1.938579e+01 
8.876849e+14 4.302944e+01 2.606701e+01 3.032357e+04 5.092535e-10 5.954515e+13 1.004627e-02 3.122353e+01 2.287494e+01 3.818936e+03 8.476719e+00 3.781051e-01 2.365217e+01 
9.438989e+14 3.773649e+01 2.539000e+01 2.992720e+04 4.655570e-10 6.428257e+13 1.001423e-02 3.679750e+01 2.797088e+01 3.988388e+03 8.992463e+00 3.245263e-01 2.888872e+01 
1.003673e+15 3.274524e+01 2.473057e+01 2.953601e+04 4.255913e-10 6.939994e+13 1.000227e-02 4.350549e+01 3.417755e+01 4.181307e+03 9.538086e+00 2.747246e-01 3.521242e+01 
1.067232e+15 2.810043e+01 2.408827e+01 2.914993e+04 3.890302e-10 7.492974e+13 1.000014e-02 5.123162e+01 4.137506e+01 4.384843e+03 1.011574e+01 2.291514e-01 4.253284e+01 
1.134816e+15 2.383519e+01 2.346265e+01 2.876890e+04 3.555778e-10 8.090746e+13 1.000000e-02 5.991545e+01 4.949854e+01 4.603751e+03 1.072780e+01 1.880008e-01 5.077996e+01 
1.206680e+15 1.996006e+01 2.285327e+01 2.839285e+04 3.249657e-10 8.737183e+13 1.000000e-02 6.957850e+01 5.856525e+01 4.846228e+03 1.137688e+01 1.513691e-01 5.995895e+01 
1.283095e+15 1.647987e+01 2.225973e+01 2.802171e+04 2.969499e-10 9.436512e+13 1.000000e-02 8.024326e+01 6.859322e+01 5.114990e+03 1.206586e+01 1.193804e-01 7.008680e+01 
1.364349e+15 1.339693e+01 2.168160e+01 2.765543e+04 2.713087e-10 1.019334e+14 1.000000e-02 9.193156e+01 7.959971e+01 5.410808e+03 1.279785e+01 9.209803e-02 8.118377e+01 
1.450749e+15 1.070827e+01 2.111848e+01 2.729393e+04 2.478410e-10 1.101268e+14 1.000000e-02 1.046606e+02 9.159733e+01 5.734348e+03 1.357622e+01 6.942275e-02 9.326574e+01 
1.542620e+15 8.404647e+00 2.056999e+01 2.693716e+04 2.263637e-10 1.189995e+14 1.000000e-02 1.184371e+02 1.045880e+02 6.085811e+03 1.440459e+01 5.108002e-02 1.063389e+02 
1.640308e+15 6.468948e+00 2.003575e+01 2.658505e+04 2.067104e-10 1.286101e+14 1.000000e-02 1.332706e+02 1.185766e+02 6.465609e+03 1.528675e+01 3.664807e-02 1.204121e+02 
1.744183e+15 4.876586e+00 1.951538e+01 2.623755e+04 1.887296e-10 1.390219e+14 1.000000e-02 1.491609e+02 1.335582e+02 6.873763e+03 1.622669e+01 2.561248e-02 1.354850e+02 
1.854637e+15 3.596146e+00 1.900852e+01 2.589458e+04 1.722830e-10 1.503026e+14 1.000000e-02 1.661113e+02 1.495314e+02 7.310453e+03 1.722855e+01 1.741772e-02 1.515607e+02 
1.972084e+15 2.591173e+00 1.851483e+01 2.555610e+04 1.572439e-10 1.625253e+14 1.000000e-02 1.841199e+02 1.664898e+02 7.775665e+03 1.829662e+01 1.151370e-02 1.686372e+02 
2.096970e+15 1.822284e+00 1.803397e+01 2.522205e+04 1.434962e-10 1.757680e+14 1.000000e-02 2.031873e+02 1.844292e+02 8.269479e+03 1.943529e+01 7.390558e-03 1.867149e+02 
2.229764e+15 1.249530e+00 1.756559e+01 2.489236e+04 1.309333e-10 1.901149e+14 1.000000e-02 2.233126e+02 2.033445e+02 8.791927e+03 2.064911e+01 4.602063e-03 2.057931e+02 
2.370967e+15 8.345768e-01 1.710937e+01 2.456698e+04 1.194567e-10 2.056560e+14 1.000000e-02 2.444971e+02 2.232324e+02 9.343108e+03 2.194273e+01 2.777411e-03 2.258727e+02 
2.521112e+15 5.424748e-01 1.666501e+01 2.424586e+04 1.089758e-10 2.224884e+14 1.000000e-02 2.667426e+02 2.440903e+02 9.923152e+03 2.332103e+01 1.623188e-03 2.469553e+02 
2.680766e+15 3.428613e-01 1.623218e+01 2.392893e+04 9.940702e-11 2.407167e+14 1.000000e-02 2.900531e+02 2.659177e+02 1.053225e+04 2.478908e+01 9.179122e-04 2.690446e+02 
2.850529e+15 2.105434e-01 1.581060e+01 2.361614e+04 9.067308e-11 2.604537e+14 1.000000e-02 3.144346e+02 2.887158e+02 1.117066e+04 2.635221e+01 5.019244e-04 2.921461e+02 
3.031043e+15 1.255259e-01 1.539997e+01 2.330744e+04 8.270285e-11 2.818216e+14 1.000000e-02 3.398951e+02 3.124879e+02 1.183870e+04 2.801609e+01 2.652308e-04 3.162673e+02 
3.222989e+15 7.261128e-02 1.500000e+01 2.300278e+04 7.543076e-11 3.049523e+14 1.000000e-02 3.664454e+02 3.372396e+02 1.253674e+04 2.978675e+01 1.353786e-04 3.414183e+02 
3.427090e+15 4.072757e-02 1.461042e+01 2.270210e+04 6.879654e-11 3.299890e+14 1.000000e-02 3.940989e+02 3.629786e+02 1.326522e+04 3.167061e+01 6.672100e-05 3.676115e+02 
3.644116e+15 2.213839e-02 1.423096e+01 2.240535e+04 6.274482e-11 3.570869e+14 1.000000e-02 4.228716e+02 3.897149e+02 1.402464e+04 3.367457e+01 3.174458e-05 3.948621e+02 
3.874885e+15 1.165626e-02 1.386135e+01 2.211248e+04 5.722487e-11 3.864139e+14 1.000000e-02 4.527823e+02 4.174609e+02 1.481554e+04 3.580600e+01 1.457969e-05 4.231879e+02 
4.120268e+15 5.942015e-03 1.350134e+01 2.182344e+04 5.219019e-11 4.181522e+14 1.000000e-02 4.838528e+02 4.462310e+02 1.563852e+04 3.807280e+01 6.464782e-06 4.526094e+02 
4.381191e+15 2.931546e-03 1.315069e+01 2.153818e+04 4.759827e-11 4.524992e+14 1.000000e-02 5.161076e+02 4.760422e+02 1.649422e+04 4.048342e+01 2.768400e-06 4.831498e+02 
4.658637e+15 1.399253e-03 1.280914e+01 2.125664e+04 4.341026e-11 4.896686e+14 1.000000e-02 5.495740e+02 5.069134e+02 1.738334e+04 4.304685e+01 1.145537e-06 5.148353e+02 
4.953652e+15 6.459526e-04 1.247646e+01 2.097879e+04 3.959069e-11 5.298919e+14 1.000000e-02 5.842820e+02 5.388655e+02 1.830661e+04 4.577273e+01 4.583835e-07 5.476943e+02 
5.267350e+15 2.883345e-04 1.215242e+01 2.070456e+04 3.610717e-11 5.734197e+14 1.000000e-02 6.202645e+02 5.719215e+02 1.926481e+04 4.867128e+01 1.775497e-07 5.817581e+02 
5.600913e+15 1.244196e-04 1.183679e+01 2.043393e+04 3.293014e-11 6.205234e+14 1.000000e-02 6.575569e+02 6.061063e+02 2.025875e+04 5.175343e+01 6.665028e-08 6.170606e+02 
5.955600e+15 5.189178e-05 1.152937e+01 2.016682e+04 3.003265e-11 6.714966e+14 1.000000e-02 6.961972e+02 6.414465e+02 2.128930e+04 5.503077e+01 2.428076e-08 6.536379e+02 
6.332747e+15 2.091523e-05 1.122993e+01 1.990321e+04 2.739011e-11 7.266570e+14 1.000000e-02 7.362249e+02 6.779694e+02 2.235733e+04 5.851567e+01 8.596523e-09 6.915280e+02 
6.733779e+15 8.145807e-06 1.093826e+01 1.964305e+04 2.498008e-11 7.863487e+14 1.000000e-02 7.776797e+02 7.157015e+02 2.346367e+04 6.222126e+01 2.962079e-09 7.307687e+02 
7.160206e+15 3.065345e-06 1.065418e+01 1.938629e+04 2.278210e-11 8.509438e+14 1.000000e-02 8.205779e+02 7.546451e+02 2.460871e+04 6.616152e+01 9.945569e-10 7.713757e+02 
7.613637e+15 1.114711e-06 1.037746e+01 1.913288e+04 2.077752e-11 9.208451e+14 1.000000e-02 8.649082e+02 7.947740e+02 2.579036e+04 7.035130e+01 3.257849e-10 8.133418e+02 
8.095782e+15 3.914623e-07 1.010794e+01 1.888279e+04 1.894933e-11 9.964885e+14 1.000000e-02 9.095778e+02 8.349790e+02 2.701720e+04 7.480641e+01 1.041139e-10 8.555570e+02 
8.608461e+15 1.324176e-07 1.000000e+01 1.878169e+04 1.728199e-11 1.086778e+15 1.000000e-02 9.565426e+02 8.771994e+02 2.856384e+04 7.954364e+01 3.237981e-11 8.994281e+02 
9.153605e+15 4.331201e-08 1.000000e+01 1.878169e+04 1.576136e-11 1.191629e+15 1.000000e-02 1.017036e+03 9.326529e+02 3.045905e+04 8.458087e+01 9.833039e-12 9.561308e+02 
9.733271e+15 1.380300e-08 1.000000e+01 1.878169e+04 1.437453e-11 1.306595e+15 1.000000e-02 1.084281e+03 9.945417e+02 3.238698e+04 8.993708e+01 2.936113e-12 1.019520e+03 
1.034965e+16 4.292677e-09 1.000000e+01 1.878169e+04 1.310973e-11 1.432653e+15 1.000000e-02 1.153636e+03 1.058202e+03 3.436969e+04 9.563249e+01 8.625820e-13 1.084909e+03 
1.100505e+16 1.302628e-09 1.000000e+01 1.878169e+04 1.195622e-11 1.570873e+15 1.000000e-02 1.227088e+03 1.125600e+03 3.646903e+04 1.016886e+02 2.489818e-13 1.154162e+03 
1.170197e+16 3.858783e-10 1.000000e+01 1.878169e+04 1.090420e-11 1.722428e+15 1.000000e-02 1.304145e+03 1.196221e+03 3.866870e+04 1.081282e+02 7.055145e-14 1.226820e+03 
1.244301e+16 1.116146e-10 1.000000e+01 1.878169e+04 9.944748e-12 1.888604e+15 1.000000e-02 1.385255e+03 1.270489e+03 4.098196e+04 1.149755e+02 1.960536e-14 1.303305e+03 
1.323098e+16 3.153266e-11 1.000000e+01 1.878169e+04 9.069718e-12 2.070813e+15 1.000000e-02 1.470534e+03 1.348491e+03 4.341147e+04 1.222565e+02 5.338367e-15 1.383725e+03 
1.406886e+16 8.703223e-12 1.000000e+01 1.878169e+04 8.271681e-12 2.270602e+15 1.000000e-02 1.560235e+03 1.430456e+03 4.596426e+04 1.299986e+02 1.423276e-15 1.468321e+03 
1.495979e+16 2.347404e-12 1.000000e+01 1.878169e+04 7.543863e-12 2.489665e+15 1.000000e-02 1.654578e+03 1.516572e+03 4.864619e+04 1.382310e+02 3.713351e-16 1.557300e+03 
1.590714e+16 6.188483e-13 1.000000e+01 1.878169e+04 6.880085e-12 2.729864e+15 1.000000e-02 1.753812e+03 1.607058e+03 5.146405e+04 1.469847e+02 9.476510e-17 1.650898e+03 
1.691449e+16 1.595024e-13 1.000000e+01 1.878169e+04 6.274712e-12 2.993236e+15 1.000000e-02 1.858185e+03 1.702129e+03 5.442444e+04 1.562927e+02 2.364839e-17 1.749351e+03 
1.798562e+16 4.019941e-14 1.000000e+01 1.878169e+04 5.722605e-12 3.282018e+15 1.000000e-02 1.968007e+03 1.802059e+03 5.753589e+04 1.661902e+02 5.769551e-18 1.852950e+03 
1.912459e+16 9.908891e-15 1.000000e+01 1.878169e+04 5.219078e-12 3.598661e+15 1.000000e-02 2.083544e+03 1.907078e+03 6.080545e+04 1.767145e+02 1.376023e-18 1.961949e+03 
2.033569e+16 2.389232e-15 1.000000e+01 1.878169e+04 4.759856e-12 3.945854e+15 1.000000e-02 2.205115e+03 2.017463e+03 6.424175e+04 1.879052e+02 3.208021e-19 2.076647e+03 
2.162348e+16 5.636239e-16 1.000000e+01 1.878169e+04 4.341040e-12 4.326542e+15 1.000000e-02 2.333042e+03 2.133497e+03 6.785350e+04 1.998046e+02 7.311164e-20 2.197351e+03 
2.299282e+16 1.301017e-16 1.000000e+01 1.878169e+04 3.959076e-12 4.743959e+15 1.000000e-02 2.467669e+03 2.255475e+03 7.164989e+04 2.124575e+02 1.628928e-20 2.324385e+03 
2.444887e+16 2.939018e-17 1.000000e+01 1.878169e+04 3.610720e-12 5.201648e+15 1.000000e-02 2.609330e+03 2.383688e+03 7.563996e+04 2.259117e+02 3.548345e-21 2.458067e+03 
2.599714e+16 6.498643e-18 1.000000e+01 1.878169e+04 3.293016e-12 5.703494e+15 1.000000e-02 2.758284e+03 2.518340e+03 7.983020e+04 2.402180e+02 7.558129e-22 2.598640e+03 
2.764344e+16 1.406868e-18 1.000000e+01 1.878169e+04 3.003266e-12 6.253756e+15 1.000000e-02 2.914779e+03 2.659628e+03 8.422547e+04 2.554301e+02 1.574325e-22 2.746345e+03 
2.939401e+16 2.980591e-19 1.000000e+01 1.878169e+04 2.739011e-12 6.857108e+15 1.000000e-02 3.072829e+03 2.801505e+03 8.872920e+04 2.716056e+02 3.203043e-23 2.895387e+03 
3.125543e+16 6.487054e-20 1.000000e+01 1.878169e+04 2.498008e-12 7.518669e+15 1.000000e-02 3.276753e+03 2.988233e+03 9.261639e+04 2.888055e+02 6.602719e-24 3.091537e+03 
3.323473e+16 6.753982e-21 1.000000e+01 1.878169e+04 2.278210e-12 8.244056e+15 0.000000e+00 3.070946e+02 0.000000e+00 0.000000e+00 3.070946e+02 5.826977e-25 0.000000e+00 
3.533937e+16 8.492269e-23 1.000000e+01 1.878169e+04 2.077752e-12 9.039428e+15 0.000000e+00 3.265418e+02 0.000000e+00 0.000000e+00 3.265418e+02 0.000000e+00 0.000000e+00 
3.757729e+16 8.400940e-25 1.000000e+01 1.878169e+04 1.894933e-12 9.911536e+15 0.000000e+00 3.472206e+02 0.000000e+00 0.000000e+00 3.472206e+02 0.000000e+00 0.000000e+00 
3.995693e+16 7.082078e-27 1.000000e+01 1.878169e+04 1.728199e-12 1.086778e+16 0.000000e+00 3.692089e+02 0.000000e+00 0.000000e+00 3.692089e+02 0.000000e+00 0.000000e+00 
4.248727e+16 5.501252e-29 1.000000e+01 1.878169e+04 1.576136e-12 1.191629e+16 0.000000e+00 3.925896e+02 0.000000e+00 0.000000e+00 3.925896e+02 0.000000e+00 0.000000e+00 
4.517784e+16 4.199852e-31 1.000000e+01 1.878169e+04 1.437453e-12 1.306595e+16 0.000000e+00 4.174510e+02 0.000000e+00 0.000000e+00 4.174510e+02 0.000000e+00 0.000000e+00 
4.803880e+16 3.263821e-33 1.000000e+01 1.878169e+04 1.310973e-12 1.432653e+16 0.000000e+00 4.438867e+02 0.000000e+00 0.000000e+00 4.438867e+02 0.000000e+00 0.000000e+00 
5.108093e+16 2.594360e-35 1.000000e+01 1.878169e+04 1.195622e-12 1.570873e+16 0.000000e+00 4.719965e+02 0.000000e+00 0.000000e+00 4.719965e+02 0.000000e+00 0.000000e+00 
5.431571e+16 2.091537e-37 1.000000e+01 1.878169e+04 1.090420e-12 1.722428e+16 0.000000e+00 5.018864e+02 0.000000e+00 0.000000e+00 5.018864e+02 0.000000e+00 0.000000e+00 
5.775534e+16 1.698748e-39 1.000000e+01 1.878169e+04 9.944748e-13 1.888604e+16 0.000000e+00 5.336692e+02 0.000000e+00 0.000000e+00 5.336692e+02 0.000000e+00 0.000000e+00 
6.141279e+16 1.387974e-41 1.000000e+01 1.878169e+04 9.069718e-13 2.070813e+16 0.000000e+00 5.674646e+02 0.000000e+00 0.000000e+00 5.674646e+02 0.000000e+00 0.000000e+00 
6.530185e+16 1.142169e-43 1.000000e+01 1.878169e+04 8.271681e-13 2.270602e+16 0.000000e+00 6.034002e+02 0.000000e+00 0.000000e+00 6.034002e+02 0.000000e+00 0.000000e+00 
6.943719e+16 9.478824e-46 1.000000e+01 1.878169e+04 7.543863e-13 2.489665e+16 0.000000e+00 6.416115e+02 0.000000e+00 0.000000e+00 6.416115e+02 0.000000e+00 0.000000e+00 
7.383441e+16 7.939019e-48 1.000000e+01 1.878169e+04 6.880085e-13 2.729864e+16 0.000000e+00 6.822425e+02 0.000000e+00 0.000000e+00 6.822425e+02 0.000000e+00 0.000000e+00 
7.851009e+16 6.712896e-50 1.000000e+01 1.878169e+04 6.274712e-13 2.993236e+16 0.000000e+00 7.254466e+02 0.000000e+00 0.000000e+00 7.254466e+02 0.000000e+00 0.000000e+00 
8.348187e+16 5.731932e-52 1.000000e+01 1.878169e+04 5.722605e-13 3.282018e+16 0.000000e+00 7.713867e+02 0.000000e+00 0.000000e+00 7.713867e+02 0.000000e+00 0.000000e+00 
8.876849e+16 4.944173e-54 1.000000e+01 1.878169e+04 5.219078e-13 3.598661e+16 0.000000e+00 8.202359e+02 0.000000e+00 0.000000e+00 8.202359e+02 0.000000e+00 0.000000e+00 
9.438989e+16 4.309964e-56 1.000000e+01 1.878169e+04 4.759856e-13 3.945854e+16 0.000000e+00 8.721787e+02 0.000000e+00 0.000000e+00 8.721787e+02 0.000000e+00 0.000000e+00 
1.003673e+17 3.798748e-58 1.000000e+01 1.878169e+04 4.341040e-13 4.326542e+16 0.000000e+00 9.274108e+02 0.000000e+00 0.000000e+00 9.274108e+02 0.000000e+00 0.000000e+00 
1.067232e+17 3.386851e-60 1.000000e+01 1.878169e+04 3.959076e-13 4.743959e+16 0.000000e+00 9.861405e+02 0.000000e+00 0.000000e+00 9.861405e+02 0.000000e+00 0.000000e+00 
1.134816e+17 3.055907e-62 1.000000e+01 1.878169e+04 3.610720e-13 5.201648e+16 0.000000e+00 1.048589e+03 0.000000e+00 0.000000e+00 1.048589e+03 0.000000e+00 0.000000e+00 
1.206680e+17 2.791690e-64 1.000000e+01 1.878169e+04 3.293016e-13 5.703494e+16 0.000000e+00 1.114993e+03 0.000000e+00 0.000000e+00 1.114993e+03 0.000000e+00 0.000000e+00 
1.283095e+17 2.583221e-66 1.000000e+01 1.878169e+04 3.003266e-13 6.253756e+16 0.000000e+00 1.185602e+03 0.000000e+00 0.000000e+00 1.185602e+03 0.000000e+00 0.000000e+00 
1.364349e+17 2.422078e-68 1.000000e+01 1.878169e+04 2.739011e-13 6.857108e+16 0.000000e+00 1.260682e+03 0.000000e+00 0.000000e+00 1.260682e+03 0.000000e+00 0.000000e+00 
1.450749e+17 2.327237e-70 1.000000e+01 1.878169e+04 2.498008e-13 7.518669e+16 0.000000e+00 1.340516e+03 0.000000e+00 0.000000e+00 1.340516e+03 0.000000e+00 0.000000e+00 
