time(s)          = 5.680246e+12
time(solar year) = 1.800000e+05
star mass (g)    = 1.500519e+33
star mass (Msun) = 7.546363e-01
total mass (g)   = 1.865980e+33
mdot (g/s)       = 4.552959e+20
mdot (Msun/yr)   = 7.225778e-06
1.542620e+13 4.205951e+04 1.480393e+02 7.226421e+04 1.652751e-07 4.372359e+11 3.594232e-02 -1.616425e+02 -1.623695e+02 1.517511e+03 -1.025320e+00 4.500954e+02 -1.646452e+02 
1.640308e+13 3.817006e+04 1.441944e+02 7.131961e+04 1.509289e-07 4.725378e+11 3.847331e-02 -1.390183e+02 -1.393388e+02 3.398100e+03 -1.127152e+00 3.813353e+02 -1.457471e+02 
1.744183e+13 3.456415e+04 1.404494e+02 7.038736e+04 1.378320e-07 5.106751e+11 4.023908e-02 -2.032321e+01 -1.933543e+01 3.472340e+03 -1.239287e+00 3.310077e+02 -2.720198e+01 
1.854637e+13 3.110811e+04 1.368016e+02 6.946729e+04 1.258745e-07 5.518773e+11 3.950395e-02 2.508248e+01 2.662876e+01 3.524404e+03 -1.362809e+00 2.979917e+02 1.810053e+01 
1.972084e+13 2.808497e+04 1.332486e+02 6.855925e+04 1.149570e-07 5.963904e+11 4.003500e-02 -1.046334e+02 -1.041923e+02 3.465602e+03 -1.498917e+00 2.693226e+02 -1.114986e+02 
2.096970e+13 2.549102e+04 1.297879e+02 6.766309e+04 1.049894e-07 6.444754e+11 4.283709e-02 -1.752874e+02 -1.753749e+02 3.427637e+03 -1.648934e+00 2.448955e+02 -1.820772e+02 
2.229764e+13 2.311180e+04 1.264170e+02 6.677863e+04 9.588911e-08 6.964152e+11 4.530092e-02 -1.522388e+01 -1.360858e+01 3.509530e+03 -1.814334e+00 2.223248e+02 -2.217605e+01 
2.370967e+13 2.076998e+04 1.231337e+02 6.590574e+04 8.757983e-08 7.525218e+11 4.375231e-02 4.859979e+01 5.101273e+01 3.576654e+03 -1.996774e+00 2.002139e+02 4.151474e+01 
2.521112e+13 1.876108e+04 1.199357e+02 6.504426e+04 7.999244e-08 8.131300e+11 4.450601e-02 -1.725130e+01 -1.526955e+01 3.541114e+03 -2.198100e+00 1.811210e+02 -2.426579e+01 
2.680766e+13 1.692648e+04 1.168207e+02 6.419403e+04 7.306428e-08 8.785966e+11 4.471514e-02 -7.442360e+01 -7.277084e+01 3.531878e+03 -2.420359e+00 1.637485e+02 -8.141959e+01 
2.850529e+13 1.534010e+04 1.137866e+02 6.335492e+04 6.673812e-08 9.493064e+11 4.700778e-02 -3.696951e+01 -3.470736e+01 3.540148e+03 -2.665846e+00 1.486078e+02 -4.398184e+01 
3.031043e+13 1.381109e+04 1.108314e+02 6.252678e+04 6.096140e-08 1.025678e+12 4.620321e-02 -2.542269e+01 -2.277617e+01 3.577899e+03 -2.937136e+00 1.340735e+02 -3.250966e+01 
3.222989e+13 1.250818e+04 1.079529e+02 6.170947e+04 5.568626e-08 1.108163e+12 4.819598e-02 -3.041350e+01 -2.751278e+01 3.563846e+03 -3.237123e+00 1.215930e+02 -3.747254e+01 
3.427090e+13 1.126533e+04 1.051491e+02 6.090284e+04 5.086904e-08 1.197248e+12 4.750645e-02 -5.089271e+01 -4.785744e+01 3.585515e+03 -3.569059e+00 1.097254e+02 -5.799451e+01 
3.644116e+13 1.021357e+04 1.024182e+02 6.010675e+04 4.646992e-08 1.293455e+12 5.004926e-02 -3.815549e+01 -3.462540e+01 3.575241e+03 -3.936614e+00 9.960445e+01 -4.523687e+01 
3.874885e+13 9.193178e+03 9.975815e+01 5.932107e+04 4.245250e-08 1.397352e+12 4.900374e-02 -4.865377e+01 -4.481643e+01 3.606917e+03 -4.343941e+00 8.982590e+01 -5.579775e+01 
4.120268e+13 8.339004e+03 9.716723e+01 5.854565e+04 3.878358e-08 1.509547e+12 5.183040e-02 -3.965003e+01 -3.526870e+01 3.590825e+03 -4.795758e+00 8.157048e+01 -4.676207e+01 
4.381191e+13 7.503052e+03 9.464360e+01 5.778038e+04 3.543284e-08 1.630702e+12 5.052435e-02 -5.440264e+01 -4.966083e+01 3.624224e+03 -5.297439e+00 7.353281e+01 -6.158069e+01 
4.658637e+13 6.810550e+03 9.218552e+01 5.702510e+04 3.237261e-08 1.761523e+12 5.374399e-02 -4.224983e+01 -3.682585e+01 3.604945e+03 -5.855142e+00 6.681078e+01 -4.938963e+01 
4.953652e+13 6.124680e+03 8.979127e+01 5.627970e+04 2.957762e-08 1.902780e+12 5.209189e-02 -5.633710e+01 -5.042632e+01 3.643057e+03 -6.475953e+00 6.019565e+01 -6.355224e+01 
5.267350e+13 5.562804e+03 8.745921e+01 5.554405e+04 2.702484e-08 2.055296e+12 5.568393e-02 -4.243486e+01 -3.568847e+01 3.619794e+03 -7.168085e+00 5.471870e+01 -4.960389e+01 
5.600913e+13 4.999719e+03 8.518772e+01 5.481801e+04 2.469319e-08 2.219965e+12 5.363578e-02 -5.649124e+01 -4.910446e+01 3.662336e+03 -7.941126e+00 4.927399e+01 -6.374437e+01 
5.955600e+13 4.543712e+03 8.297522e+01 5.410146e+04 2.256347e-08 2.397745e+12 5.759606e-02 -4.026173e+01 -3.184104e+01 3.635133e+03 -8.806384e+00 4.481250e+01 -4.746096e+01 
6.332747e+13 4.081063e+03 8.082018e+01 5.339427e+04 2.061813e-08 2.589676e+12 5.508531e-02 -5.327043e+01 -4.399957e+01 3.682648e+03 -9.777336e+00 4.033140e+01 -6.056360e+01 
6.733779e+13 3.710793e+03 7.872112e+01 5.269633e+04 1.884116e-08 2.796874e+12 5.938340e-02 -3.448114e+01 -2.392049e+01 3.651484e+03 -1.087031e+01 3.669658e+01 -4.171256e+01 
7.160206e+13 3.330362e+03 7.667657e+01 5.200751e+04 1.721792e-08 3.020546e+12 5.633488e-02 -4.527242e+01 -3.357321e+01 3.704463e+03 -1.210541e+01 3.300686e+01 -5.260859e+01 
7.613637e+13 3.029509e+03 7.468513e+01 5.132770e+04 1.573509e-08 3.261990e+12 6.091072e-02 -2.361761e+01 -1.028665e+01 3.669460e+03 -1.350812e+01 3.004005e+01 -3.088446e+01 
8.095782e+13 2.716414e+03 7.274540e+01 5.065677e+04 1.438045e-08 3.522613e+12 5.723706e-02 -3.016809e+01 -1.528443e+01 3.728636e+03 -1.511168e+01 2.699855e+01 -3.755195e+01 
8.608461e+13 2.471702e+03 7.085606e+01 4.999462e+04 1.314291e-08 3.803924e+12 6.197974e-02 -5.200131e+00 1.180092e+01 3.690204e+03 -1.696177e+01 2.461127e+01 -1.250778e+01 
9.153605e+13 2.213755e+03 6.901578e+01 4.934111e+04 1.201228e-08 4.107558e+12 5.757468e-02 -3.912989e+00 1.528480e+01 3.756787e+03 -1.912545e+01 2.208643e+01 -1.135235e+01 
9.733271e+13 2.014318e+03 6.722330e+01 4.869615e+04 1.097929e-08 4.435272e+12 6.228260e-02 2.387509e+01 4.596525e+01 3.715551e+03 -2.171346e+01 2.012642e+01 1.651747e+01 
1.034965e+14 1.801589e+03 6.547737e+01 4.805962e+04 1.003548e-08 4.788971e+12 5.703841e-02 3.763635e+01 6.313216e+01 3.790999e+03 -2.495145e+01 1.798267e+01 3.012923e+01 
1.100505e+14 1.638532e+03 6.377679e+01 4.743142e+04 9.173111e-09 5.170701e+12 6.138778e-02 8.003718e+01 1.108159e+02 3.753195e+03 -2.976421e+01 1.632665e+01 7.260474e+01 
1.170197e+14 1.461926e+03 6.212038e+01 4.681142e+04 8.385108e-09 5.582685e+12 5.484534e-02 1.542323e+02 1.909665e+02 3.855973e+03 -3.494241e+01 1.447478e+01 1.465958e+02 
1.244301e+14 1.325578e+03 6.050699e+01 4.619953e+04 7.665014e-09 6.027324e+12 5.730234e-02 1.420342e+02 1.819177e+02 3.805310e+03 -3.819035e+01 1.304020e+01 1.344975e+02 
1.323098e+14 1.182104e+03 5.893550e+01 4.559563e+04 7.006954e-09 6.507197e+12 5.083863e-02 1.641522e+02 2.064879e+02 3.881077e+03 -4.041920e+01 1.154102e+01 1.564649e+02 
1.406886e+14 1.071210e+03 5.740483e+01 4.499963e+04 6.405564e-09 7.025084e+12 5.279573e-02 1.489086e+02 1.934637e+02 3.830256e+03 -4.277579e+01 1.038678e+01 1.413215e+02 
1.495979e+14 9.547819e+02 5.591391e+01 4.441142e+04 5.855947e-09 7.583986e+12 4.650709e-02 1.743240e+02 2.216233e+02 3.907894e+03 -4.526737e+01 9.183767e+00 1.665825e+02 
1.590714e+14 8.644685e+02 5.446171e+01 4.383090e+04 5.353628e-09 8.187139e+12 4.787510e-02 1.558455e+02 2.056131e+02 3.858554e+03 -4.790157e+01 8.251477e+00 1.482012e+02 
1.691449e+14 7.700502e+02 5.304723e+01 4.325797e+04 4.894521e-09 8.838038e+12 4.183551e-02 1.843210e+02 2.371513e+02 3.938183e+03 -5.068651e+01 7.285578e+00 1.765182e+02 
1.798562e+14 6.963656e+02 5.166948e+01 4.269252e+04 4.474893e-09 9.540455e+12 4.252893e-02 1.625137e+02 2.180933e+02 3.891923e+03 -5.363077e+01 6.530801e+00 1.548019e+02 
1.912459e+14 6.198323e+02 5.032752e+01 4.213447e+04 4.091337e-09 1.029846e+13 3.681674e-02 1.936243e+02 2.526130e+02 3.974191e+03 -5.674344e+01 5.754415e+00 1.857488e+02 
2.033569e+14 5.595514e+02 4.902041e+01 4.158371e+04 3.740735e-09 1.111646e+13 3.675817e-02 1.685611e+02 2.306171e+02 3.933640e+03 -6.003422e+01 5.138705e+00 1.607651e+02 
2.162348e+14 4.975059e+02 4.774725e+01 4.104015e+04 3.420245e-09 1.199919e+13 3.145332e-02 2.016860e+02 2.675246e+02 4.020608e+03 -6.351335e+01 4.508714e+00 1.937168e+02 
2.299282e+14 4.479550e+02 4.650716e+01 4.050370e+04 3.127265e-09 1.295180e+13 3.057878e-02 1.736887e+02 2.429525e+02 3.990946e+03 -6.719188e+01 3.995159e+00 1.657772e+02 
2.444887e+14 3.975494e+02 4.529928e+01 3.997425e+04 2.859422e-09 1.397984e+13 2.575970e-02 2.080147e+02 2.814564e+02 4.089188e+03 -7.108144e+01 3.471252e+00 1.999069e+02 
2.599714e+14 3.563927e+02 4.412276e+01 3.945173e+04 2.614542e-09 1.508935e+13 2.402650e-02 1.776890e+02 2.549566e+02 4.084063e+03 -7.519487e+01 3.026278e+00 1.695894e+02 
2.764344e+14 3.150737e+02 4.297680e+01 3.893604e+04 2.390641e-09 1.628686e+13 1.977222e-02 2.122024e+02 2.940596e+02 4.220770e+03 -7.954578e+01 2.576335e+00 2.038290e+02 
2.939401e+14 2.797678e+02 4.186061e+01 3.842709e+04 2.185896e-09 1.757956e+13 1.718162e-02 1.802305e+02 2.663651e+02 4.303847e+03 -8.414990e+01 2.176466e+00 1.716890e+02 
3.125543e+14 2.442295e+02 4.077340e+01 3.792479e+04 1.998637e-09 1.897533e+13 1.362400e-02 2.132470e+02 3.043873e+02 4.807885e+03 -8.902489e+01 1.769633e+00 2.037001e+02 
3.323473e+14 2.046943e+02 3.971444e+01 3.742906e+04 1.827247e-09 2.048386e+13 1.056180e-02 1.781136e+02 2.739797e+02 6.674850e+03 -9.420019e+01 1.321621e+00 1.648492e+02 
3.533937e+14 1.387149e+02 3.868297e+01 3.693981e+04 1.669964e-09 2.212013e+13 1.000000e-02 1.693030e+02 2.703775e+02 1.002623e+04 -9.974690e+01 7.427941e-01 1.493571e+02 
3.757729e+14 8.775730e+01 3.767830e+01 3.645695e+04 1.525392e-09 2.390005e+13 1.000000e-02 1.734626e+02 2.802869e+02 1.119654e+04 -1.057347e+02 3.735600e-01 1.511642e+02 
3.995693e+14 5.518910e+01 3.669971e+01 3.598041e+04 1.392712e-09 2.583477e+13 1.000000e-02 1.779311e+02 2.910141e+02 1.147591e+04 -1.121823e+02 1.864925e-01 1.550563e+02 
4.248727e+14 3.383985e+01 3.574655e+01 3.551009e+04 1.271155e-09 2.793529e+13 1.000000e-02 1.893977e+02 3.092697e+02 1.201827e+04 -1.191014e+02 9.180151e-02 1.654259e+02 
4.517784e+14 2.049579e+01 3.481814e+01 3.504592e+04 1.159927e-09 3.021390e+13 1.000000e-02 1.953919e+02 3.225587e+02 1.238775e+04 -1.265084e+02 4.546852e-02 1.706709e+02 
4.803880e+14 1.216448e+01 3.391384e+01 3.458782e+04 1.058250e-09 3.268398e+13 1.000000e-02 2.043559e+02 3.393585e+02 1.287737e+04 -1.344221e+02 2.257444e-02 1.786485e+02 
5.108093e+14 7.112008e+00 3.303303e+01 3.413571e+04 9.653691e-10 3.536027e+13 1.000000e-02 2.105460e+02 3.539307e+02 1.329288e+04 -1.428655e+02 1.130120e-02 1.840021e+02 
5.431571e+14 4.086727e+00 3.217509e+01 3.368951e+04 8.805668e-10 3.825889e+13 1.000000e-02 2.174793e+02 3.698183e+02 1.375128e+04 -1.518645e+02 5.674255e-03 1.900146e+02 
5.775534e+14 2.310686e+00 3.133944e+01 3.324914e+04 8.031688e-10 4.139745e+13 1.000000e-02 2.235792e+02 3.854669e+02 1.420024e+04 -1.614484e+02 2.846655e-03 1.952133e+02 
6.141279e+14 1.284444e+00 3.052549e+01 3.281452e+04 7.325463e-10 4.479515e+13 1.000000e-02 2.299133e+02 4.019743e+02 1.467478e+04 -1.716501e+02 1.418138e-03 2.005957e+02 
6.530185e+14 7.017108e-01 2.973268e+01 3.238559e+04 6.681173e-10 4.847291e+13 1.000000e-02 2.362270e+02 4.191187e+02 1.516731e+04 -1.825053e+02 6.981215e-04 2.059221e+02 
6.943719e+14 3.764926e-01 2.896047e+01 3.196226e+04 6.093454e-10 5.245344e+13 1.000000e-02 2.427587e+02 4.371759e+02 1.568639e+04 -1.940530e+02 3.381864e-04 2.114137e+02 
7.383441e+14 1.982432e-01 2.820830e+01 3.154447e+04 5.557379e-10 5.676141e+13 1.000000e-02 2.495043e+02 4.561831e+02 1.623318e+04 -2.063355e+02 1.607143e-04 2.170638e+02 
7.851009e+14 1.023658e-01 2.747568e+01 3.113214e+04 5.068435e-10 6.142357e+13 1.000000e-02 2.564852e+02 4.762063e+02 1.680975e+04 -2.193982e+02 7.475604e-05 2.228898e+02 
8.348187e+14 5.179491e-02 2.676208e+01 3.072520e+04 4.622491e-10 6.646891e+13 1.000000e-02 2.636879e+02 4.972806e+02 1.741748e+04 -2.332895e+02 3.397830e-05 2.288754e+02 
8.876849e+14 2.566245e-02 2.606701e+01 3.032357e+04 4.215775e-10 7.192883e+13 1.000000e-02 2.710442e+02 5.193894e+02 1.805585e+04 -2.480615e+02 1.507291e-05 2.349532e+02 
9.438989e+14 1.244138e-02 2.539000e+01 2.992720e+04 3.844838e-10 7.783734e+13 1.000000e-02 2.783027e+02 5.423366e+02 1.872175e+04 -2.637695e+02 6.518575e-06 2.408783e+02 
1.003673e+15 5.905459e-03 2.473057e+01 2.953601e+04 3.506537e-10 8.423127e+13 1.000000e-02 2.850586e+02 5.657764e+02 1.939832e+04 -2.804726e+02 2.749013e-06 2.462794e+02 
1.067232e+15 2.737912e-03 2.408827e+01 2.914993e+04 3.198002e-10 9.115045e+13 1.000000e-02 2.886701e+02 5.871288e+02 2.005650e+04 -2.982337e+02 1.126441e-06 2.485730e+02 
1.134816e+15 1.266849e-03 2.346265e+01 2.876890e+04 2.916613e-10 9.863804e+13 1.000000e-02 2.889217e+02 6.062457e+02 2.049859e+04 -3.171197e+02 4.579211e-07 2.479388e+02 
1.206680e+15 5.439089e-04 2.285327e+01 2.839285e+04 2.659983e-10 1.067407e+14 1.000000e-02 2.491380e+02 5.865090e+02 2.076414e+04 -3.372017e+02 1.689600e-07 2.076221e+02 
1.283095e+15 3.359077e-04 2.225973e+01 2.802171e+04 2.425933e-10 1.155090e+14 1.000000e-02 2.450001e+02 6.036646e+02 1.846523e+04 -3.585555e+02 6.460992e-08 2.080762e+02 
1.364349e+15 7.412526e-23 1.000000e+01 1.878169e+04 2.212478e-10 8.488987e+13 0.000000e+00 -3.812616e+02 0.000000e+00 0.000000e+00 -3.812616e+02 1.433021e-08 0.000000e+00 
1.450749e+15 0.000000e+00 1.000000e+01 1.878169e+04 2.017804e-10 9.307989e+13 0.000000e+00 -4.054055e+02 0.000000e+00 0.000000e+00 -4.054055e+02 0.000000e+00 0.000000e+00 
1.542620e+15 0.000000e+00 1.000000e+01 1.878169e+04 1.840259e-10 1.020601e+14 0.000000e+00 -4.310785e+02 0.000000e+00 0.000000e+00 -4.310785e+02 0.000000e+00 0.000000e+00 
1.640308e+15 0.000000e+00 1.000000e+01 1.878169e+04 1.678336e-10 1.119066e+14 0.000000e+00 -4.583772e+02 0.000000e+00 0.000000e+00 -4.583772e+02 0.000000e+00 0.000000e+00 
1.744183e+15 0.000000e+00 1.000000e+01 1.878169e+04 1.530661e-10 1.227032e+14 0.000000e+00 -4.874047e+02 0.000000e+00 0.000000e+00 -4.874047e+02 0.000000e+00 0.000000e+00 
1.854637e+15 0.000000e+00 1.000000e+01 1.878169e+04 1.395979e-10 1.345414e+14 0.000000e+00 -5.182703e+02 0.000000e+00 0.000000e+00 -5.182703e+02 0.000000e+00 0.000000e+00 
1.972084e+15 0.000000e+00 1.000000e+01 1.878169e+04 1.273148e-10 1.475217e+14 0.000000e+00 -5.510906e+02 0.000000e+00 0.000000e+00 -5.510906e+02 0.000000e+00 0.000000e+00 
2.096970e+15 0.000000e+00 1.000000e+01 1.878169e+04 1.161125e-10 1.617543e+14 0.000000e+00 -5.859893e+02 0.000000e+00 0.000000e+00 -5.859893e+02 0.000000e+00 0.000000e+00 
2.229764e+15 0.000000e+00 1.000000e+01 1.878169e+04 1.058958e-10 1.773601e+14 0.000000e+00 -6.230980e+02 0.000000e+00 0.000000e+00 -6.230980e+02 0.000000e+00 0.000000e+00 
2.370967e+15 0.000000e+00 1.000000e+01 1.878169e+04 9.657815e-11 1.944715e+14 0.000000e+00 -6.625566e+02 0.000000e+00 0.000000e+00 -6.625566e+02 0.000000e+00 0.000000e+00 
2.521112e+15 0.000000e+00 1.000000e+01 1.878169e+04 8.808032e-11 2.132337e+14 0.000000e+00 -7.045141e+02 0.000000e+00 0.000000e+00 -7.045141e+02 0.000000e+00 0.000000e+00 
2.680766e+15 0.000000e+00 1.000000e+01 1.878169e+04 8.033021e-11 2.338061e+14 0.000000e+00 -7.491285e+02 0.000000e+00 0.000000e+00 -7.491285e+02 0.000000e+00 0.000000e+00 
2.850529e+15 0.000000e+00 1.000000e+01 1.878169e+04 7.326202e-11 2.563633e+14 0.000000e+00 -7.965683e+02 0.000000e+00 0.000000e+00 -7.965683e+02 0.000000e+00 0.000000e+00 
3.031043e+15 0.000000e+00 1.000000e+01 1.878169e+04 6.681576e-11 2.810968e+14 0.000000e+00 -8.470122e+02 0.000000e+00 0.000000e+00 -8.470122e+02 0.000000e+00 0.000000e+00 
3.222989e+15 0.000000e+00 1.000000e+01 1.878169e+04 6.093669e-11 3.082165e+14 0.000000e+00 -9.006506e+02 0.000000e+00 0.000000e+00 -9.006506e+02 0.000000e+00 0.000000e+00 
3.427090e+15 0.000000e+00 1.000000e+01 1.878169e+04 5.557492e-11 3.379527e+14 0.000000e+00 -9.576857e+02 0.000000e+00 0.000000e+00 -9.576857e+02 0.000000e+00 0.000000e+00 
3.644116e+15 0.000000e+00 1.000000e+01 1.878169e+04 5.068493e-11 3.705577e+14 0.000000e+00 -1.018333e+03 0.000000e+00 0.000000e+00 -1.018333e+03 0.000000e+00 0.000000e+00 
3.874885e+15 0.000000e+00 1.000000e+01 1.878169e+04 4.622521e-11 4.063085e+14 0.000000e+00 -1.082820e+03 0.000000e+00 0.000000e+00 -1.082820e+03 0.000000e+00 0.000000e+00 
4.120268e+15 0.000000e+00 1.000000e+01 1.878169e+04 4.215789e-11 4.455084e+14 0.000000e+00 -1.151391e+03 0.000000e+00 0.000000e+00 -1.151391e+03 0.000000e+00 0.000000e+00 
4.381191e+15 0.000000e+00 1.000000e+01 1.878169e+04 3.844845e-11 4.884902e+14 0.000000e+00 -1.224305e+03 0.000000e+00 0.000000e+00 -1.224305e+03 0.000000e+00 0.000000e+00 
4.658637e+15 0.000000e+00 1.000000e+01 1.878169e+04 3.506541e-11 5.356189e+14 0.000000e+00 -1.301836e+03 0.000000e+00 0.000000e+00 -1.301836e+03 0.000000e+00 0.000000e+00 
4.953652e+15 0.000000e+00 1.000000e+01 1.878169e+04 3.198003e-11 5.872944e+14 0.000000e+00 -1.384277e+03 0.000000e+00 0.000000e+00 -1.384277e+03 0.000000e+00 0.000000e+00 
5.267350e+15 0.000000e+00 1.000000e+01 1.878169e+04 2.916613e-11 6.439555e+14 0.000000e+00 -1.471939e+03 0.000000e+00 0.000000e+00 -1.471939e+03 0.000000e+00 0.000000e+00 
5.600913e+15 0.000000e+00 1.000000e+01 1.878169e+04 2.659983e-11 7.060832e+14 0.000000e+00 -1.565151e+03 0.000000e+00 0.000000e+00 -1.565151e+03 0.000000e+00 0.000000e+00 
5.955600e+15 0.000000e+00 1.000000e+01 1.878169e+04 2.425933e-11 7.742048e+14 0.000000e+00 -1.664267e+03 0.000000e+00 0.000000e+00 -1.664267e+03 0.000000e+00 0.000000e+00 
6.332747e+15 0.000000e+00 1.000000e+01 1.878169e+04 2.212478e-11 8.488987e+14 0.000000e+00 -1.769659e+03 0.000000e+00 0.000000e+00 -1.769659e+03 0.000000e+00 0.000000e+00 
6.733779e+15 0.000000e+00 1.000000e+01 1.878169e+04 2.017804e-11 9.307989e+14 0.000000e+00 -1.881726e+03 0.000000e+00 0.000000e+00 -1.881726e+03 0.000000e+00 0.000000e+00 
7.160206e+15 0.000000e+00 1.000000e+01 1.878169e+04 1.840259e-11 1.020601e+15 0.000000e+00 -2.000889e+03 0.000000e+00 0.000000e+00 -2.000889e+03 0.000000e+00 0.000000e+00 
7.613637e+15 0.000000e+00 1.000000e+01 1.878169e+04 1.678336e-11 1.119066e+15 0.000000e+00 -2.127599e+03 0.000000e+00 0.000000e+00 -2.127599e+03 0.000000e+00 0.000000e+00 
8.095782e+15 0.000000e+00 1.000000e+01 1.878169e+04 1.530661e-11 1.227032e+15 0.000000e+00 -2.262332e+03 0.000000e+00 0.000000e+00 -2.262332e+03 0.000000e+00 0.000000e+00 
8.608461e+15 0.000000e+00 1.000000e+01 1.878169e+04 1.395979e-11 1.345414e+15 0.000000e+00 -2.405598e+03 0.000000e+00 0.000000e+00 -2.405598e+03 0.000000e+00 0.000000e+00 
9.153605e+15 0.000000e+00 1.000000e+01 1.878169e+04 1.273148e-11 1.475217e+15 0.000000e+00 -2.557936e+03 0.000000e+00 0.000000e+00 -2.557936e+03 0.000000e+00 0.000000e+00 
9.733271e+15 0.000000e+00 1.000000e+01 1.878169e+04 1.161125e-11 1.617543e+15 0.000000e+00 -2.719921e+03 0.000000e+00 0.000000e+00 -2.719921e+03 0.000000e+00 0.000000e+00 
1.034965e+16 0.000000e+00 1.000000e+01 1.878169e+04 1.058958e-11 1.773601e+15 0.000000e+00 -2.892165e+03 0.000000e+00 0.000000e+00 -2.892165e+03 0.000000e+00 0.000000e+00 
1.100505e+16 0.000000e+00 1.000000e+01 1.878169e+04 9.657815e-12 1.944715e+15 0.000000e+00 -3.075316e+03 0.000000e+00 0.000000e+00 -3.075316e+03 0.000000e+00 0.000000e+00 
1.170197e+16 0.000000e+00 1.000000e+01 1.878169e+04 8.808032e-12 2.132337e+15 0.000000e+00 -3.270065e+03 0.000000e+00 0.000000e+00 -3.270065e+03 0.000000e+00 0.000000e+00 
1.244301e+16 0.000000e+00 1.000000e+01 1.878169e+04 8.033021e-12 2.338061e+15 0.000000e+00 -3.477147e+03 0.000000e+00 0.000000e+00 -3.477147e+03 0.000000e+00 0.000000e+00 
1.323098e+16 0.000000e+00 1.000000e+01 1.878169e+04 7.326202e-12 2.563633e+15 0.000000e+00 -3.697342e+03 0.000000e+00 0.000000e+00 -3.697342e+03 0.000000e+00 0.000000e+00 
1.406886e+16 0.000000e+00 1.000000e+01 1.878169e+04 6.681576e-12 2.810968e+15 0.000000e+00 -3.931482e+03 0.000000e+00 0.000000e+00 -3.931482e+03 0.000000e+00 0.000000e+00 
1.495979e+16 0.000000e+00 1.000000e+01 1.878169e+04 6.093669e-12 3.082165e+15 0.000000e+00 -4.180450e+03 0.000000e+00 0.000000e+00 -4.180450e+03 0.000000e+00 0.000000e+00 
1.590714e+16 0.000000e+00 1.000000e+01 1.878169e+04 5.557492e-12 3.379527e+15 0.000000e+00 -4.445183e+03 0.000000e+00 0.000000e+00 -4.445183e+03 0.000000e+00 0.000000e+00 
1.691449e+16 0.000000e+00 1.000000e+01 1.878169e+04 5.068493e-12 3.705577e+15 0.000000e+00 -4.726682e+03 0.000000e+00 0.000000e+00 -4.726682e+03 0.000000e+00 0.000000e+00 
1.798562e+16 0.000000e+00 1.000000e+01 1.878169e+04 4.622521e-12 4.063085e+15 0.000000e+00 -5.026006e+03 0.000000e+00 0.000000e+00 -5.026006e+03 0.000000e+00 0.000000e+00 
1.912459e+16 0.000000e+00 1.000000e+01 1.878169e+04 4.215789e-12 4.455084e+15 0.000000e+00 -5.344286e+03 0.000000e+00 0.000000e+00 -5.344286e+03 0.000000e+00 0.000000e+00 
2.033569e+16 0.000000e+00 1.000000e+01 1.878169e+04 3.844845e-12 4.884902e+15 0.000000e+00 -5.682721e+03 0.000000e+00 0.000000e+00 -5.682721e+03 0.000000e+00 0.000000e+00 
2.162348e+16 0.000000e+00 1.000000e+01 1.878169e+04 3.506541e-12 5.356189e+15 0.000000e+00 -6.042588e+03 0.000000e+00 0.000000e+00 -6.042588e+03 0.000000e+00 0.000000e+00 
2.299282e+16 0.000000e+00 1.000000e+01 1.878169e+04 3.198003e-12 5.872944e+15 0.000000e+00 -6.425245e+03 0.000000e+00 0.000000e+00 -6.425245e+03 0.000000e+00 0.000000e+00 
2.444887e+16 0.000000e+00 1.000000e+01 1.878169e+04 2.916613e-12 6.439555e+15 0.000000e+00 -6.832134e+03 0.000000e+00 0.000000e+00 -6.832134e+03 0.000000e+00 0.000000e+00 
2.599714e+16 0.000000e+00 1.000000e+01 1.878169e+04 2.659983e-12 7.060832e+15 0.000000e+00 -7.264789e+03 0.000000e+00 0.000000e+00 -7.264789e+03 0.000000e+00 0.000000e+00 
2.764344e+16 0.000000e+00 1.000000e+01 1.878169e+04 2.425933e-12 7.742048e+15 0.000000e+00 -7.724843e+03 0.000000e+00 0.000000e+00 -7.724843e+03 0.000000e+00 0.000000e+00 
2.939401e+16 0.000000e+00 1.000000e+01 1.878169e+04 2.212478e-12 8.488987e+15 0.000000e+00 -8.214031e+03 0.000000e+00 0.000000e+00 -8.214031e+03 0.000000e+00 0.000000e+00 
3.125543e+16 0.000000e+00 1.000000e+01 1.878169e+04 2.017804e-12 9.307989e+15 0.000000e+00 -8.734198e+03 0.000000e+00 0.000000e+00 -8.734198e+03 0.000000e+00 0.000000e+00 
3.323473e+16 0.000000e+00 1.000000e+01 1.878169e+04 1.840259e-12 1.020601e+16 0.000000e+00 -9.287304e+03 0.000000e+00 0.000000e+00 -9.287304e+03 0.000000e+00 0.000000e+00 
3.533937e+16 0.000000e+00 1.000000e+01 1.878169e+04 1.678336e-12 1.119066e+16 0.000000e+00 -9.875437e+03 0.000000e+00 0.000000e+00 -9.875437e+03 0.000000e+00 0.000000e+00 
3.757729e+16 0.000000e+00 1.000000e+01 1.878169e+04 1.530661e-12 1.227032e+16 0.000000e+00 -1.050082e+04 0.000000e+00 0.000000e+00 -1.050082e+04 0.000000e+00 0.000000e+00 
3.995693e+16 0.000000e+00 1.000000e+01 1.878169e+04 1.395979e-12 1.345414e+16 0.000000e+00 -1.116580e+04 0.000000e+00 0.000000e+00 -1.116580e+04 0.000000e+00 0.000000e+00 
4.248727e+16 0.000000e+00 1.000000e+01 1.878169e+04 1.273148e-12 1.475217e+16 0.000000e+00 -1.187289e+04 0.000000e+00 0.000000e+00 -1.187289e+04 0.000000e+00 0.000000e+00 
4.517784e+16 0.000000e+00 1.000000e+01 1.878169e+04 1.161125e-12 1.617543e+16 0.000000e+00 -1.262476e+04 0.000000e+00 0.000000e+00 -1.262476e+04 0.000000e+00 0.000000e+00 
4.803880e+16 0.000000e+00 1.000000e+01 1.878169e+04 1.058958e-12 1.773601e+16 0.000000e+00 -1.342424e+04 0.000000e+00 0.000000e+00 -1.342424e+04 0.000000e+00 0.000000e+00 
5.108093e+16 0.000000e+00 1.000000e+01 1.878169e+04 9.657815e-13 1.944715e+16 0.000000e+00 -1.427435e+04 0.000000e+00 0.000000e+00 -1.427435e+04 0.000000e+00 0.000000e+00 
5.431571e+16 0.000000e+00 1.000000e+01 1.878169e+04 8.808032e-13 2.132337e+16 0.000000e+00 -1.517830e+04 0.000000e+00 0.000000e+00 -1.517830e+04 0.000000e+00 0.000000e+00 
5.775534e+16 0.000000e+00 1.000000e+01 1.878169e+04 8.033021e-13 2.338061e+16 0.000000e+00 -1.613949e+04 0.000000e+00 0.000000e+00 -1.613949e+04 0.000000e+00 0.000000e+00 
6.141279e+16 0.000000e+00 1.000000e+01 1.878169e+04 7.326202e-13 2.563633e+16 0.000000e+00 -1.716154e+04 0.000000e+00 0.000000e+00 -1.716154e+04 0.000000e+00 0.000000e+00 
6.530185e+16 0.000000e+00 1.000000e+01 1.878169e+04 6.681576e-13 2.810968e+16 0.000000e+00 -1.824833e+04 0.000000e+00 0.000000e+00 -1.824833e+04 0.000000e+00 0.000000e+00 
6.943719e+16 0.000000e+00 1.000000e+01 1.878169e+04 6.093669e-13 3.082165e+16 0.000000e+00 -1.940393e+04 0.000000e+00 0.000000e+00 -1.940393e+04 0.000000e+00 0.000000e+00 
7.383441e+16 0.000000e+00 1.000000e+01 1.878169e+04 5.557492e-13 3.379527e+16 0.000000e+00 -2.063271e+04 0.000000e+00 0.000000e+00 -2.063271e+04 0.000000e+00 0.000000e+00 
7.851009e+16 0.000000e+00 1.000000e+01 1.878169e+04 5.068493e-13 3.705577e+16 0.000000e+00 -2.193931e+04 0.000000e+00 0.000000e+00 -2.193931e+04 0.000000e+00 0.000000e+00 
8.348187e+16 0.000000e+00 1.000000e+01 1.878169e+04 4.622521e-13 4.063085e+16 0.000000e+00 -2.332865e+04 0.000000e+00 0.000000e+00 -2.332865e+04 0.000000e+00 0.000000e+00 
8.876849e+16 0.000000e+00 1.000000e+01 1.878169e+04 4.215789e-13 4.455084e+16 0.000000e+00 -2.480598e+04 0.000000e+00 0.000000e+00 -2.480598e+04 0.000000e+00 0.000000e+00 
9.438989e+16 0.000000e+00 1.000000e+01 1.878169e+04 3.844845e-13 4.884902e+16 0.000000e+00 -2.637685e+04 0.000000e+00 0.000000e+00 -2.637685e+04 0.000000e+00 0.000000e+00 
1.003673e+17 0.000000e+00 1.000000e+01 1.878169e+04 3.506541e-13 5.356189e+16 0.000000e+00 -2.804721e+04 0.000000e+00 0.000000e+00 -2.804721e+04 0.000000e+00 0.000000e+00 
1.067232e+17 0.000000e+00 1.000000e+01 1.878169e+04 3.198003e-13 5.872944e+16 0.000000e+00 -2.982334e+04 0.000000e+00 0.000000e+00 -2.982334e+04 0.000000e+00 0.000000e+00 
1.134816e+17 0.000000e+00 1.000000e+01 1.878169e+04 2.916613e-13 6.439555e+16 0.000000e+00 -3.171195e+04 0.000000e+00 0.000000e+00 -3.171195e+04 0.000000e+00 0.000000e+00 
1.206680e+17 0.000000e+00 1.000000e+01 1.878169e+04 2.659983e-13 7.060832e+16 0.000000e+00 -3.372016e+04 0.000000e+00 0.000000e+00 -3.372016e+04 0.000000e+00 0.000000e+00 
1.283095e+17 0.000000e+00 1.000000e+01 1.878169e+04 2.425933e-13 7.742048e+16 0.000000e+00 -3.585555e+04 0.000000e+00 0.000000e+00 -3.585555e+04 0.000000e+00 0.000000e+00 
1.364349e+17 0.000000e+00 1.000000e+01 1.878169e+04 2.212478e-13 8.488987e+16 0.000000e+00 -3.812616e+04 0.000000e+00 0.000000e+00 -3.812616e+04 0.000000e+00 0.000000e+00 
1.450749e+17 0.000000e+00 1.000000e+01 1.878169e+04 2.017804e-13 9.307989e+16 0.000000e+00 -4.054055e+04 0.000000e+00 0.000000e+00 -4.054055e+04 0.000000e+00 0.000000e+00 
