time(s)          = 4.733539e+12
time(solar year) = 1.500000e+05
star mass (g)    = 1.117545e+33
star mass (Msun) = 5.620324e-01
total mass (g)   = 1.328874e+33
mdot (g/s)       = 2.004517e+20
mdot (Msun/yr)   = 3.181270e-06
1.542620e+13 3.432535e+04 1.480393e+02 7.226421e+04 1.426415e-07 5.066141e+11 2.002621e-02 -1.520540e+01 -1.305195e+01 1.795833e+03 -2.324076e+00 3.528234e+02 -1.876051e+01 
1.640308e+13 3.099935e+04 1.441944e+02 7.131961e+04 1.302757e-07 5.474514e+11 2.031031e-02 -3.963190e+01 -3.752098e+01 3.990485e+03 -2.560908e+00 3.076417e+02 -4.753440e+01 
1.744183e+13 2.807768e+04 1.404494e+02 7.038736e+04 1.189852e-07 5.915640e+11 2.115660e-02 -5.571229e+01 -5.348336e+01 3.975660e+03 -2.822816e+00 2.727368e+02 -6.358705e+01 
1.854637e+13 2.540289e+04 1.368016e+02 6.946729e+04 1.086765e-07 6.392120e+11 2.181656e-02 -7.426953e+01 -7.192849e+01 3.978041e+03 -3.112640e+00 2.468028e+02 -8.214898e+01 
1.972084e+13 2.304644e+04 1.332486e+02 6.855925e+04 9.926397e-08 6.906761e+11 2.309912e-02 -8.329504e+01 -8.071839e+01 3.972852e+03 -3.433585e+00 2.241133e+02 -9.116414e+01 
2.096970e+13 2.086406e+04 1.297879e+02 6.766309e+04 9.066966e-08 7.462594e+11 2.397250e-02 -9.707549e+01 -9.427507e+01 3.986545e+03 -3.789276e+00 2.030991e+02 -1.049716e+02 
2.229764e+13 1.894153e+04 1.264170e+02 6.677863e+04 8.282224e-08 8.062886e+11 2.557853e-02 -1.001459e+02 -9.697861e+01 3.986612e+03 -4.183829e+00 1.846622e+02 -1.080421e+02 
2.370967e+13 1.714624e+04 1.231337e+02 6.590574e+04 7.565660e-08 8.711168e+11 2.652621e-02 -1.106080e+02 -1.071023e+02 4.007107e+03 -4.621937e+00 1.673795e+02 -1.185446e+02 
2.521112e+13 1.556923e+04 1.199357e+02 6.504426e+04 6.911335e-08 9.411244e+11 2.837503e-02 -1.087481e+02 -1.047345e+02 4.008768e+03 -5.108971e+00 1.522577e+02 -1.166879e+02 
2.680766e+13 1.408693e+04 1.168207e+02 6.419403e+04 6.313822e-08 1.016722e+12 2.928031e-02 -1.169282e+02 -1.124493e+02 4.033458e+03 -5.651113e+00 1.379387e+02 -1.249168e+02 
2.850529e+13 1.279100e+04 1.137866e+02 6.335492e+04 5.768174e-08 1.098353e+12 3.131450e-02 -1.107695e+02 -1.056218e+02 4.034624e+03 -6.255523e+00 1.254559e+02 -1.187602e+02 
3.031043e+13 1.156545e+04 1.108314e+02 6.252678e+04 5.269871e-08 1.186496e+12 3.207453e-02 -1.171853e+02 -1.114213e+02 4.062483e+03 -6.930559e+00 1.135989e+02 -1.252311e+02 
3.222989e+13 1.050036e+04 1.079529e+02 6.170947e+04 4.814791e-08 1.281664e+12 3.424845e-02 -1.070267e+02 -1.004016e+02 4.062082e+03 -7.686067e+00 1.032808e+02 -1.150716e+02 
3.427090e+13 9.486737e+03 1.051491e+02 6.090284e+04 4.399170e-08 1.384417e+12 3.476658e-02 -1.117127e+02 -1.042802e+02 4.092978e+03 -8.533779e+00 9.347220e+01 -1.198186e+02 
3.644116e+13 8.611785e+03 1.024182e+02 6.010675e+04 4.019574e-08 1.495351e+12 3.703535e-02 -9.762303e+01 -8.908913e+01 4.090500e+03 -9.487885e+00 8.492969e+01 -1.057240e+02 
3.874885e+13 7.773445e+03 9.975815e+01 5.932107e+04 3.672867e-08 1.615116e+12 3.721535e-02 -1.000941e+02 -9.049878e+01 4.124818e+03 -1.056586e+01 7.682062e+01 -1.082629e+02 
4.120268e+13 7.055106e+03 9.716723e+01 5.854565e+04 3.356189e-08 1.744409e+12 3.952304e-02 -8.194595e+01 -7.093592e+01 4.120128e+03 -1.178976e+01 6.977857e+01 -9.010543e+01 
4.381191e+13 6.361750e+03 9.464360e+01 5.778038e+04 3.066928e-08 1.883982e+12 3.926357e-02 -8.099426e+01 -6.856587e+01 4.158664e+03 -1.318835e+01 6.313715e+01 -8.922978e+01 
4.658637e+13 5.772142e+03 9.218552e+01 5.702510e+04 2.802700e-08 2.034649e+12 4.152654e-02 -5.831724e+01 -4.403621e+01 4.152092e+03 -1.480098e+01 5.740388e+01 -6.653960e+01 
4.953652e+13 5.198554e+03 8.979127e+01 5.627970e+04 2.561329e-08 2.197285e+12 4.071161e-02 -5.140301e+01 -3.515234e+01 4.196284e+03 -1.668516e+01 5.182301e+01 -5.971270e+01 
5.267350e+13 4.714314e+03 8.745921e+01 5.554405e+04 2.340829e-08 2.372836e+12 4.278757e-02 -2.257228e+01 -3.762209e+00 4.189238e+03 -1.893497e+01 4.709938e+01 -3.086787e+01 
5.600913e+13 4.239235e+03 8.518772e+01 5.481801e+04 2.139387e-08 2.562324e+12 4.125598e-02 -3.473071e+00 1.835866e+01 4.242474e+03 -2.173892e+01 4.238758e+01 -1.187403e+01 
5.955600e+13 3.840282e+03 8.297522e+01 5.410146e+04 1.955346e-08 2.766848e+12 4.285670e-02 3.661933e+01 6.294975e+01 4.239807e+03 -2.579726e+01 3.832224e+01 2.822345e+01 
6.332747e+13 3.445033e+03 8.082018e+01 5.339427e+04 1.787195e-08 2.987602e+12 4.029975e-02 1.024573e+02 1.340751e+02 4.320057e+03 -3.039119e+01 3.416775e+01 9.390189e+01 
6.733779e+13 3.109719e+03 7.872112e+01 5.269633e+04 1.633550e-08 3.225878e+12 4.034700e-02 1.106627e+02 1.454432e+02 4.311110e+03 -3.345206e+01 3.060956e+01 1.021244e+02 
7.160206e+13 2.786626e+03 7.667657e+01 5.200751e+04 1.493155e-08 3.483062e+12 3.749094e-02 1.183733e+02 1.551942e+02 4.354967e+03 -3.541152e+01 2.717500e+01 1.097473e+02 
7.613637e+13 2.514341e+03 7.468513e+01 5.132770e+04 1.364863e-08 3.760648e+12 3.735027e-02 1.237455e+02 1.626990e+02 4.343416e+03 -3.748373e+01 2.431458e+01 1.151418e+02 
8.095782e+13 2.250488e+03 7.274540e+01 5.065677e+04 1.247626e-08 4.060252e+12 3.427529e-02 1.347678e+02 1.760246e+02 4.393286e+03 -3.967514e+01 2.156127e+01 1.260645e+02 
8.608461e+13 2.029103e+03 7.085606e+01 4.999462e+04 1.140489e-08 4.383613e+12 3.387252e-02 1.369140e+02 1.805175e+02 4.381483e+03 -4.199254e+01 1.927769e+01 1.282333e+02 
9.153605e+13 1.813632e+03 6.901578e+01 4.934111e+04 1.042576e-08 4.732613e+12 3.064119e-02 1.510630e+02 1.972574e+02 4.438424e+03 -4.444317e+01 1.707205e+01 1.422688e+02 
9.733271e+13 1.633272e+03 6.722330e+01 4.869615e+04 9.530914e-09 5.109285e+12 2.990608e-02 1.494863e+02 1.982667e+02 4.428959e+03 -4.703470e+01 1.524144e+01 1.407101e+02 
1.034965e+14 1.457169e+03 6.547737e+01 4.805962e+04 8.713048e-09 5.515822e+12 2.659368e-02 1.666534e+02 2.183394e+02 4.495878e+03 -4.977531e+01 1.346170e+01 1.577437e+02 
1.100505e+14 1.309654e+03 6.377679e+01 4.743142e+04 7.965510e-09 5.954599e+12 2.545905e-02 1.607536e+02 2.152896e+02 4.494170e+03 -5.267368e+01 1.196620e+01 1.518464e+02 
1.170197e+14 1.165282e+03 6.212038e+01 4.681142e+04 7.282216e-09 6.428183e+12 2.215889e-02 1.809652e+02 2.387474e+02 4.579509e+03 -5.573915e+01 1.049147e+01 1.718877e+02 
1.244301e+14 1.043463e+03 6.050699e+01 4.619953e+04 6.657606e-09 6.939360e+12 2.056136e-02 1.700088e+02 2.309255e+02 4.601119e+03 -5.898179e+01 9.213095e+00 1.608869e+02 
1.323098e+14 9.238028e+02 5.893550e+01 4.559563e+04 6.086597e-09 7.491153e+12 1.739777e-02 1.934275e+02 2.579486e+02 4.738513e+03 -6.241251e+01 7.927725e+00 1.840309e+02 
1.406886e+14 8.198576e+02 5.740483e+01 4.499963e+04 5.564527e-09 8.086874e+12 1.529525e-02 1.761700e+02 2.441223e+02 4.863663e+03 -6.604363e+01 6.750607e+00 1.665219e+02 
1.495979e+14 7.148653e+02 5.591391e+01 4.441142e+04 5.087112e-09 8.730184e+12 1.249829e-02 2.025825e+02 2.744738e+02 5.485086e+03 -6.988945e+01 5.488449e+00 1.916957e+02 
1.590714e+14 5.950767e+02 5.446171e+01 4.383090e+04 4.650201e-09 9.425591e+12 1.027690e-02 1.728631e+02 2.484057e+02 7.358868e+03 -7.397372e+01 4.038882e+00 1.582443e+02 
1.691449e+14 4.191231e+02 5.304723e+01 4.325797e+04 4.249517e-09 1.017950e+13 1.000000e-02 1.571682e+02 2.367240e+02 1.003189e+04 -7.834458e+01 2.367611e+00 1.372170e+02 
1.798562e+14 2.916068e+02 5.166948e+01 4.269252e+04 3.881722e-09 1.099835e+13 1.000000e-02 1.467120e+02 2.307287e+02 1.031145e+04 -8.304360e+01 1.362191e+00 1.261848e+02 
1.912459e+14 2.017870e+02 5.032752e+01 4.213447e+04 3.544544e-09 1.188713e+13 1.000000e-02 1.459789e+02 2.349057e+02 1.045278e+04 -8.808484e+01 7.995025e-01 1.251556e+02 
2.033569e+14 1.394541e+02 4.902041e+01 4.158371e+04 3.235776e-09 1.285123e+13 1.000000e-02 1.459048e+02 2.401385e+02 1.059253e+04 -9.348278e+01 4.810553e-01 1.247923e+02 
2.162348e+14 9.527877e+01 4.774725e+01 4.104015e+04 2.953269e-09 1.389652e+13 1.000000e-02 1.507716e+02 2.507262e+02 1.090031e+04 -9.925429e+01 2.928880e-01 1.290376e+02 
2.299282e+14 6.444868e+01 4.650716e+01 4.050370e+04 2.694960e-09 1.502942e+13 1.000000e-02 1.555682e+02 2.616521e+02 1.120800e+04 -1.054186e+02 1.799421e-01 1.332144e+02 
2.444887e+14 4.302316e+01 4.529928e+01 3.997425e+04 2.458905e-09 1.625694e+13 1.000000e-02 1.618562e+02 2.744970e+02 1.157506e+04 -1.119967e+02 1.106272e-01 1.387652e+02 
2.599714e+14 2.835045e+01 4.412276e+01 3.945173e+04 2.243281e-09 1.758662e+13 1.000000e-02 1.679082e+02 2.875475e+02 1.194675e+04 -1.190112e+02 6.773726e-02 1.440714e+02 
2.764344e+14 1.843142e+01 4.297680e+01 3.893604e+04 2.046392e-09 1.902668e+13 1.000000e-02 1.740540e+02 3.011557e+02 1.233485e+04 -1.264865e+02 4.111775e-02 1.494389e+02 
2.939401e+14 1.181967e+01 4.186061e+01 3.842709e+04 1.866662e-09 2.058599e+13 1.000000e-02 1.800678e+02 3.151197e+02 1.273348e+04 -1.344489e+02 2.466327e-02 1.546536e+02 
3.125543e+14 7.475530e+00 4.077340e+01 3.792479e+04 1.702633e-09 2.227420e+13 1.000000e-02 1.859770e+02 3.294941e+02 1.314334e+04 -1.429267e+02 1.458646e-02 1.597412e+02 
3.323473e+14 4.660887e+00 3.971444e+01 3.742906e+04 1.552961e-09 2.410175e+13 1.000000e-02 1.919436e+02 3.444708e+02 1.357058e+04 -1.519502e+02 8.491137e-03 1.648515e+02 
3.533937e+14 2.863614e+00 3.868297e+01 3.693981e+04 1.416407e-09 2.607995e+13 1.000000e-02 1.979844e+02 3.600992e+02 1.401598e+04 -1.615522e+02 4.859602e-03 1.699996e+02 
3.757729e+14 1.732588e+00 3.767830e+01 3.645695e+04 1.291835e-09 2.822106e+13 1.000000e-02 2.042485e+02 3.765633e+02 1.448527e+04 -1.717677e+02 2.731414e-03 1.753232e+02 
3.995693e+14 1.031643e+00 3.669971e+01 3.598041e+04 1.178203e-09 3.053839e+13 1.000000e-02 2.107495e+02 3.939145e+02 1.497977e+04 -1.826342e+02 1.506447e-03 1.808333e+02 
4.248727e+14 6.040688e-01 3.574655e+01 3.551009e+04 1.074555e-09 3.304633e+13 1.000000e-02 2.175502e+02 4.122557e+02 1.550275e+04 -1.941921e+02 8.145672e-04 1.865861e+02 
4.517784e+14 3.475647e-01 3.481814e+01 3.504592e+04 9.800185e-10 3.576047e+13 1.000000e-02 2.246462e+02 4.316258e+02 1.605538e+04 -2.064842e+02 4.314831e-04 1.925748e+02 
4.803880e+14 1.963511e-01 3.391384e+01 3.458782e+04 8.937951e-10 3.869771e+13 1.000000e-02 2.320475e+02 4.520806e+02 1.663949e+04 -2.195564e+02 2.237283e-04 1.988060e+02 
5.108093e+14 1.088269e-01 3.303303e+01 3.413571e+04 8.151551e-10 4.187634e+13 1.000000e-02 2.397438e+02 4.736589e+02 1.725633e+04 -2.334577e+02 1.134650e-04 2.052666e+02 
5.431571e+14 5.912863e-02 3.217509e+01 3.368951e+04 7.434328e-10 4.531614e+13 1.000000e-02 2.477327e+02 4.964105e+02 1.790751e+04 -2.482401e+02 5.624028e-05 2.119512e+02 
5.775534e+14 3.146793e-02 3.133944e+01 3.324914e+04 6.780202e-10 4.903857e+13 1.000000e-02 2.560111e+02 5.203880e+02 1.859472e+04 -2.639592e+02 2.722297e-05 2.188533e+02 
6.141279e+14 1.639053e-02 3.052549e+01 3.281452e+04 6.183625e-10 5.306681e+13 1.000000e-02 2.645820e+02 5.456536e+02 1.931992e+04 -2.806742e+02 1.285807e-05 2.259719e+02 
6.530185e+14 8.348557e-03 2.973268e+01 3.238559e+04 5.639537e-10 5.742597e+13 1.000000e-02 2.734513e+02 5.722763e+02 2.008529e+04 -2.984479e+02 5.921193e-06 2.333086e+02 
6.943719e+14 4.154863e-03 2.896047e+01 3.196226e+04 5.143321e-10 6.214324e+13 1.000000e-02 2.826276e+02 6.003318e+02 2.089323e+04 -3.173473e+02 2.656237e-06 2.408673e+02 
7.383441e+14 2.018624e-03 2.820830e+01 3.154447e+04 4.690765e-10 6.724802e+13 1.000000e-02 2.921200e+02 6.299004e+02 2.174626e+04 -3.374437e+02 1.159764e-06 2.486518e+02 
7.851009e+14 9.565989e-04 2.747568e+01 3.113214e+04 4.278029e-10 7.277215e+13 1.000000e-02 3.019340e+02 6.610636e+02 2.264700e+04 -3.588128e+02 4.924131e-07 2.566627e+02 
8.348187e+14 4.417753e-04 2.676208e+01 3.072520e+04 3.901609e-10 7.875005e+13 1.000000e-02 3.120629e+02 6.938952e+02 2.359789e+04 -3.815351e+02 2.031200e-07 2.648882e+02 
8.876849e+14 1.986577e-04 2.606701e+01 3.032357e+04 3.558310e-10 8.521903e+13 1.000000e-02 3.224668e+02 7.284412e+02 2.460055e+04 -4.056964e+02 8.132990e-08 2.732852e+02 
9.438989e+14 8.691518e-05 2.539000e+01 2.992720e+04 3.245218e-10 9.221940e+13 1.000000e-02 3.329837e+02 7.646305e+02 2.565413e+04 -4.313877e+02 3.158130e-08 2.816934e+02 
1.003673e+15 3.698804e-05 2.473057e+01 2.953601e+04 2.959674e-10 9.979482e+13 1.000000e-02 3.432008e+02 8.021473e+02 2.674762e+04 -4.587060e+02 1.188765e-08 2.897220e+02 
1.067232e+15 1.529772e-05 2.408827e+01 2.914993e+04 2.699254e-10 1.079925e+14 1.000000e-02 3.512147e+02 8.391907e+02 2.785137e+04 -4.877543e+02 4.330543e-09 2.955269e+02 
1.134816e+15 6.215576e-06 2.346265e+01 2.876890e+04 2.461749e-10 1.168636e+14 1.000000e-02 3.544059e+02 8.732503e+02 2.878694e+04 -5.186421e+02 1.542116e-09 2.968455e+02 
1.206680e+15 2.391914e-06 2.285327e+01 2.839285e+04 2.245142e-10 1.264635e+14 1.000000e-02 3.230234e+02 8.746836e+02 2.947794e+04 -5.514859e+02 5.110059e-10 2.640793e+02 
1.283095e+15 1.202202e-06 2.225973e+01 2.802171e+04 2.047594e-10 1.368519e+14 1.000000e-02 2.922800e+02 8.788053e+02 2.688139e+04 -5.864096e+02 1.684974e-10 2.385240e+02 
1.364349e+15 2.348063e-22 1.000000e+01 1.878169e+04 1.867428e-10 1.005752e+14 0.000000e+00 -6.235449e+02 0.000000e+00 0.000000e+00 -6.235449e+02 2.902244e-11 0.000000e+00 
1.450749e+15 0.000000e+00 1.000000e+01 1.878169e+04 1.703114e-10 1.102785e+14 0.000000e+00 -6.630319e+02 0.000000e+00 0.000000e+00 -6.630319e+02 0.000000e+00 0.000000e+00 
1.542620e+15 0.000000e+00 1.000000e+01 1.878169e+04 1.553259e-10 1.209180e+14 0.000000e+00 -7.050195e+02 0.000000e+00 0.000000e+00 -7.050195e+02 0.000000e+00 0.000000e+00 
1.640308e+15 0.000000e+00 1.000000e+01 1.878169e+04 1.416589e-10 1.325839e+14 0.000000e+00 -7.496659e+02 0.000000e+00 0.000000e+00 -7.496659e+02 0.000000e+00 0.000000e+00 
1.744183e+15 0.000000e+00 1.000000e+01 1.878169e+04 1.291944e-10 1.453754e+14 0.000000e+00 -7.971397e+02 0.000000e+00 0.000000e+00 -7.971397e+02 0.000000e+00 0.000000e+00 
1.854637e+15 0.000000e+00 1.000000e+01 1.878169e+04 1.178267e-10 1.594010e+14 0.000000e+00 -8.476198e+02 0.000000e+00 0.000000e+00 -8.476198e+02 0.000000e+00 0.000000e+00 
1.972084e+15 0.000000e+00 1.000000e+01 1.878169e+04 1.074593e-10 1.747797e+14 0.000000e+00 -9.012967e+02 0.000000e+00 0.000000e+00 -9.012967e+02 0.000000e+00 0.000000e+00 
2.096970e+15 0.000000e+00 1.000000e+01 1.878169e+04 9.800401e-11 1.916421e+14 0.000000e+00 -9.583727e+02 0.000000e+00 0.000000e+00 -9.583727e+02 0.000000e+00 0.000000e+00 
2.229764e+15 0.000000e+00 1.000000e+01 1.878169e+04 8.938071e-11 2.101314e+14 0.000000e+00 -1.019063e+03 0.000000e+00 0.000000e+00 -1.019063e+03 0.000000e+00 0.000000e+00 
2.370967e+15 0.000000e+00 1.000000e+01 1.878169e+04 8.151618e-11 2.304045e+14 0.000000e+00 -1.083597e+03 0.000000e+00 0.000000e+00 -1.083597e+03 0.000000e+00 0.000000e+00 
2.521112e+15 0.000000e+00 1.000000e+01 1.878169e+04 7.434364e-11 2.526335e+14 0.000000e+00 -1.152217e+03 0.000000e+00 0.000000e+00 -1.152217e+03 0.000000e+00 0.000000e+00 
2.680766e+15 0.000000e+00 1.000000e+01 1.878169e+04 6.780221e-11 2.770071e+14 0.000000e+00 -1.225183e+03 0.000000e+00 0.000000e+00 -1.225183e+03 0.000000e+00 0.000000e+00 
2.850529e+15 0.000000e+00 1.000000e+01 1.878169e+04 6.183635e-11 3.037323e+14 0.000000e+00 -1.302770e+03 0.000000e+00 0.000000e+00 -1.302770e+03 0.000000e+00 0.000000e+00 
3.031043e+15 0.000000e+00 1.000000e+01 1.878169e+04 5.639542e-11 3.330358e+14 0.000000e+00 -1.385270e+03 0.000000e+00 0.000000e+00 -1.385270e+03 0.000000e+00 0.000000e+00 
3.222989e+15 0.000000e+00 1.000000e+01 1.878169e+04 5.143323e-11 3.651665e+14 0.000000e+00 -1.472994e+03 0.000000e+00 0.000000e+00 -1.472994e+03 0.000000e+00 0.000000e+00 
3.427090e+15 0.000000e+00 1.000000e+01 1.878169e+04 4.690767e-11 4.003971e+14 0.000000e+00 -1.566274e+03 0.000000e+00 0.000000e+00 -1.566274e+03 0.000000e+00 0.000000e+00 
3.644116e+15 0.000000e+00 1.000000e+01 1.878169e+04 4.278030e-11 4.390267e+14 0.000000e+00 -1.665461e+03 0.000000e+00 0.000000e+00 -1.665461e+03 0.000000e+00 0.000000e+00 
3.874885e+15 0.000000e+00 1.000000e+01 1.878169e+04 3.901610e-11 4.813832e+14 0.000000e+00 -1.770929e+03 0.000000e+00 0.000000e+00 -1.770929e+03 0.000000e+00 0.000000e+00 
4.120268e+15 0.000000e+00 1.000000e+01 1.878169e+04 3.558310e-11 5.278262e+14 0.000000e+00 -1.883076e+03 0.000000e+00 0.000000e+00 -1.883076e+03 0.000000e+00 0.000000e+00 
4.381191e+15 0.000000e+00 1.000000e+01 1.878169e+04 3.245218e-11 5.787499e+14 0.000000e+00 -2.002324e+03 0.000000e+00 0.000000e+00 -2.002324e+03 0.000000e+00 0.000000e+00 
4.658637e+15 0.000000e+00 1.000000e+01 1.878169e+04 2.959674e-11 6.345866e+14 0.000000e+00 -2.129125e+03 0.000000e+00 0.000000e+00 -2.129125e+03 0.000000e+00 0.000000e+00 
4.953652e+15 0.000000e+00 1.000000e+01 1.878169e+04 2.699254e-11 6.958104e+14 0.000000e+00 -2.263955e+03 0.000000e+00 0.000000e+00 -2.263955e+03 0.000000e+00 0.000000e+00 
5.267350e+15 0.000000e+00 1.000000e+01 1.878169e+04 2.461749e-11 7.629409e+14 0.000000e+00 -2.407323e+03 0.000000e+00 0.000000e+00 -2.407323e+03 0.000000e+00 0.000000e+00 
5.600913e+15 0.000000e+00 1.000000e+01 1.878169e+04 2.245142e-11 8.365481e+14 0.000000e+00 -2.559771e+03 0.000000e+00 0.000000e+00 -2.559771e+03 0.000000e+00 0.000000e+00 
5.955600e+15 0.000000e+00 1.000000e+01 1.878169e+04 2.047594e-11 9.172568e+14 0.000000e+00 -2.721872e+03 0.000000e+00 0.000000e+00 -2.721872e+03 0.000000e+00 0.000000e+00 
6.332747e+15 0.000000e+00 1.000000e+01 1.878169e+04 1.867428e-11 1.005752e+15 0.000000e+00 -2.894239e+03 0.000000e+00 0.000000e+00 -2.894239e+03 0.000000e+00 0.000000e+00 
6.733779e+15 0.000000e+00 1.000000e+01 1.878169e+04 1.703114e-11 1.102785e+15 0.000000e+00 -3.077522e+03 0.000000e+00 0.000000e+00 -3.077522e+03 0.000000e+00 0.000000e+00 
7.160206e+15 0.000000e+00 1.000000e+01 1.878169e+04 1.553259e-11 1.209180e+15 0.000000e+00 -3.272410e+03 0.000000e+00 0.000000e+00 -3.272410e+03 0.000000e+00 0.000000e+00 
7.613637e+15 0.000000e+00 1.000000e+01 1.878169e+04 1.416589e-11 1.325839e+15 0.000000e+00 -3.479641e+03 0.000000e+00 0.000000e+00 -3.479641e+03 0.000000e+00 0.000000e+00 
8.095782e+15 0.000000e+00 1.000000e+01 1.878169e+04 1.291944e-11 1.453754e+15 0.000000e+00 -3.699995e+03 0.000000e+00 0.000000e+00 -3.699995e+03 0.000000e+00 0.000000e+00 
8.608461e+15 0.000000e+00 1.000000e+01 1.878169e+04 1.178267e-11 1.594010e+15 0.000000e+00 -3.934303e+03 0.000000e+00 0.000000e+00 -3.934303e+03 0.000000e+00 0.000000e+00 
9.153605e+15 0.000000e+00 1.000000e+01 1.878169e+04 1.074593e-11 1.747797e+15 0.000000e+00 -4.183449e+03 0.000000e+00 0.000000e+00 -4.183449e+03 0.000000e+00 0.000000e+00 
9.733271e+15 0.000000e+00 1.000000e+01 1.878169e+04 9.800401e-12 1.916421e+15 0.000000e+00 -4.448372e+03 0.000000e+00 0.000000e+00 -4.448372e+03 0.000000e+00 0.000000e+00 
1.034965e+16 0.000000e+00 1.000000e+01 1.878169e+04 8.938071e-12 2.101314e+15 0.000000e+00 -4.730072e+03 0.000000e+00 0.000000e+00 -4.730072e+03 0.000000e+00 0.000000e+00 
1.100505e+16 0.000000e+00 1.000000e+01 1.878169e+04 8.151618e-12 2.304045e+15 0.000000e+00 -5.029611e+03 0.000000e+00 0.000000e+00 -5.029611e+03 0.000000e+00 0.000000e+00 
1.170197e+16 0.000000e+00 1.000000e+01 1.878169e+04 7.434364e-12 2.526335e+15 0.000000e+00 -5.348119e+03 0.000000e+00 0.000000e+00 -5.348119e+03 0.000000e+00 0.000000e+00 
1.244301e+16 0.000000e+00 1.000000e+01 1.878169e+04 6.780221e-12 2.770071e+15 0.000000e+00 -5.686798e+03 0.000000e+00 0.000000e+00 -5.686798e+03 0.000000e+00 0.000000e+00 
1.323098e+16 0.000000e+00 1.000000e+01 1.878169e+04 6.183635e-12 3.037323e+15 0.000000e+00 -6.046923e+03 0.000000e+00 0.000000e+00 -6.046923e+03 0.000000e+00 0.000000e+00 
1.406886e+16 0.000000e+00 1.000000e+01 1.878169e+04 5.639542e-12 3.330358e+15 0.000000e+00 -6.429854e+03 0.000000e+00 0.000000e+00 -6.429854e+03 0.000000e+00 0.000000e+00 
1.495979e+16 0.000000e+00 1.000000e+01 1.878169e+04 5.143323e-12 3.651665e+15 0.000000e+00 -6.837034e+03 0.000000e+00 0.000000e+00 -6.837034e+03 0.000000e+00 0.000000e+00 
1.590714e+16 0.000000e+00 1.000000e+01 1.878169e+04 4.690767e-12 4.003971e+15 0.000000e+00 -7.270000e+03 0.000000e+00 0.000000e+00 -7.270000e+03 0.000000e+00 0.000000e+00 
1.691449e+16 0.000000e+00 1.000000e+01 1.878169e+04 4.278030e-12 4.390267e+15 0.000000e+00 -7.730385e+03 0.000000e+00 0.000000e+00 -7.730385e+03 0.000000e+00 0.000000e+00 
1.798562e+16 0.000000e+00 1.000000e+01 1.878169e+04 3.901610e-12 4.813832e+15 0.000000e+00 -8.219923e+03 0.000000e+00 0.000000e+00 -8.219923e+03 0.000000e+00 0.000000e+00 
1.912459e+16 0.000000e+00 1.000000e+01 1.878169e+04 3.558310e-12 5.278262e+15 0.000000e+00 -8.740463e+03 0.000000e+00 0.000000e+00 -8.740463e+03 0.000000e+00 0.000000e+00 
2.033569e+16 0.000000e+00 1.000000e+01 1.878169e+04 3.245218e-12 5.787499e+15 0.000000e+00 -9.293966e+03 0.000000e+00 0.000000e+00 -9.293966e+03 0.000000e+00 0.000000e+00 
2.162348e+16 0.000000e+00 1.000000e+01 1.878169e+04 2.959674e-12 6.345866e+15 0.000000e+00 -9.882521e+03 0.000000e+00 0.000000e+00 -9.882521e+03 0.000000e+00 0.000000e+00 
2.299282e+16 0.000000e+00 1.000000e+01 1.878169e+04 2.699254e-12 6.958104e+15 0.000000e+00 -1.050835e+04 0.000000e+00 0.000000e+00 -1.050835e+04 0.000000e+00 0.000000e+00 
2.444887e+16 0.000000e+00 1.000000e+01 1.878169e+04 2.461749e-12 7.629409e+15 0.000000e+00 -1.117381e+04 0.000000e+00 0.000000e+00 -1.117381e+04 0.000000e+00 0.000000e+00 
2.599714e+16 0.000000e+00 1.000000e+01 1.878169e+04 2.245142e-12 8.365481e+15 0.000000e+00 -1.188140e+04 0.000000e+00 0.000000e+00 -1.188140e+04 0.000000e+00 0.000000e+00 
2.764344e+16 0.000000e+00 1.000000e+01 1.878169e+04 2.047594e-12 9.172568e+15 0.000000e+00 -1.263381e+04 0.000000e+00 0.000000e+00 -1.263381e+04 0.000000e+00 0.000000e+00 
2.939401e+16 0.000000e+00 1.000000e+01 1.878169e+04 1.867428e-12 1.005752e+16 0.000000e+00 -1.343387e+04 0.000000e+00 0.000000e+00 -1.343387e+04 0.000000e+00 0.000000e+00 
3.125543e+16 0.000000e+00 1.000000e+01 1.878169e+04 1.703114e-12 1.102785e+16 0.000000e+00 -1.428459e+04 0.000000e+00 0.000000e+00 -1.428459e+04 0.000000e+00 0.000000e+00 
3.323473e+16 0.000000e+00 1.000000e+01 1.878169e+04 1.553259e-12 1.209180e+16 0.000000e+00 -1.518918e+04 0.000000e+00 0.000000e+00 -1.518918e+04 0.000000e+00 0.000000e+00 
3.533937e+16 0.000000e+00 1.000000e+01 1.878169e+04 1.416589e-12 1.325839e+16 0.000000e+00 -1.615106e+04 0.000000e+00 0.000000e+00 -1.615106e+04 0.000000e+00 0.000000e+00 
3.757729e+16 0.000000e+00 1.000000e+01 1.878169e+04 1.291944e-12 1.453754e+16 0.000000e+00 -1.717385e+04 0.000000e+00 0.000000e+00 -1.717385e+04 0.000000e+00 0.000000e+00 
3.995693e+16 0.000000e+00 1.000000e+01 1.878169e+04 1.178267e-12 1.594010e+16 0.000000e+00 -1.826142e+04 0.000000e+00 0.000000e+00 -1.826142e+04 0.000000e+00 0.000000e+00 
4.248727e+16 0.000000e+00 1.000000e+01 1.878169e+04 1.074593e-12 1.747797e+16 0.000000e+00 -1.941785e+04 0.000000e+00 0.000000e+00 -1.941785e+04 0.000000e+00 0.000000e+00 
4.517784e+16 0.000000e+00 1.000000e+01 1.878169e+04 9.800401e-13 1.916421e+16 0.000000e+00 -2.064751e+04 0.000000e+00 0.000000e+00 -2.064751e+04 0.000000e+00 0.000000e+00 
4.803880e+16 0.000000e+00 1.000000e+01 1.878169e+04 8.938071e-13 2.101314e+16 0.000000e+00 -2.195505e+04 0.000000e+00 0.000000e+00 -2.195505e+04 0.000000e+00 0.000000e+00 
5.108093e+16 0.000000e+00 1.000000e+01 1.878169e+04 8.151618e-13 2.304045e+16 0.000000e+00 -2.334539e+04 0.000000e+00 0.000000e+00 -2.334539e+04 0.000000e+00 0.000000e+00 
5.431571e+16 0.000000e+00 1.000000e+01 1.878169e+04 7.434364e-13 2.526335e+16 0.000000e+00 -2.482377e+04 0.000000e+00 0.000000e+00 -2.482377e+04 0.000000e+00 0.000000e+00 
5.775534e+16 0.000000e+00 1.000000e+01 1.878169e+04 6.780221e-13 2.770071e+16 0.000000e+00 -2.639578e+04 0.000000e+00 0.000000e+00 -2.639578e+04 0.000000e+00 0.000000e+00 
6.141279e+16 0.000000e+00 1.000000e+01 1.878169e+04 6.183635e-13 3.037323e+16 0.000000e+00 -2.806733e+04 0.000000e+00 0.000000e+00 -2.806733e+04 0.000000e+00 0.000000e+00 
6.530185e+16 0.000000e+00 1.000000e+01 1.878169e+04 5.639542e-13 3.330358e+16 0.000000e+00 -2.984474e+04 0.000000e+00 0.000000e+00 -2.984474e+04 0.000000e+00 0.000000e+00 
6.943719e+16 0.000000e+00 1.000000e+01 1.878169e+04 5.143323e-13 3.651665e+16 0.000000e+00 -3.173470e+04 0.000000e+00 0.000000e+00 -3.173470e+04 0.000000e+00 0.000000e+00 
7.383441e+16 0.000000e+00 1.000000e+01 1.878169e+04 4.690767e-13 4.003971e+16 0.000000e+00 -3.374435e+04 0.000000e+00 0.000000e+00 -3.374435e+04 0.000000e+00 0.000000e+00 
7.851009e+16 0.000000e+00 1.000000e+01 1.878169e+04 4.278030e-13 4.390267e+16 0.000000e+00 -3.588127e+04 0.000000e+00 0.000000e+00 -3.588127e+04 0.000000e+00 0.000000e+00 
8.348187e+16 0.000000e+00 1.000000e+01 1.878169e+04 3.901610e-13 4.813832e+16 0.000000e+00 -3.815350e+04 0.000000e+00 0.000000e+00 -3.815350e+04 0.000000e+00 0.000000e+00 
8.876849e+16 0.000000e+00 1.000000e+01 1.878169e+04 3.558310e-13 5.278262e+16 0.000000e+00 -4.056963e+04 0.000000e+00 0.000000e+00 -4.056963e+04 0.000000e+00 0.000000e+00 
9.438989e+16 0.000000e+00 1.000000e+01 1.878169e+04 3.245218e-13 5.787499e+16 0.000000e+00 -4.313877e+04 0.000000e+00 0.000000e+00 -4.313877e+04 0.000000e+00 0.000000e+00 
1.003673e+17 0.000000e+00 1.000000e+01 1.878169e+04 2.959674e-13 6.345866e+16 0.000000e+00 -4.587060e+04 0.000000e+00 0.000000e+00 -4.587060e+04 0.000000e+00 0.000000e+00 
1.067232e+17 0.000000e+00 1.000000e+01 1.878169e+04 2.699254e-13 6.958104e+16 0.000000e+00 -4.877543e+04 0.000000e+00 0.000000e+00 -4.877543e+04 0.000000e+00 0.000000e+00 
1.134816e+17 0.000000e+00 1.000000e+01 1.878169e+04 2.461749e-13 7.629409e+16 0.000000e+00 -5.186421e+04 0.000000e+00 0.000000e+00 -5.186421e+04 0.000000e+00 0.000000e+00 
1.206680e+17 0.000000e+00 1.000000e+01 1.878169e+04 2.245142e-13 8.365481e+16 0.000000e+00 -5.514859e+04 0.000000e+00 0.000000e+00 -5.514859e+04 0.000000e+00 0.000000e+00 
1.283095e+17 0.000000e+00 1.000000e+01 1.878169e+04 2.047594e-13 9.172568e+16 0.000000e+00 -5.864096e+04 0.000000e+00 0.000000e+00 -5.864096e+04 0.000000e+00 0.000000e+00 
1.364349e+17 0.000000e+00 1.000000e+01 1.878169e+04 1.867428e-13 1.005752e+17 0.000000e+00 -6.235449e+04 0.000000e+00 0.000000e+00 -6.235449e+04 0.000000e+00 0.000000e+00 
1.450749e+17 0.000000e+00 1.000000e+01 1.878169e+04 1.703114e-13 1.102785e+17 0.000000e+00 -6.630319e+04 0.000000e+00 0.000000e+00 -6.630319e+04 0.000000e+00 0.000000e+00 
