time(s)          = 5.680246e+12
time(solar year) = 1.800000e+05
star mass (g)    = 1.496221e+33
star mass (Msun) = 7.524749e-01
total mass (g)   = 1.865980e+33
mdot (g/s)       = 7.286093e+20
mdot (Msun/yr)   = 1.156340e-05
1.542620e+13 4.060286e+04 1.480393e+02 7.226421e+04 1.650349e-07 4.378724e+11 2.545634e-02 -1.675835e+02 -1.676765e+02 1.500917e+03 -1.026639e+00 2.820437e+01 -1.556595e+03 
1.640308e+13 3.695107e+04 1.441944e+02 7.131961e+04 1.507035e-07 4.732444e+11 2.798175e-02 -1.730160e+02 -1.734810e+02 3.346703e+03 -1.128632e+00 1.683286e+01 -3.366631e+03 
1.744183e+13 3.360040e+04 1.404494e+02 7.038736e+04 1.376212e-07 5.114571e+11 3.053559e-02 -1.713422e+02 -1.712966e+02 3.371092e+03 -1.240943e+00 1.139592e+01 -3.388232e+03 
1.854637e+13 3.052579e+04 1.368016e+02 6.946729e+04 1.256787e-07 5.527374e+11 3.302352e-02 -1.522295e+02 -1.520924e+02 3.402204e+03 -1.364649e+00 1.056129e+01 -3.407318e+03 
1.972084e+13 2.768436e+04 1.332486e+02 6.855925e+04 1.147760e-07 5.973309e+11 3.507582e-02 -1.270472e+02 -1.268103e+02 3.436247e+03 -1.500949e+00 9.796572e+00 -3.426223e+03 
2.096970e+13 2.508451e+04 1.297879e+02 6.766309e+04 1.048223e-07 6.455027e+11 3.689403e-02 -1.467455e+02 -1.463948e+02 3.443553e+03 -1.651175e+00 9.084963e+00 -3.441936e+03 
2.229764e+13 2.276807e+04 1.264170e+02 6.677863e+04 9.573483e-08 6.975375e+11 3.948485e-02 -1.500130e+02 -1.495280e+02 3.448715e+03 -1.816805e+00 8.425009e+00 -3.447003e+03 
2.370967e+13 2.062566e+04 1.231337e+02 6.590574e+04 8.743794e-08 7.537430e+11 4.140316e-02 -1.230040e+02 -1.223744e+02 3.480235e+03 -1.999488e+00 7.805754e+00 -3.462435e+03 
2.521112e+13 1.868007e+04 1.199357e+02 6.504426e+04 7.986255e-08 8.144525e+11 4.327764e-02 -9.156806e+01 -9.077292e+01 3.505504e+03 -2.201063e+00 7.231295e+00 -3.469457e+03 
2.680766e+13 1.688651e+04 1.168207e+02 6.419403e+04 7.294564e-08 8.800256e+11 4.436180e-02 -1.105235e+02 -1.095477e+02 3.515358e+03 -2.423587e+00 6.693181e+00 -3.487345e+03 
2.850529e+13 1.530732e+04 1.137866e+02 6.335492e+04 6.662985e-08 9.508489e+11 4.674387e-02 -1.035184e+02 -1.023273e+02 3.518345e+03 -2.669355e+00 6.192835e+00 -3.484995e+03 
3.031043e+13 1.383122e+04 1.108314e+02 6.252678e+04 6.086279e-08 1.027340e+12 4.764553e-02 -9.418622e+01 -9.276645e+01 3.544117e+03 -2.940941e+00 5.721817e+00 -3.503906e+03 
3.222989e+13 1.252881e+04 1.079529e+02 6.170947e+04 5.559660e-08 1.109950e+12 4.978330e-02 -6.958764e+01 -6.789724e+01 3.553797e+03 -3.241237e+00 5.284692e+00 -3.499056e+03 
3.427090e+13 1.130580e+04 1.051491e+02 6.090284e+04 5.078762e-08 1.199167e+12 5.003392e-02 -8.242939e+01 -8.045217e+01 3.572755e+03 -3.573496e+00 4.872748e+00 -3.522757e+03 
3.644116e+13 1.024686e+04 1.024182e+02 6.010675e+04 4.639605e-08 1.295514e+12 5.251107e-02 -6.577530e+01 -6.345373e+01 3.571933e+03 -3.941389e+00 4.490232e+00 -3.511657e+03 
3.874885e+13 9.239256e+03 9.975815e+01 5.932107e+04 4.238554e-08 1.399559e+12 5.231733e-02 -7.281015e+01 -7.012710e+01 3.597770e+03 -4.349067e+00 4.129315e+00 -3.539114e+03 
4.120268e+13 8.375960e+03 9.716723e+01 5.854565e+04 3.872293e-08 1.511912e+12 5.498024e-02 -5.264450e+01 -4.952612e+01 3.593774e+03 -4.801244e+00 3.793681e+00 -3.523061e+03 
4.381191e+13 7.545449e+03 9.464360e+01 5.778038e+04 3.537793e-08 1.633232e+12 5.424645e-02 -6.523975e+01 -6.166533e+01 3.621745e+03 -5.303295e+00 3.477218e+00 -3.555512e+03 
4.658637e+13 6.844019e+03 9.218552e+01 5.702510e+04 3.232293e-08 1.764231e+12 5.723884e-02 -4.704229e+01 -4.291706e+01 3.611281e+03 -5.861369e+00 3.182270e+00 -3.534112e+03 
4.953652e+13 6.160653e+03 8.979127e+01 5.627970e+04 2.953269e-08 1.905675e+12 5.601145e-02 -5.910729e+01 -5.440425e+01 3.644110e+03 -6.482548e+00 2.904411e+00 -3.571078e+03 
5.267350e+13 5.590709e+03 8.745921e+01 5.554405e+04 2.698420e-08 2.058391e+12 5.931789e-02 -4.126387e+01 -3.586374e+01 3.628420e+03 -7.175033e+00 2.644916e+00 -3.544734e+03 
5.600913e+13 5.028830e+03 8.518772e+01 5.481801e+04 2.465645e-08 2.223273e+12 5.760012e-02 -5.303958e+01 -4.690374e+01 3.665743e+03 -7.948398e+00 2.400689e+00 -3.585991e+03 
5.955600e+13 4.565764e+03 8.297522e+01 5.410146e+04 2.253026e-08 2.401280e+12 6.121110e-02 -3.572672e+01 -2.870600e+01 3.645033e+03 -8.813927e+00 2.172237e+00 -3.555023e+03 
6.332747e+13 4.104074e+03 8.082018e+01 5.339427e+04 2.058810e-08 2.593453e+12 5.900908e-02 -4.560931e+01 -3.764522e+01 3.687147e+03 -9.785063e+00 1.957331e+00 -3.600050e+03 
6.733779e+13 3.727628e+03 7.872112e+01 5.269633e+04 1.881402e-08 2.800908e+12 6.287356e-02 -2.806252e+01 -1.896776e+01 3.662165e+03 -1.087808e+01 1.755875e+00 -3.564829e+03 
7.160206e+13 3.348357e+03 7.667657e+01 5.200751e+04 1.719339e-08 3.024855e+12 6.017130e-02 -3.481341e+01 -2.449562e+01 3.709145e+03 -1.211302e+01 1.566055e+00 -3.613086e+03 
7.613637e+13 3.042056e+03 7.468513e+01 5.132770e+04 1.571291e-08 3.266593e+12 6.420661e-02 -1.635147e+01 -4.569846e+00 3.680615e+03 -1.351520e+01 1.387098e+00 -3.574021e+03 
8.095782e+13 2.730473e+03 7.274540e+01 5.065677e+04 1.436041e-08 3.527529e+12 6.096681e-02 -1.798007e+01 -4.581744e+00 3.732782e+03 -1.511768e+01 1.217153e+00 -3.624842e+03 
8.608461e+13 2.480904e+03 7.085606e+01 4.999462e+04 1.312479e-08 3.809174e+12 6.503982e-02 2.207776e+00 1.755109e+01 3.701626e+03 -1.696572e+01 1.054497e+00 -3.582497e+03 
9.153605e+13 2.224828e+03 6.901578e+01 4.934111e+04 1.199590e-08 4.113164e+12 6.119796e-02 7.984572e+00 2.554882e+01 3.759416e+03 -1.912557e+01 8.966309e-01 -3.635230e+03 
9.733271e+13 2.021115e+03 6.722330e+01 4.869615e+04 1.096449e-08 4.441258e+12 6.511700e-02 3.015907e+01 5.046225e+01 3.726620e+03 -2.170599e+01 7.400473e-01 -3.590603e+03 
1.034965e+14 1.810527e+03 6.547737e+01 4.805962e+04 1.002211e-08 4.795362e+12 6.058950e-02 4.927545e+01 7.295731e+01 3.791761e+03 -2.492600e+01 5.792237e-01 -3.644122e+03 
1.100505e+14 1.643622e+03 6.377679e+01 4.743142e+04 9.161024e-09 5.177523e+12 6.400627e-02 8.517645e+01 1.138614e+02 3.763490e+03 -2.962237e+01 4.009325e-01 -3.597839e+03 
1.170197e+14 1.469445e+03 6.212038e+01 4.681142e+04 8.374189e-09 5.589964e+12 5.836755e-02 1.597731e+02 1.942700e+02 3.851548e+03 -3.486022e+01 1.369757e-01 -3.646026e+03 
1.244301e+14 1.329935e+03 6.050699e+01 4.619953e+04 7.655153e-09 6.035088e+12 5.986532e-02 1.553281e+02 1.936169e+02 3.817060e+03 -3.828884e+01 0.000000e+00 -3.614380e+03 
1.323098e+14 1.188170e+03 5.893550e+01 4.559563e+04 6.998050e-09 6.515476e+12 5.412068e-02 1.693379e+02 2.098600e+02 3.876813e+03 -4.052215e+01 0.000000e+00 -3.664983e+03 
1.406886e+14 1.074986e+03 5.740483e+01 4.499963e+04 6.397529e-09 7.033908e+12 5.530173e-02 1.619202e+02 2.048036e+02 3.840518e+03 -4.288335e+01 0.000000e+00 -3.632474e+03 
1.495979e+14 9.597308e+02 5.591391e+01 4.441142e+04 5.848697e-09 7.593387e+12 4.955522e-02 1.788733e+02 2.242530e+02 3.903273e+03 -4.537970e+01 0.000000e+00 -3.684603e+03 
1.590714e+14 8.678285e+02 5.446171e+01 4.383090e+04 5.347091e-09 8.197149e+12 5.034278e-02 1.683263e+02 2.163451e+02 3.866775e+03 -4.801881e+01 0.000000e+00 -3.653709e+03 
1.691449e+14 7.741637e+02 5.304723e+01 4.325797e+04 4.888629e-09 8.848691e+12 4.466167e-02 1.880074e+02 2.388162e+02 3.932728e+03 -5.080881e+01 0.000000e+00 -3.707696e+03 
1.798562e+14 6.994601e+02 5.166948e+01 4.269252e+04 4.469587e-09 9.551783e+12 4.498270e-02 1.742009e+02 2.279592e+02 3.897206e+03 -5.375824e+01 0.000000e+00 -3.679680e+03 
1.912459e+14 6.233517e+02 5.032752e+01 4.213447e+04 4.086560e-09 1.031050e+13 3.943849e-02 1.962780e+02 2.531542e+02 3.967003e+03 -5.687620e+01 0.000000e+00 -3.736367e+03 
2.033569e+14 5.625304e+02 4.902041e+01 4.158371e+04 3.736441e-09 1.112923e+13 3.922644e-02 1.791977e+02 2.393700e+02 3.934365e+03 -6.017231e+01 0.000000e+00 -3.713148e+03 
2.162348e+14 5.006541e+02 4.774725e+01 4.104015e+04 3.416389e-09 1.201273e+13 3.389284e-02 2.031817e+02 2.668385e+02 4.009700e+03 -6.365683e+01 0.000000e+00 -3.774495e+03 
2.299282e+14 4.509991e+02 4.650716e+01 4.050370e+04 3.123810e-09 1.296612e+13 3.309203e-02 1.830735e+02 2.504141e+02 3.983665e+03 -6.734063e+01 0.000000e+00 -3.759630e+03 
2.444887e+14 4.005709e+02 4.529928e+01 3.997425e+04 2.856332e-09 1.399496e+13 2.804020e-02 2.082285e+02 2.794639e+02 4.069131e+03 -7.123538e+01 0.000000e+00 -3.830576e+03 
2.599714e+14 3.598025e+02 4.412276e+01 3.945173e+04 2.611788e-09 1.510526e+13 2.661416e-02 1.858095e+02 2.611630e+02 4.059101e+03 -7.535355e+01 0.000000e+00 -3.832914e+03 
2.764344e+14 3.183553e+02 4.297680e+01 3.893604e+04 2.388198e-09 1.630352e+13 2.190598e-02 2.109331e+02 2.906417e+02 4.169891e+03 -7.970867e+01 0.000000e+00 -3.929006e+03 
2.939401e+14 2.843696e+02 4.186061e+01 3.842709e+04 2.183749e-09 1.759684e+13 1.985921e-02 1.877021e+02 2.720176e+02 4.213335e+03 -8.431552e+01 0.000000e+00 -3.984185e+03 
3.125543e+14 2.490738e+02 4.077340e+01 3.792479e+04 1.996776e-09 1.899301e+13 1.555373e-02 2.103938e+02 2.995848e+02 4.438129e+03 -8.919099e+01 0.000000e+00 -4.192995e+03 
3.323473e+14 2.185657e+02 3.971444e+01 3.742906e+04 1.825746e-09 2.050069e+13 1.303893e-02 1.891528e+02 2.835080e+02 5.301814e+03 -9.435516e+01 0.000000e+00 -5.038178e+03 
3.533937e+14 1.692073e+02 3.868297e+01 3.693981e+04 1.669064e-09 2.213205e+13 1.002801e-02 1.993207e+02 2.991751e+02 7.812853e+03 -9.985441e+01 0.000000e+00 -7.486154e+03 
3.757729e+14 1.128925e+02 3.767830e+01 3.645695e+04 1.525159e-09 2.390370e+13 1.000000e-02 1.512388e+02 2.570058e+02 1.040117e+04 -1.057670e+02 0.000000e+00 -1.010081e+04 
3.995693e+14 7.010461e+01 3.669971e+01 3.598041e+04 1.392930e-09 2.583073e+13 1.000000e-02 1.808615e+02 2.930088e+02 1.157971e+04 -1.121473e+02 0.000000e+00 -1.132716e+04 
4.248727e+14 4.381135e+01 3.574655e+01 3.551009e+04 1.271630e-09 2.792486e+13 1.000000e-02 1.783826e+02 2.973952e+02 1.166158e+04 -1.190126e+02 0.000000e+00 -1.147607e+04 
4.517784e+14 2.665616e+01 3.481814e+01 3.504592e+04 1.160544e-09 3.019784e+13 1.000000e-02 1.911145e+02 3.174885e+02 1.225143e+04 -1.263740e+02 0.000000e+00 -1.210611e+04 
4.803880e+14 1.596710e+01 3.391384e+01 3.458782e+04 1.058930e-09 3.266300e+13 1.000000e-02 1.979960e+02 3.322458e+02 1.267142e+04 -1.342497e+02 0.000000e+00 -1.256025e+04 
5.108093e+14 9.393067e+00 3.303303e+01 3.413571e+04 9.660625e-10 3.533489e+13 1.000000e-02 2.060243e+02 3.486849e+02 1.314240e+04 -1.426606e+02 0.000000e+00 -1.305593e+04 
5.431571e+14 5.426679e+00 3.217509e+01 3.368951e+04 8.812443e-10 3.822948e+13 1.000000e-02 2.135286e+02 3.651598e+02 1.361690e+04 -1.516312e+02 0.000000e+00 -1.354883e+04 
5.775534e+14 3.082260e+00 3.133944e+01 3.324914e+04 8.038137e-10 4.136423e+13 1.000000e-02 2.203273e+02 3.815169e+02 1.408511e+04 -1.611896e+02 0.000000e+00 -1.403086e+04 
6.141279e+14 1.719290e+00 3.052549e+01 3.281452e+04 7.331504e-10 4.475824e+13 1.000000e-02 2.273886e+02 3.987560e+02 1.458087e+04 -1.713674e+02 0.000000e+00 -1.453674e+04 
6.530185e+14 9.420273e-01 2.973268e+01 3.238559e+04 6.686775e-10 4.843230e+13 1.000000e-02 2.341737e+02 4.163734e+02 1.508609e+04 -1.821998e+02 0.000000e+00 -1.504976e+04 
6.943719e+14 5.065135e-01 2.896047e+01 3.196226e+04 6.098615e-10 5.240905e+13 1.000000e-02 2.413065e+02 4.350314e+02 1.562223e+04 -1.937249e+02 0.000000e+00 -1.559193e+04 
7.383441e+14 2.671210e-01 2.820830e+01 3.154447e+04 5.562115e-10 5.671309e+13 1.000000e-02 2.485640e+02 4.545485e+02 1.618304e+04 -2.059845e+02 0.000000e+00 -1.615773e+04 
7.851009e+14 1.380486e-01 2.747568e+01 3.113214e+04 5.072770e-10 6.137109e+13 1.000000e-02 2.561497e+02 4.751733e+02 1.677653e+04 -2.190236e+02 0.000000e+00 -1.675553e+04 
8.348187e+14 6.986137e-02 2.676208e+01 3.072520e+04 4.626453e-10 6.641199e+13 1.000000e-02 2.639667e+02 4.968571e+02 1.740136e+04 -2.328904e+02 0.000000e+00 -1.738437e+04 
8.876849e+14 3.459426e-02 2.606701e+01 3.032357e+04 4.219392e-10 7.186717e+13 1.000000e-02 2.719940e+02 5.196305e+02 1.805855e+04 -2.476366e+02 0.000000e+00 -1.804553e+04 
9.438989e+14 1.675001e-02 2.539000e+01 2.992720e+04 3.848139e-10 7.777057e+13 1.000000e-02 2.799560e+02 5.432734e+02 1.874416e+04 -2.633174e+02 0.000000e+00 -1.873536e+04 
1.003673e+15 7.934197e-03 2.473057e+01 2.953601e+04 3.509549e-10 8.415899e+13 1.000000e-02 2.874500e+02 5.674418e+02 1.944180e+04 -2.799917e+02 0.000000e+00 -1.943781e+04 
1.067232e+15 3.668540e-03 2.408827e+01 2.914993e+04 3.200749e-10 9.107222e+13 1.000000e-02 2.918487e+02 5.895709e+02 2.012131e+04 -2.977223e+02 0.000000e+00 -2.012410e+04 
1.134816e+15 1.690900e-03 2.346265e+01 2.876890e+04 2.919118e-10 9.855338e+13 1.000000e-02 2.928042e+02 6.093800e+02 2.058710e+04 -3.165758e+02 0.000000e+00 -2.059890e+04 
1.206680e+15 7.238538e-04 2.285327e+01 2.839285e+04 2.662268e-10 1.066491e+14 1.000000e-02 2.536395e+02 5.902629e+02 2.085896e+04 -3.366233e+02 0.000000e+00 -2.090041e+04 
1.283095e+15 4.442529e-04 2.225973e+01 2.802171e+04 2.428018e-10 1.154098e+14 1.000000e-02 2.489876e+02 6.069281e+02 1.856505e+04 -3.579405e+02 0.000000e+00 -1.861951e+04 
1.364349e+15 7.961083e-23 1.000000e+01 1.878169e+04 2.214378e-10 8.481700e+13 0.000000e+00 -3.806076e+02 0.000000e+00 0.000000e+00 -3.806076e+02 0.000000e+00 0.000000e+00 
1.450749e+15 0.000000e+00 1.000000e+01 1.878169e+04 2.019537e-10 9.299999e+13 0.000000e+00 -4.047102e+02 0.000000e+00 0.000000e+00 -4.047102e+02 0.000000e+00 0.000000e+00 
1.542620e+15 0.000000e+00 1.000000e+01 1.878169e+04 1.841840e-10 1.019725e+14 0.000000e+00 -4.303391e+02 0.000000e+00 0.000000e+00 -4.303391e+02 0.000000e+00 0.000000e+00 
1.640308e+15 0.000000e+00 1.000000e+01 1.878169e+04 1.679778e-10 1.118106e+14 0.000000e+00 -4.575910e+02 0.000000e+00 0.000000e+00 -4.575910e+02 0.000000e+00 0.000000e+00 
1.744183e+15 0.000000e+00 1.000000e+01 1.878169e+04 1.531976e-10 1.225979e+14 0.000000e+00 -4.865686e+02 0.000000e+00 0.000000e+00 -4.865686e+02 0.000000e+00 0.000000e+00 
1.854637e+15 0.000000e+00 1.000000e+01 1.878169e+04 1.397178e-10 1.344259e+14 0.000000e+00 -5.173814e+02 0.000000e+00 0.000000e+00 -5.173814e+02 0.000000e+00 0.000000e+00 
1.972084e+15 0.000000e+00 1.000000e+01 1.878169e+04 1.274242e-10 1.473950e+14 0.000000e+00 -5.501454e+02 0.000000e+00 0.000000e+00 -5.501454e+02 0.000000e+00 0.000000e+00 
2.096970e+15 0.000000e+00 1.000000e+01 1.878169e+04 1.162122e-10 1.616155e+14 0.000000e+00 -5.849842e+02 0.000000e+00 0.000000e+00 -5.849842e+02 0.000000e+00 0.000000e+00 
2.229764e+15 0.000000e+00 1.000000e+01 1.878169e+04 1.059868e-10 1.772078e+14 0.000000e+00 -6.220292e+02 0.000000e+00 0.000000e+00 -6.220292e+02 0.000000e+00 0.000000e+00 
2.370967e+15 0.000000e+00 1.000000e+01 1.878169e+04 9.666113e-11 1.943045e+14 0.000000e+00 -6.614202e+02 0.000000e+00 0.000000e+00 -6.614202e+02 0.000000e+00 0.000000e+00 
2.521112e+15 0.000000e+00 1.000000e+01 1.878169e+04 8.815600e-11 2.130507e+14 0.000000e+00 -7.033057e+02 0.000000e+00 0.000000e+00 -7.033057e+02 0.000000e+00 0.000000e+00 
2.680766e+15 0.000000e+00 1.000000e+01 1.878169e+04 8.039922e-11 2.336054e+14 0.000000e+00 -7.478436e+02 0.000000e+00 0.000000e+00 -7.478436e+02 0.000000e+00 0.000000e+00 
2.850529e+15 0.000000e+00 1.000000e+01 1.878169e+04 7.332496e-11 2.561432e+14 0.000000e+00 -7.952020e+02 0.000000e+00 0.000000e+00 -7.952020e+02 0.000000e+00 0.000000e+00 
3.031043e+15 0.000000e+00 1.000000e+01 1.878169e+04 6.687316e-11 2.808555e+14 0.000000e+00 -8.455594e+02 0.000000e+00 0.000000e+00 -8.455594e+02 0.000000e+00 0.000000e+00 
3.222989e+15 0.000000e+00 1.000000e+01 1.878169e+04 6.098905e-11 3.079519e+14 0.000000e+00 -8.991058e+02 0.000000e+00 0.000000e+00 -8.991058e+02 0.000000e+00 0.000000e+00 
3.427090e+15 0.000000e+00 1.000000e+01 1.878169e+04 5.562267e-11 3.376625e+14 0.000000e+00 -9.560431e+02 0.000000e+00 0.000000e+00 -9.560431e+02 0.000000e+00 0.000000e+00 
3.644116e+15 0.000000e+00 1.000000e+01 1.878169e+04 5.072848e-11 3.702396e+14 0.000000e+00 -1.016586e+03 0.000000e+00 0.000000e+00 -1.016586e+03 0.000000e+00 0.000000e+00 
3.874885e+15 0.000000e+00 1.000000e+01 1.878169e+04 4.626492e-11 4.059597e+14 0.000000e+00 -1.080963e+03 0.000000e+00 0.000000e+00 -1.080963e+03 0.000000e+00 0.000000e+00 
4.120268e+15 0.000000e+00 1.000000e+01 1.878169e+04 4.219411e-11 4.451259e+14 0.000000e+00 -1.149417e+03 0.000000e+00 0.000000e+00 -1.149417e+03 0.000000e+00 0.000000e+00 
4.381191e+15 0.000000e+00 1.000000e+01 1.878169e+04 3.848149e-11 4.880709e+14 0.000000e+00 -1.222205e+03 0.000000e+00 0.000000e+00 -1.222205e+03 0.000000e+00 0.000000e+00 
4.658637e+15 0.000000e+00 1.000000e+01 1.878169e+04 3.509553e-11 5.351591e+14 0.000000e+00 -1.299603e+03 0.000000e+00 0.000000e+00 -1.299603e+03 0.000000e+00 0.000000e+00 
4.953652e+15 0.000000e+00 1.000000e+01 1.878169e+04 3.200751e-11 5.867903e+14 0.000000e+00 -1.381903e+03 0.000000e+00 0.000000e+00 -1.381903e+03 0.000000e+00 0.000000e+00 
5.267350e+15 0.000000e+00 1.000000e+01 1.878169e+04 2.919119e-11 6.434027e+14 0.000000e+00 -1.469414e+03 0.000000e+00 0.000000e+00 -1.469414e+03 0.000000e+00 0.000000e+00 
5.600913e+15 0.000000e+00 1.000000e+01 1.878169e+04 2.662268e-11 7.054771e+14 0.000000e+00 -1.562467e+03 0.000000e+00 0.000000e+00 -1.562467e+03 0.000000e+00 0.000000e+00 
5.955600e+15 0.000000e+00 1.000000e+01 1.878169e+04 2.428018e-11 7.735402e+14 0.000000e+00 -1.661412e+03 0.000000e+00 0.000000e+00 -1.661412e+03 0.000000e+00 0.000000e+00 
6.332747e+15 0.000000e+00 1.000000e+01 1.878169e+04 2.214378e-11 8.481700e+14 0.000000e+00 -1.766624e+03 0.000000e+00 0.000000e+00 -1.766624e+03 0.000000e+00 0.000000e+00 
6.733779e+15 0.000000e+00 1.000000e+01 1.878169e+04 2.019537e-11 9.299999e+14 0.000000e+00 -1.878498e+03 0.000000e+00 0.000000e+00 -1.878498e+03 0.000000e+00 0.000000e+00 
7.160206e+15 0.000000e+00 1.000000e+01 1.878169e+04 1.841840e-11 1.019725e+15 0.000000e+00 -1.997457e+03 0.000000e+00 0.000000e+00 -1.997457e+03 0.000000e+00 0.000000e+00 
7.613637e+15 0.000000e+00 1.000000e+01 1.878169e+04 1.679778e-11 1.118106e+15 0.000000e+00 -2.123949e+03 0.000000e+00 0.000000e+00 -2.123949e+03 0.000000e+00 0.000000e+00 
8.095782e+15 0.000000e+00 1.000000e+01 1.878169e+04 1.531976e-11 1.225979e+15 0.000000e+00 -2.258452e+03 0.000000e+00 0.000000e+00 -2.258452e+03 0.000000e+00 0.000000e+00 
8.608461e+15 0.000000e+00 1.000000e+01 1.878169e+04 1.397178e-11 1.344259e+15 0.000000e+00 -2.401472e+03 0.000000e+00 0.000000e+00 -2.401472e+03 0.000000e+00 0.000000e+00 
9.153605e+15 0.000000e+00 1.000000e+01 1.878169e+04 1.274242e-11 1.473950e+15 0.000000e+00 -2.553549e+03 0.000000e+00 0.000000e+00 -2.553549e+03 0.000000e+00 0.000000e+00 
9.733271e+15 0.000000e+00 1.000000e+01 1.878169e+04 1.162122e-11 1.616155e+15 0.000000e+00 -2.715256e+03 0.000000e+00 0.000000e+00 -2.715256e+03 0.000000e+00 0.000000e+00 
1.034965e+16 0.000000e+00 1.000000e+01 1.878169e+04 1.059868e-11 1.772078e+15 0.000000e+00 -2.887204e+03 0.000000e+00 0.000000e+00 -2.887204e+03 0.000000e+00 0.000000e+00 
1.100505e+16 0.000000e+00 1.000000e+01 1.878169e+04 9.666113e-12 1.943045e+15 0.000000e+00 -3.070041e+03 0.000000e+00 0.000000e+00 -3.070041e+03 0.000000e+00 0.000000e+00 
1.170197e+16 0.000000e+00 1.000000e+01 1.878169e+04 8.815600e-12 2.130507e+15 0.000000e+00 -3.264456e+03 0.000000e+00 0.000000e+00 -3.264456e+03 0.000000e+00 0.000000e+00 
1.244301e+16 0.000000e+00 1.000000e+01 1.878169e+04 8.039922e-12 2.336054e+15 0.000000e+00 -3.471183e+03 0.000000e+00 0.000000e+00 -3.471183e+03 0.000000e+00 0.000000e+00 
1.323098e+16 0.000000e+00 1.000000e+01 1.878169e+04 7.332496e-12 2.561432e+15 0.000000e+00 -3.691001e+03 0.000000e+00 0.000000e+00 -3.691001e+03 0.000000e+00 0.000000e+00 
1.406886e+16 0.000000e+00 1.000000e+01 1.878169e+04 6.687316e-12 2.808555e+15 0.000000e+00 -3.924739e+03 0.000000e+00 0.000000e+00 -3.924739e+03 0.000000e+00 0.000000e+00 
1.495979e+16 0.000000e+00 1.000000e+01 1.878169e+04 6.098905e-12 3.079519e+15 0.000000e+00 -4.173279e+03 0.000000e+00 0.000000e+00 -4.173279e+03 0.000000e+00 0.000000e+00 
1.590714e+16 0.000000e+00 1.000000e+01 1.878169e+04 5.562267e-12 3.376625e+15 0.000000e+00 -4.437559e+03 0.000000e+00 0.000000e+00 -4.437559e+03 0.000000e+00 0.000000e+00 
1.691449e+16 0.000000e+00 1.000000e+01 1.878169e+04 5.072848e-12 3.702396e+15 0.000000e+00 -4.718574e+03 0.000000e+00 0.000000e+00 -4.718574e+03 0.000000e+00 0.000000e+00 
1.798562e+16 0.000000e+00 1.000000e+01 1.878169e+04 4.626492e-12 4.059597e+15 0.000000e+00 -5.017385e+03 0.000000e+00 0.000000e+00 -5.017385e+03 0.000000e+00 0.000000e+00 
1.912459e+16 0.000000e+00 1.000000e+01 1.878169e+04 4.219411e-12 4.451259e+15 0.000000e+00 -5.335119e+03 0.000000e+00 0.000000e+00 -5.335119e+03 0.000000e+00 0.000000e+00 
2.033569e+16 0.000000e+00 1.000000e+01 1.878169e+04 3.848149e-12 4.880709e+15 0.000000e+00 -5.672974e+03 0.000000e+00 0.000000e+00 -5.672974e+03 0.000000e+00 0.000000e+00 
2.162348e+16 0.000000e+00 1.000000e+01 1.878169e+04 3.509553e-12 5.351591e+15 0.000000e+00 -6.032224e+03 0.000000e+00 0.000000e+00 -6.032224e+03 0.000000e+00 0.000000e+00 
2.299282e+16 0.000000e+00 1.000000e+01 1.878169e+04 3.200751e-12 5.867903e+15 0.000000e+00 -6.414224e+03 0.000000e+00 0.000000e+00 -6.414224e+03 0.000000e+00 0.000000e+00 
2.444887e+16 0.000000e+00 1.000000e+01 1.878169e+04 2.919119e-12 6.434027e+15 0.000000e+00 -6.820415e+03 0.000000e+00 0.000000e+00 -6.820415e+03 0.000000e+00 0.000000e+00 
2.599714e+16 0.000000e+00 1.000000e+01 1.878169e+04 2.662268e-12 7.054771e+15 0.000000e+00 -7.252328e+03 0.000000e+00 0.000000e+00 -7.252328e+03 0.000000e+00 0.000000e+00 
2.764344e+16 0.000000e+00 1.000000e+01 1.878169e+04 2.428018e-12 7.735402e+15 0.000000e+00 -7.711593e+03 0.000000e+00 0.000000e+00 -7.711593e+03 0.000000e+00 0.000000e+00 
2.939401e+16 0.000000e+00 1.000000e+01 1.878169e+04 2.214378e-12 8.481700e+15 0.000000e+00 -8.199942e+03 0.000000e+00 0.000000e+00 -8.199942e+03 0.000000e+00 0.000000e+00 
3.125543e+16 0.000000e+00 1.000000e+01 1.878169e+04 2.019537e-12 9.299999e+15 0.000000e+00 -8.719216e+03 0.000000e+00 0.000000e+00 -8.719216e+03 0.000000e+00 0.000000e+00 
3.323473e+16 0.000000e+00 1.000000e+01 1.878169e+04 1.841840e-12 1.019725e+16 0.000000e+00 -9.271374e+03 0.000000e+00 0.000000e+00 -9.271374e+03 0.000000e+00 0.000000e+00 
3.533937e+16 0.000000e+00 1.000000e+01 1.878169e+04 1.679778e-12 1.118106e+16 0.000000e+00 -9.858499e+03 0.000000e+00 0.000000e+00 -9.858499e+03 0.000000e+00 0.000000e+00 
3.757729e+16 0.000000e+00 1.000000e+01 1.878169e+04 1.531976e-12 1.225979e+16 0.000000e+00 -1.048280e+04 0.000000e+00 0.000000e+00 -1.048280e+04 0.000000e+00 0.000000e+00 
3.995693e+16 0.000000e+00 1.000000e+01 1.878169e+04 1.397178e-12 1.344259e+16 0.000000e+00 -1.114664e+04 0.000000e+00 0.000000e+00 -1.114664e+04 0.000000e+00 0.000000e+00 
4.248727e+16 0.000000e+00 1.000000e+01 1.878169e+04 1.274242e-12 1.473950e+16 0.000000e+00 -1.185252e+04 0.000000e+00 0.000000e+00 -1.185252e+04 0.000000e+00 0.000000e+00 
4.517784e+16 0.000000e+00 1.000000e+01 1.878169e+04 1.162122e-12 1.616155e+16 0.000000e+00 -1.260310e+04 0.000000e+00 0.000000e+00 -1.260310e+04 0.000000e+00 0.000000e+00 
4.803880e+16 0.000000e+00 1.000000e+01 1.878169e+04 1.059868e-12 1.772078e+16 0.000000e+00 -1.340121e+04 0.000000e+00 0.000000e+00 -1.340121e+04 0.000000e+00 0.000000e+00 
5.108093e+16 0.000000e+00 1.000000e+01 1.878169e+04 9.666113e-13 1.943045e+16 0.000000e+00 -1.424987e+04 0.000000e+00 0.000000e+00 -1.424987e+04 0.000000e+00 0.000000e+00 
5.431571e+16 0.000000e+00 1.000000e+01 1.878169e+04 8.815600e-13 2.130507e+16 0.000000e+00 -1.515226e+04 0.000000e+00 0.000000e+00 -1.515226e+04 0.000000e+00 0.000000e+00 
5.775534e+16 0.000000e+00 1.000000e+01 1.878169e+04 8.039922e-13 2.336054e+16 0.000000e+00 -1.611180e+04 0.000000e+00 0.000000e+00 -1.611180e+04 0.000000e+00 0.000000e+00 
6.141279e+16 0.000000e+00 1.000000e+01 1.878169e+04 7.332496e-13 2.561432e+16 0.000000e+00 -1.713211e+04 0.000000e+00 0.000000e+00 -1.713211e+04 0.000000e+00 0.000000e+00 
6.530185e+16 0.000000e+00 1.000000e+01 1.878169e+04 6.687316e-13 2.808555e+16 0.000000e+00 -1.821702e+04 0.000000e+00 0.000000e+00 -1.821702e+04 0.000000e+00 0.000000e+00 
6.943719e+16 0.000000e+00 1.000000e+01 1.878169e+04 6.098905e-13 3.079519e+16 0.000000e+00 -1.937065e+04 0.000000e+00 0.000000e+00 -1.937065e+04 0.000000e+00 0.000000e+00 
7.383441e+16 0.000000e+00 1.000000e+01 1.878169e+04 5.562267e-13 3.376625e+16 0.000000e+00 -2.059732e+04 0.000000e+00 0.000000e+00 -2.059732e+04 0.000000e+00 0.000000e+00 
7.851009e+16 0.000000e+00 1.000000e+01 1.878169e+04 5.072848e-13 3.702396e+16 0.000000e+00 -2.190168e+04 0.000000e+00 0.000000e+00 -2.190168e+04 0.000000e+00 0.000000e+00 
8.348187e+16 0.000000e+00 1.000000e+01 1.878169e+04 4.626492e-13 4.059597e+16 0.000000e+00 -2.328864e+04 0.000000e+00 0.000000e+00 -2.328864e+04 0.000000e+00 0.000000e+00 
8.876849e+16 0.000000e+00 1.000000e+01 1.878169e+04 4.219411e-13 4.451259e+16 0.000000e+00 -2.476343e+04 0.000000e+00 0.000000e+00 -2.476343e+04 0.000000e+00 0.000000e+00 
9.438989e+16 0.000000e+00 1.000000e+01 1.878169e+04 3.848149e-13 4.880709e+16 0.000000e+00 -2.633161e+04 0.000000e+00 0.000000e+00 -2.633161e+04 0.000000e+00 0.000000e+00 
1.003673e+17 0.000000e+00 1.000000e+01 1.878169e+04 3.509553e-13 5.351591e+16 0.000000e+00 -2.799910e+04 0.000000e+00 0.000000e+00 -2.799910e+04 0.000000e+00 0.000000e+00 
1.067232e+17 0.000000e+00 1.000000e+01 1.878169e+04 3.200751e-13 5.867903e+16 0.000000e+00 -2.977219e+04 0.000000e+00 0.000000e+00 -2.977219e+04 0.000000e+00 0.000000e+00 
1.134816e+17 0.000000e+00 1.000000e+01 1.878169e+04 2.919119e-13 6.434027e+16 0.000000e+00 -3.165756e+04 0.000000e+00 0.000000e+00 -3.165756e+04 0.000000e+00 0.000000e+00 
1.206680e+17 0.000000e+00 1.000000e+01 1.878169e+04 2.662268e-13 7.054771e+16 0.000000e+00 -3.366233e+04 0.000000e+00 0.000000e+00 -3.366233e+04 0.000000e+00 0.000000e+00 
1.283095e+17 0.000000e+00 1.000000e+01 1.878169e+04 2.428018e-13 7.735402e+16 0.000000e+00 -3.579405e+04 0.000000e+00 0.000000e+00 -3.579405e+04 0.000000e+00 0.000000e+00 
1.364349e+17 0.000000e+00 1.000000e+01 1.878169e+04 2.214378e-13 8.481700e+16 0.000000e+00 -3.806076e+04 0.000000e+00 0.000000e+00 -3.806076e+04 0.000000e+00 0.000000e+00 
1.450749e+17 0.000000e+00 1.000000e+01 1.878169e+04 2.019537e-13 9.299999e+16 0.000000e+00 -4.047102e+04 0.000000e+00 0.000000e+00 -4.047102e+04 0.000000e+00 0.000000e+00 
