time(s)          = 4.733539e+12
time(solar year) = 1.500000e+05
star mass (g)    = 1.109443e+33
star mass (Msun) = 5.579577e-01
total mass (g)   = 1.328874e+33
mdot (g/s)       = 1.707209e+20
mdot (Msun/yr)   = 2.709428e-06
1.542620e+13 3.538926e+04 1.480393e+02 7.226421e+04 1.421274e-07 5.084468e+11 2.779761e-02 -2.091278e+00 -1.148367e+00 1.808346e+03 -2.330879e+00 2.655647e+01 -1.767848e+03 
1.640308e+13 3.193407e+04 1.441944e+02 7.131961e+04 1.298131e-07 5.494022e+11 2.798713e-02 -1.320316e+01 -1.260988e+01 4.035402e+03 -2.568196e+00 1.525181e+01 -3.947057e+03 
1.744183e+13 2.884412e+04 1.404494e+02 7.038736e+04 1.185689e-07 5.936410e+11 2.844585e-02 -2.052482e+01 -1.915212e+01 4.038039e+03 -2.830617e+00 1.014984e+01 -3.952057e+03 
1.854637e+13 2.604298e+04 1.368016e+02 6.946729e+04 1.083016e-07 6.414246e+11 2.878916e-02 -3.177838e+01 -3.015176e+01 4.043547e+03 -3.120987e+00 9.364636e+00 -3.961644e+03 
1.972084e+13 2.354398e+04 1.332486e+02 6.855925e+04 9.892611e-08 6.930350e+11 2.950786e-02 -3.902739e+01 -3.711089e+01 4.044770e+03 -3.442510e+00 8.631934e+00 -3.964868e+03 
2.096970e+13 2.126947e+04 1.297879e+02 6.766309e+04 9.036488e-08 7.487764e+11 3.001509e-02 -5.033867e+01 -4.810000e+01 4.052114e+03 -3.798812e+00 7.944495e+00 -3.976204e+03 
2.229764e+13 1.924370e+04 1.264170e+02 6.677863e+04 8.254703e-08 8.089768e+11 3.099352e-02 -5.739066e+01 -5.478371e+01 4.052780e+03 -4.194009e+00 7.301619e+00 -3.978693e+03 
2.370967e+13 1.739295e+04 1.231337e+02 6.590574e+04 7.540786e-08 8.739903e+11 3.165886e-02 -6.751327e+01 -6.449790e+01 4.062692e+03 -4.632787e+00 6.698768e+00 -3.991858e+03 
2.521112e+13 1.574568e+04 1.199357e+02 6.504426e+04 6.888833e-08 9.441985e+11 3.286727e-02 -7.317958e+01 -6.969751e+01 4.063899e+03 -5.120510e+00 6.134643e+00 -3.994091e+03 
2.680766e+13 1.423585e+04 1.168207e+02 6.419403e+04 6.293451e-08 1.020013e+12 3.365704e-02 -8.134549e+01 -7.734545e+01 4.076449e+03 -5.663348e+00 5.605822e+00 -4.008774e+03 
2.850529e+13 1.289233e+04 1.137866e+02 6.335492e+04 5.749719e-08 1.101879e+12 3.504740e-02 -8.490333e+01 -8.031156e+01 4.078604e+03 -6.268442e+00 5.110508e+00 -4.010798e+03 
3.031043e+13 1.165770e+04 1.108314e+02 6.252678e+04 5.253143e-08 1.190274e+12 3.591060e-02 -9.039921e+01 -8.514869e+01 4.093629e+03 -6.944121e+00 4.645949e+00 -4.026492e+03 
3.222989e+13 1.055904e+04 1.079529e+02 6.170947e+04 4.799621e-08 1.285715e+12 3.741798e-02 -9.128661e+01 -8.528307e+01 4.096876e+03 -7.700187e+00 4.210043e+00 -4.028190e+03 
3.427090e+13 9.547493e+03 1.051491e+02 6.090284e+04 4.385408e-08 1.388761e+12 3.828989e-02 -9.347576e+01 -8.662943e+01 4.114102e+03 -8.548309e+00 3.800394e+00 -4.044329e+03 
3.644116e+13 8.647201e+03 1.024182e+02 6.010675e+04 4.007086e-08 1.500012e+12 3.983428e-02 -9.132311e+01 -8.351109e+01 4.118453e+03 -9.502578e+00 3.414681e+00 -4.045559e+03 
3.874885e+13 7.817250e+03 9.975815e+01 5.932107e+04 3.661533e-08 1.620115e+12 4.064061e-02 -8.942279e+01 -8.052119e+01 4.137701e+03 -1.058031e+01 3.050650e+00 -4.061602e+03 
4.120268e+13 7.078268e+03 9.716723e+01 5.854565e+04 3.345902e-08 1.749772e+12 4.212353e-02 -8.387053e+01 -7.371338e+01 4.143287e+03 -1.180333e+01 2.705653e+00 -4.062356e+03 
4.381191e+13 6.396644e+03 9.464360e+01 5.778038e+04 3.057591e-08 1.889736e+12 4.278017e-02 -7.666188e+01 -6.506984e+01 4.164624e+03 -1.319999e+01 2.377252e+00 -4.077795e+03 
4.658637e+13 5.789116e+03 9.218552e+01 5.702510e+04 2.794225e-08 2.040820e+12 4.407436e-02 -6.703167e+01 -5.376553e+01 4.171973e+03 -1.480886e+01 2.061998e+00 -4.078317e+03 
4.953652e+13 5.228863e+03 8.979127e+01 5.627970e+04 2.553639e-08 2.203902e+12 4.447910e-02 -5.226448e+01 -3.703970e+01 4.195993e+03 -1.668599e+01 1.756321e+00 -4.092661e+03 
5.267350e+13 4.728397e+03 8.745921e+01 5.554405e+04 2.333852e-08 2.379930e+12 4.540390e-02 -3.659996e+01 -1.901744e+01 4.206645e+03 -1.892181e+01 1.454109e+00 -4.093591e+03 
5.600913e+13 4.267320e+03 8.518772e+01 5.481801e+04 2.133059e-08 2.569925e+12 4.540486e-02 -8.915582e+00 1.160326e+01 4.235590e+03 -2.169324e+01 1.146146e+00 -4.106478e+03 
5.955600e+13 3.853422e+03 8.297522e+01 5.410146e+04 1.949608e-08 2.774991e+12 4.565076e-02 2.026022e+01 4.492570e+01 4.254778e+03 -2.558594e+01 8.100256e-01 -4.109605e+03 
6.332747e+13 3.472261e+03 8.082018e+01 5.339427e+04 1.781995e-08 2.996319e+12 4.490484e-02 8.635481e+01 1.162099e+02 4.301391e+03 -3.029736e+01 3.494261e-01 -4.120837e+03 
6.733779e+13 3.124650e+03 7.872112e+01 5.269633e+04 1.628842e-08 3.235203e+12 4.356593e-02 1.068699e+02 1.405157e+02 4.326327e+03 -3.364576e+01 0.000000e+00 -4.134190e+03 
7.160206e+13 2.812016e+03 7.667657e+01 5.200751e+04 1.488894e-08 3.493031e+12 4.227642e-02 1.017002e+02 1.373148e+02 4.334313e+03 -3.561453e+01 0.000000e+00 -4.143577e+03 
7.613637e+13 2.530594e+03 7.468513e+01 5.132770e+04 1.361010e-08 3.771296e+12 4.099710e-02 1.205665e+02 1.582629e+02 4.353788e+03 -3.769631e+01 0.000000e+00 -4.151622e+03 
8.095782e+13 2.274442e+03 7.274540e+01 5.065677e+04 1.244145e-08 4.071614e+12 3.923154e-02 1.192295e+02 1.591271e+02 4.369636e+03 -3.989754e+01 0.000000e+00 -4.166861e+03 
8.608461e+13 2.046355e+03 7.085606e+01 4.999462e+04 1.137346e-08 4.395725e+12 3.792786e-02 1.362132e+02 1.784382e+02 4.386087e+03 -4.222495e+01 0.000000e+00 -4.173053e+03 
9.153605e+13 1.836444e+03 6.901578e+01 4.934111e+04 1.039743e-08 4.745511e+12 3.571586e-02 1.384789e+02 1.831647e+02 4.410376e+03 -4.468579e+01 0.000000e+00 -4.194864e+03 
9.733271e+13 1.651344e+03 6.722330e+01 4.869615e+04 9.505399e-09 5.123000e+12 3.430927e-02 1.533360e+02 2.006236e+02 4.425706e+03 -4.728759e+01 0.000000e+00 -4.201237e+03 
1.034965e+14 1.479164e+03 6.547737e+01 4.805962e+04 8.690105e-09 5.530385e+12 3.168534e-02 1.587763e+02 2.088149e+02 4.460037e+03 -5.003852e+01 0.000000e+00 -4.231459e+03 
1.100505e+14 1.328669e+03 6.377679e+01 4.743142e+04 7.944919e-09 5.970031e+12 3.010773e-02 1.712249e+02 2.241720e+02 4.477629e+03 -5.294710e+01 0.000000e+00 -4.241521e+03 
1.170197e+14 1.187044e+03 6.212038e+01 4.681142e+04 7.263775e-09 6.444503e+12 2.711310e-02 1.792128e+02 2.352353e+02 4.526204e+03 -5.602258e+01 0.000000e+00 -4.284665e+03 
1.244301e+14 1.064259e+03 6.050699e+01 4.619953e+04 6.641141e-09 6.956565e+12 2.531322e-02 1.888769e+02 2.481516e+02 4.553930e+03 -5.927467e+01 0.000000e+00 -4.306348e+03 
1.323098e+14 9.468457e+02 5.893550e+01 4.559563e+04 6.071949e-09 7.509225e+12 2.200113e-02 1.985904e+02 2.613045e+02 4.629300e+03 -6.271405e+01 0.000000e+00 -4.375218e+03 
1.406886e+14 8.457493e+02 5.740483e+01 4.499963e+04 5.551582e-09 8.105731e+12 1.995612e-02 2.047899e+02 2.711419e+02 4.694846e+03 -6.635204e+01 0.000000e+00 -4.435840e+03 
1.495979e+14 7.457488e+02 5.591391e+01 4.441142e+04 5.075790e-09 8.749657e+12 1.641457e-02 2.151866e+02 2.853882e+02 4.853751e+03 -7.020162e+01 0.000000e+00 -4.586458e+03 
1.590714e+14 6.591888e+02 5.446171e+01 4.383090e+04 4.640697e-09 9.444896e+12 1.417606e-02 2.154671e+02 2.897441e+02 5.222970e+03 -7.427707e+01 0.000000e+00 -4.944207e+03 
1.691449e+14 5.556442e+02 5.304723e+01 4.325797e+04 4.242599e-09 1.019610e+13 1.079541e-02 2.245907e+02 3.031909e+02 6.888325e+03 -7.860025e+01 0.000000e+00 -6.555867e+03 
1.798562e+14 4.100304e+02 5.166948e+01 4.269252e+04 3.877633e-09 1.100994e+13 1.000018e-02 1.705221e+02 2.537410e+02 9.604281e+03 -8.321883e+01 0.000000e+00 -9.260802e+03 
1.912459e+14 2.724689e+02 5.032752e+01 4.213447e+04 3.542488e-09 1.189403e+13 1.000000e-02 1.707602e+02 2.589473e+02 1.117056e+04 -8.818713e+01 0.000000e+00 -1.086654e+04 
2.033569e+14 1.878632e+02 4.902041e+01 4.158371e+04 3.234990e-09 1.285436e+13 1.000000e-02 1.516796e+02 2.452079e+02 1.070338e+04 -9.352829e+01 0.000000e+00 -1.047757e+04 
2.162348e+14 1.268786e+02 4.774725e+01 4.104015e+04 2.953303e-09 1.389635e+13 1.000000e-02 1.584032e+02 2.576553e+02 1.110328e+04 -9.925206e+01 0.000000e+00 -1.091747e+04 
2.299282e+14 8.574261e+01 4.650716e+01 4.050370e+04 2.695503e-09 1.502640e+13 1.000000e-02 1.580097e+02 2.633860e+02 1.124351e+04 -1.053762e+02 0.000000e+00 -1.109608e+04 
2.444887e+14 5.701383e+01 4.529928e+01 3.997425e+04 2.459751e-09 1.625134e+13 1.000000e-02 1.660291e+02 2.779488e+02 1.166376e+04 -1.119197e+02 0.000000e+00 -1.154209e+04 
2.599714e+14 3.742214e+01 4.412276e+01 3.945173e+04 2.244290e-09 1.757871e+13 1.000000e-02 1.727118e+02 2.916162e+02 1.204868e+04 -1.189044e+02 0.000000e+00 -1.194914e+04 
2.764344e+14 2.418529e+01 4.297680e+01 3.893604e+04 2.047469e-09 1.901667e+13 1.000000e-02 1.806792e+02 3.070328e+02 1.248668e+04 -1.263537e+02 0.000000e+00 -1.240445e+04 
2.939401e+14 1.538796e+01 4.186061e+01 3.842709e+04 1.867745e-09 2.057405e+13 1.000000e-02 1.883811e+02 3.226742e+02 1.293262e+04 -1.342931e+02 0.000000e+00 -1.286451e+04 
3.125543e+14 9.641663e+00 4.077340e+01 3.792479e+04 1.703685e-09 2.226045e+13 1.000000e-02 1.957078e+02 3.384581e+02 1.338192e+04 -1.427503e+02 0.000000e+00 -1.332531e+04 
3.323473e+14 5.947086e+00 3.971444e+01 3.742906e+04 1.553960e-09 2.408624e+13 1.000000e-02 2.028830e+02 3.546380e+02 1.384416e+04 -1.517549e+02 0.000000e+00 -1.379684e+04 
3.533937e+14 3.611883e+00 3.868297e+01 3.693981e+04 1.417342e-09 2.606273e+13 1.000000e-02 2.096993e+02 3.710384e+02 1.431199e+04 -1.613391e+02 0.000000e+00 -1.427236e+04 
3.757729e+14 2.158958e+00 3.767830e+01 3.645695e+04 1.292703e-09 2.820212e+13 1.000000e-02 2.165162e+02 3.880534e+02 1.479807e+04 -1.715373e+02 0.000000e+00 -1.476478e+04 
3.995693e+14 1.269745e+00 3.669971e+01 3.598041e+04 1.179002e-09 3.051767e+13 1.000000e-02 2.232924e+02 4.056791e+02 1.530133e+04 -1.823867e+02 0.000000e+00 -1.527345e+04 
4.248727e+14 7.343141e-01 3.574655e+01 3.551009e+04 1.075289e-09 3.302376e+13 1.000000e-02 2.302343e+02 4.241615e+02 1.582944e+04 -1.939272e+02 0.000000e+00 -1.580626e+04 
4.517784e+14 4.173313e-01 3.481814e+01 3.504592e+04 9.806908e-10 3.573596e+13 1.000000e-02 2.373452e+02 4.435466e+02 1.638356e+04 -2.062014e+02 0.000000e+00 -1.636464e+04 
4.803880e+14 2.329168e-01 3.391384e+01 3.458782e+04 8.944097e-10 3.867112e+13 1.000000e-02 2.446963e+02 4.639513e+02 1.696735e+04 -2.192550e+02 0.000000e+00 -1.695244e+04 
5.108093e+14 1.275645e-01 3.303303e+01 3.413571e+04 8.157165e-10 4.184752e+13 1.000000e-02 2.522813e+02 4.854180e+02 1.758212e+04 -2.331367e+02 0.000000e+00 -1.757114e+04 
5.431571e+14 6.850816e-02 3.217509e+01 3.368951e+04 7.439452e-10 4.528493e+13 1.000000e-02 2.601110e+02 5.080095e+02 1.822988e+04 -2.478985e+02 0.000000e+00 -1.822289e+04 
5.775534e+14 3.605052e-02 3.133944e+01 3.324914e+04 6.784877e-10 4.900478e+13 1.000000e-02 2.681787e+02 5.317745e+02 1.891218e+04 -2.635959e+02 0.000000e+00 -1.890934e+04 
6.141279e+14 1.857397e-02 3.052549e+01 3.281452e+04 6.187889e-10 5.303023e+13 1.000000e-02 2.764874e+02 5.567751e+02 1.963097e+04 -2.802877e+02 0.000000e+00 -1.963254e+04 
6.530185e+14 9.362307e-03 2.973268e+01 3.238559e+04 5.643427e-10 5.738639e+13 1.000000e-02 2.850420e+02 5.830789e+02 2.038837e+04 -2.980369e+02 0.000000e+00 -2.039467e+04 
6.943719e+14 4.613157e-03 2.896047e+01 3.196226e+04 5.146869e-10 6.210040e+13 1.000000e-02 2.938537e+02 6.107640e+02 2.118681e+04 -3.169103e+02 0.000000e+00 -2.119823e+04 
7.383441e+14 2.220211e-03 2.820830e+01 3.154447e+04 4.694001e-10 6.720166e+13 1.000000e-02 3.029360e+02 6.399150e+02 2.202895e+04 -3.369789e+02 0.000000e+00 -2.204591e+04 
7.851009e+14 1.042812e-03 2.747568e+01 3.113214e+04 4.280981e-10 7.272198e+13 1.000000e-02 3.123013e+02 6.706198e+02 2.291755e+04 -3.583186e+02 0.000000e+00 -2.294052e+04 
8.348187e+14 4.775999e-04 2.676208e+01 3.072520e+04 3.904301e-10 7.869577e+13 1.000000e-02 3.219506e+02 7.029602e+02 2.385527e+04 -3.810096e+02 0.000000e+00 -2.388478e+04 
8.876849e+14 2.131121e-04 2.606701e+01 3.032357e+04 3.560765e-10 8.516028e+13 1.000000e-02 3.318532e+02 7.369907e+02 2.484396e+04 -4.051376e+02 0.000000e+00 -2.488059e+04 
9.438989e+14 9.257469e-05 2.539000e+01 2.992720e+04 3.247456e-10 9.215582e+13 1.000000e-02 3.418584e+02 7.726520e+02 2.588306e+04 -4.307935e+02 0.000000e+00 -2.592752e+04 
1.003673e+15 3.913769e-05 2.473057e+01 2.953601e+04 2.961715e-10 9.972602e+13 1.000000e-02 3.515632e+02 8.096374e+02 2.696198e+04 -4.580742e+02 0.000000e+00 -2.701523e+04 
1.067232e+15 1.608984e-05 2.408827e+01 2.914993e+04 2.701117e-10 1.079181e+14 1.000000e-02 3.590924e+02 8.461749e+02 2.805114e+04 -4.870825e+02 0.000000e+00 -2.811513e+04 
1.134816e+15 6.500367e-06 2.346265e+01 2.876890e+04 2.463448e-10 1.167831e+14 1.000000e-02 3.617564e+02 8.796841e+02 2.897319e+04 -5.179277e+02 0.000000e+00 -2.905128e+04 
1.206680e+15 2.490520e-06 2.285327e+01 2.839285e+04 2.246691e-10 1.263763e+14 1.000000e-02 3.298312e+02 8.805575e+02 2.964113e+04 -5.507263e+02 0.000000e+00 -2.975158e+04 
1.283095e+15 1.245043e-06 2.225973e+01 2.802171e+04 2.049006e-10 1.367576e+14 1.000000e-02 2.973372e+02 8.829392e+02 2.700784e+04 -5.856019e+02 0.000000e+00 -2.715197e+04 
1.364349e+15 2.405387e-22 1.000000e+01 1.878169e+04 1.868716e-10 1.005059e+14 0.000000e+00 -6.226861e+02 0.000000e+00 0.000000e+00 -6.226861e+02 0.000000e+00 0.000000e+00 
1.450749e+15 0.000000e+00 1.000000e+01 1.878169e+04 1.704289e-10 1.102025e+14 0.000000e+00 -6.621187e+02 0.000000e+00 0.000000e+00 -6.621187e+02 0.000000e+00 0.000000e+00 
1.542620e+15 0.000000e+00 1.000000e+01 1.878169e+04 1.554330e-10 1.208346e+14 0.000000e+00 -7.040484e+02 0.000000e+00 0.000000e+00 -7.040484e+02 0.000000e+00 0.000000e+00 
1.640308e+15 0.000000e+00 1.000000e+01 1.878169e+04 1.417566e-10 1.324925e+14 0.000000e+00 -7.486334e+02 0.000000e+00 0.000000e+00 -7.486334e+02 0.000000e+00 0.000000e+00 
1.744183e+15 0.000000e+00 1.000000e+01 1.878169e+04 1.292836e-10 1.452752e+14 0.000000e+00 -7.960417e+02 0.000000e+00 0.000000e+00 -7.960417e+02 0.000000e+00 0.000000e+00 
1.854637e+15 0.000000e+00 1.000000e+01 1.878169e+04 1.179080e-10 1.592911e+14 0.000000e+00 -8.464523e+02 0.000000e+00 0.000000e+00 -8.464523e+02 0.000000e+00 0.000000e+00 
1.972084e+15 0.000000e+00 1.000000e+01 1.878169e+04 1.075334e-10 1.746592e+14 0.000000e+00 -9.000553e+02 0.000000e+00 0.000000e+00 -9.000553e+02 0.000000e+00 0.000000e+00 
2.096970e+15 0.000000e+00 1.000000e+01 1.878169e+04 9.807161e-11 1.915100e+14 0.000000e+00 -9.570527e+02 0.000000e+00 0.000000e+00 -9.570527e+02 0.000000e+00 0.000000e+00 
2.229764e+15 0.000000e+00 1.000000e+01 1.878169e+04 8.944237e-11 2.099865e+14 0.000000e+00 -1.017660e+03 0.000000e+00 0.000000e+00 -1.017660e+03 0.000000e+00 0.000000e+00 
2.370967e+15 0.000000e+00 1.000000e+01 1.878169e+04 8.157241e-11 2.302456e+14 0.000000e+00 -1.082104e+03 0.000000e+00 0.000000e+00 -1.082104e+03 0.000000e+00 0.000000e+00 
2.521112e+15 0.000000e+00 1.000000e+01 1.878169e+04 7.439493e-11 2.524593e+14 0.000000e+00 -1.150630e+03 0.000000e+00 0.000000e+00 -1.150630e+03 0.000000e+00 0.000000e+00 
2.680766e+15 0.000000e+00 1.000000e+01 1.878169e+04 6.784898e-11 2.768162e+14 0.000000e+00 -1.223496e+03 0.000000e+00 0.000000e+00 -1.223496e+03 0.000000e+00 0.000000e+00 
2.850529e+15 0.000000e+00 1.000000e+01 1.878169e+04 6.187900e-11 3.035229e+14 0.000000e+00 -1.300976e+03 0.000000e+00 0.000000e+00 -1.300976e+03 0.000000e+00 0.000000e+00 
3.031043e+15 0.000000e+00 1.000000e+01 1.878169e+04 5.643432e-11 3.328062e+14 0.000000e+00 -1.383362e+03 0.000000e+00 0.000000e+00 -1.383362e+03 0.000000e+00 0.000000e+00 
3.222989e+15 0.000000e+00 1.000000e+01 1.878169e+04 5.146871e-11 3.649148e+14 0.000000e+00 -1.470966e+03 0.000000e+00 0.000000e+00 -1.470966e+03 0.000000e+00 0.000000e+00 
3.427090e+15 0.000000e+00 1.000000e+01 1.878169e+04 4.694003e-11 4.001211e+14 0.000000e+00 -1.564117e+03 0.000000e+00 0.000000e+00 -1.564117e+03 0.000000e+00 0.000000e+00 
3.644116e+15 0.000000e+00 1.000000e+01 1.878169e+04 4.280981e-11 4.387240e+14 0.000000e+00 -1.663167e+03 0.000000e+00 0.000000e+00 -1.663167e+03 0.000000e+00 0.000000e+00 
3.874885e+15 0.000000e+00 1.000000e+01 1.878169e+04 3.904301e-11 4.810513e+14 0.000000e+00 -1.768490e+03 0.000000e+00 0.000000e+00 -1.768490e+03 0.000000e+00 0.000000e+00 
4.120268e+15 0.000000e+00 1.000000e+01 1.878169e+04 3.560765e-11 5.274623e+14 0.000000e+00 -1.880482e+03 0.000000e+00 0.000000e+00 -1.880482e+03 0.000000e+00 0.000000e+00 
4.381191e+15 0.000000e+00 1.000000e+01 1.878169e+04 3.247456e-11 5.783509e+14 0.000000e+00 -1.999566e+03 0.000000e+00 0.000000e+00 -1.999566e+03 0.000000e+00 0.000000e+00 
4.658637e+15 0.000000e+00 1.000000e+01 1.878169e+04 2.961715e-11 6.341492e+14 0.000000e+00 -2.126192e+03 0.000000e+00 0.000000e+00 -2.126192e+03 0.000000e+00 0.000000e+00 
4.953652e+15 0.000000e+00 1.000000e+01 1.878169e+04 2.701117e-11 6.953307e+14 0.000000e+00 -2.260837e+03 0.000000e+00 0.000000e+00 -2.260837e+03 0.000000e+00 0.000000e+00 
5.267350e+15 0.000000e+00 1.000000e+01 1.878169e+04 2.463448e-11 7.624150e+14 0.000000e+00 -2.404008e+03 0.000000e+00 0.000000e+00 -2.404008e+03 0.000000e+00 0.000000e+00 
5.600913e+15 0.000000e+00 1.000000e+01 1.878169e+04 2.246691e-11 8.359714e+14 0.000000e+00 -2.556245e+03 0.000000e+00 0.000000e+00 -2.556245e+03 0.000000e+00 0.000000e+00 
5.955600e+15 0.000000e+00 1.000000e+01 1.878169e+04 2.049006e-11 9.166244e+14 0.000000e+00 -2.718123e+03 0.000000e+00 0.000000e+00 -2.718123e+03 0.000000e+00 0.000000e+00 
6.332747e+15 0.000000e+00 1.000000e+01 1.878169e+04 1.868716e-11 1.005059e+15 0.000000e+00 -2.890253e+03 0.000000e+00 0.000000e+00 -2.890253e+03 0.000000e+00 0.000000e+00 
6.733779e+15 0.000000e+00 1.000000e+01 1.878169e+04 1.704289e-11 1.102025e+15 0.000000e+00 -3.073283e+03 0.000000e+00 0.000000e+00 -3.073283e+03 0.000000e+00 0.000000e+00 
7.160206e+15 0.000000e+00 1.000000e+01 1.878169e+04 1.554330e-11 1.208346e+15 0.000000e+00 -3.267903e+03 0.000000e+00 0.000000e+00 -3.267903e+03 0.000000e+00 0.000000e+00 
7.613637e+15 0.000000e+00 1.000000e+01 1.878169e+04 1.417566e-11 1.324925e+15 0.000000e+00 -3.474848e+03 0.000000e+00 0.000000e+00 -3.474848e+03 0.000000e+00 0.000000e+00 
8.095782e+15 0.000000e+00 1.000000e+01 1.878169e+04 1.292836e-11 1.452752e+15 0.000000e+00 -3.694898e+03 0.000000e+00 0.000000e+00 -3.694898e+03 0.000000e+00 0.000000e+00 
8.608461e+15 0.000000e+00 1.000000e+01 1.878169e+04 1.179080e-11 1.592911e+15 0.000000e+00 -3.928884e+03 0.000000e+00 0.000000e+00 -3.928884e+03 0.000000e+00 0.000000e+00 
9.153605e+15 0.000000e+00 1.000000e+01 1.878169e+04 1.075334e-11 1.746592e+15 0.000000e+00 -4.177686e+03 0.000000e+00 0.000000e+00 -4.177686e+03 0.000000e+00 0.000000e+00 
9.733271e+15 0.000000e+00 1.000000e+01 1.878169e+04 9.807161e-12 1.915100e+15 0.000000e+00 -4.442245e+03 0.000000e+00 0.000000e+00 -4.442245e+03 0.000000e+00 0.000000e+00 
1.034965e+16 0.000000e+00 1.000000e+01 1.878169e+04 8.944237e-12 2.099865e+15 0.000000e+00 -4.723557e+03 0.000000e+00 0.000000e+00 -4.723557e+03 0.000000e+00 0.000000e+00 
1.100505e+16 0.000000e+00 1.000000e+01 1.878169e+04 8.157241e-12 2.302456e+15 0.000000e+00 -5.022684e+03 0.000000e+00 0.000000e+00 -5.022684e+03 0.000000e+00 0.000000e+00 
1.170197e+16 0.000000e+00 1.000000e+01 1.878169e+04 7.439493e-12 2.524593e+15 0.000000e+00 -5.340753e+03 0.000000e+00 0.000000e+00 -5.340753e+03 0.000000e+00 0.000000e+00 
1.244301e+16 0.000000e+00 1.000000e+01 1.878169e+04 6.784898e-12 2.768162e+15 0.000000e+00 -5.678965e+03 0.000000e+00 0.000000e+00 -5.678965e+03 0.000000e+00 0.000000e+00 
1.323098e+16 0.000000e+00 1.000000e+01 1.878169e+04 6.187900e-12 3.035229e+15 0.000000e+00 -6.038594e+03 0.000000e+00 0.000000e+00 -6.038594e+03 0.000000e+00 0.000000e+00 
1.406886e+16 0.000000e+00 1.000000e+01 1.878169e+04 5.643432e-12 3.328062e+15 0.000000e+00 -6.420998e+03 0.000000e+00 0.000000e+00 -6.420998e+03 0.000000e+00 0.000000e+00 
1.495979e+16 0.000000e+00 1.000000e+01 1.878169e+04 5.146871e-12 3.649148e+15 0.000000e+00 -6.827617e+03 0.000000e+00 0.000000e+00 -6.827617e+03 0.000000e+00 0.000000e+00 
1.590714e+16 0.000000e+00 1.000000e+01 1.878169e+04 4.694003e-12 4.001211e+15 0.000000e+00 -7.259987e+03 0.000000e+00 0.000000e+00 -7.259987e+03 0.000000e+00 0.000000e+00 
1.691449e+16 0.000000e+00 1.000000e+01 1.878169e+04 4.280981e-12 4.387240e+15 0.000000e+00 -7.719737e+03 0.000000e+00 0.000000e+00 -7.719737e+03 0.000000e+00 0.000000e+00 
1.798562e+16 0.000000e+00 1.000000e+01 1.878169e+04 3.904301e-12 4.810513e+15 0.000000e+00 -8.208602e+03 0.000000e+00 0.000000e+00 -8.208602e+03 0.000000e+00 0.000000e+00 
1.912459e+16 0.000000e+00 1.000000e+01 1.878169e+04 3.560765e-12 5.274623e+15 0.000000e+00 -8.728424e+03 0.000000e+00 0.000000e+00 -8.728424e+03 0.000000e+00 0.000000e+00 
2.033569e+16 0.000000e+00 1.000000e+01 1.878169e+04 3.247456e-12 5.783509e+15 0.000000e+00 -9.281165e+03 0.000000e+00 0.000000e+00 -9.281165e+03 0.000000e+00 0.000000e+00 
2.162348e+16 0.000000e+00 1.000000e+01 1.878169e+04 2.961715e-12 6.341492e+15 0.000000e+00 -9.868910e+03 0.000000e+00 0.000000e+00 -9.868910e+03 0.000000e+00 0.000000e+00 
2.299282e+16 0.000000e+00 1.000000e+01 1.878169e+04 2.701117e-12 6.953307e+15 0.000000e+00 -1.049387e+04 0.000000e+00 0.000000e+00 -1.049387e+04 0.000000e+00 0.000000e+00 
2.444887e+16 0.000000e+00 1.000000e+01 1.878169e+04 2.463448e-12 7.624150e+15 0.000000e+00 -1.115841e+04 0.000000e+00 0.000000e+00 -1.115841e+04 0.000000e+00 0.000000e+00 
2.599714e+16 0.000000e+00 1.000000e+01 1.878169e+04 2.246691e-12 8.359714e+15 0.000000e+00 -1.186504e+04 0.000000e+00 0.000000e+00 -1.186504e+04 0.000000e+00 0.000000e+00 
2.764344e+16 0.000000e+00 1.000000e+01 1.878169e+04 2.049006e-12 9.166244e+15 0.000000e+00 -1.261641e+04 0.000000e+00 0.000000e+00 -1.261641e+04 0.000000e+00 0.000000e+00 
2.939401e+16 0.000000e+00 1.000000e+01 1.878169e+04 1.868716e-12 1.005059e+16 0.000000e+00 -1.341537e+04 0.000000e+00 0.000000e+00 -1.341537e+04 0.000000e+00 0.000000e+00 
3.125543e+16 0.000000e+00 1.000000e+01 1.878169e+04 1.704289e-12 1.102025e+16 0.000000e+00 -1.426491e+04 0.000000e+00 0.000000e+00 -1.426491e+04 0.000000e+00 0.000000e+00 
3.323473e+16 0.000000e+00 1.000000e+01 1.878169e+04 1.554330e-12 1.208346e+16 0.000000e+00 -1.516826e+04 0.000000e+00 0.000000e+00 -1.516826e+04 0.000000e+00 0.000000e+00 
3.533937e+16 0.000000e+00 1.000000e+01 1.878169e+04 1.417566e-12 1.324925e+16 0.000000e+00 -1.612882e+04 0.000000e+00 0.000000e+00 -1.612882e+04 0.000000e+00 0.000000e+00 
3.757729e+16 0.000000e+00 1.000000e+01 1.878169e+04 1.292836e-12 1.452752e+16 0.000000e+00 -1.715020e+04 0.000000e+00 0.000000e+00 -1.715020e+04 0.000000e+00 0.000000e+00 
3.995693e+16 0.000000e+00 1.000000e+01 1.878169e+04 1.179080e-12 1.592911e+16 0.000000e+00 -1.823626e+04 0.000000e+00 0.000000e+00 -1.823626e+04 0.000000e+00 0.000000e+00 
4.248727e+16 0.000000e+00 1.000000e+01 1.878169e+04 1.075334e-12 1.746592e+16 0.000000e+00 -1.939110e+04 0.000000e+00 0.000000e+00 -1.939110e+04 0.000000e+00 0.000000e+00 
4.517784e+16 0.000000e+00 1.000000e+01 1.878169e+04 9.807161e-13 1.915100e+16 0.000000e+00 -2.061907e+04 0.000000e+00 0.000000e+00 -2.061907e+04 0.000000e+00 0.000000e+00 
4.803880e+16 0.000000e+00 1.000000e+01 1.878169e+04 8.944237e-13 2.099865e+16 0.000000e+00 -2.192481e+04 0.000000e+00 0.000000e+00 -2.192481e+04 0.000000e+00 0.000000e+00 
5.108093e+16 0.000000e+00 1.000000e+01 1.878169e+04 8.157241e-13 2.302456e+16 0.000000e+00 -2.331323e+04 0.000000e+00 0.000000e+00 -2.331323e+04 0.000000e+00 0.000000e+00 
5.431571e+16 0.000000e+00 1.000000e+01 1.878169e+04 7.439493e-13 2.524593e+16 0.000000e+00 -2.478958e+04 0.000000e+00 0.000000e+00 -2.478958e+04 0.000000e+00 0.000000e+00 
5.775534e+16 0.000000e+00 1.000000e+01 1.878169e+04 6.784898e-13 2.768162e+16 0.000000e+00 -2.635942e+04 0.000000e+00 0.000000e+00 -2.635942e+04 0.000000e+00 0.000000e+00 
6.141279e+16 0.000000e+00 1.000000e+01 1.878169e+04 6.187900e-13 3.035229e+16 0.000000e+00 -2.802867e+04 0.000000e+00 0.000000e+00 -2.802867e+04 0.000000e+00 0.000000e+00 
6.530185e+16 0.000000e+00 1.000000e+01 1.878169e+04 5.643432e-13 3.328062e+16 0.000000e+00 -2.980363e+04 0.000000e+00 0.000000e+00 -2.980363e+04 0.000000e+00 0.000000e+00 
6.943719e+16 0.000000e+00 1.000000e+01 1.878169e+04 5.146871e-13 3.649148e+16 0.000000e+00 -3.169099e+04 0.000000e+00 0.000000e+00 -3.169099e+04 0.000000e+00 0.000000e+00 
7.383441e+16 0.000000e+00 1.000000e+01 1.878169e+04 4.694003e-13 4.001211e+16 0.000000e+00 -3.369787e+04 0.000000e+00 0.000000e+00 -3.369787e+04 0.000000e+00 0.000000e+00 
7.851009e+16 0.000000e+00 1.000000e+01 1.878169e+04 4.280981e-13 4.387240e+16 0.000000e+00 -3.583185e+04 0.000000e+00 0.000000e+00 -3.583185e+04 0.000000e+00 0.000000e+00 
8.348187e+16 0.000000e+00 1.000000e+01 1.878169e+04 3.904301e-13 4.810513e+16 0.000000e+00 -3.810095e+04 0.000000e+00 0.000000e+00 -3.810095e+04 0.000000e+00 0.000000e+00 
8.876849e+16 0.000000e+00 1.000000e+01 1.878169e+04 3.560765e-13 5.274623e+16 0.000000e+00 -4.051376e+04 0.000000e+00 0.000000e+00 -4.051376e+04 0.000000e+00 0.000000e+00 
9.438989e+16 0.000000e+00 1.000000e+01 1.878169e+04 3.247456e-13 5.783509e+16 0.000000e+00 -4.307935e+04 0.000000e+00 0.000000e+00 -4.307935e+04 0.000000e+00 0.000000e+00 
1.003673e+17 0.000000e+00 1.000000e+01 1.878169e+04 2.961715e-13 6.341492e+16 0.000000e+00 -4.580742e+04 0.000000e+00 0.000000e+00 -4.580742e+04 0.000000e+00 0.000000e+00 
1.067232e+17 0.000000e+00 1.000000e+01 1.878169e+04 2.701117e-13 6.953307e+16 0.000000e+00 -4.870825e+04 0.000000e+00 0.000000e+00 -4.870825e+04 0.000000e+00 0.000000e+00 
1.134816e+17 0.000000e+00 1.000000e+01 1.878169e+04 2.463448e-13 7.624150e+16 0.000000e+00 -5.179277e+04 0.000000e+00 0.000000e+00 -5.179277e+04 0.000000e+00 0.000000e+00 
1.206680e+17 0.000000e+00 1.000000e+01 1.878169e+04 2.246691e-13 8.359714e+16 0.000000e+00 -5.507263e+04 0.000000e+00 0.000000e+00 -5.507263e+04 0.000000e+00 0.000000e+00 
1.283095e+17 0.000000e+00 1.000000e+01 1.878169e+04 2.049006e-13 9.166244e+16 0.000000e+00 -5.856019e+04 0.000000e+00 0.000000e+00 -5.856019e+04 0.000000e+00 0.000000e+00 
1.364349e+17 0.000000e+00 1.000000e+01 1.878169e+04 1.868716e-13 1.005059e+17 0.000000e+00 -6.226861e+04 0.000000e+00 0.000000e+00 -6.226861e+04 0.000000e+00 0.000000e+00 
1.450749e+17 0.000000e+00 1.000000e+01 1.878169e+04 1.704289e-13 1.102025e+17 0.000000e+00 -6.621187e+04 0.000000e+00 0.000000e+00 -6.621187e+04 0.000000e+00 0.000000e+00 
