time(s)          = 8.362585e+12
time(solar year) = 2.650000e+05
star mass (g)    = 2.284117e+33
star mass (Msun) = 1.148721e+00
total mass (g)   = 2.998509e+33
mdot (g/s)       = 8.882458e+19
mdot (Msun/yr)   = 1.409691e-06
1.542620e+13 3.570926e+04 1.480393e+02 7.226421e+04 2.038555e-07 3.544873e+11 1.000015e-02 -2.571369e+01 -2.598686e+01 9.584395e+02 2.256611e-02 9.112263e+00 -9.602511e+02 
1.640308e+13 3.402021e+04 1.441944e+02 7.131961e+04 1.860570e-07 3.833214e+11 1.000342e-02 -2.467010e+01 -2.507249e+01 2.121095e+03 7.147422e-02 5.213354e+00 -2.107076e+03 
1.744183e+13 3.219645e+04 1.404494e+02 7.038736e+04 1.698215e-07 4.144786e+11 1.003152e-02 -2.369922e+01 -2.406315e+01 2.231323e+03 1.253101e-01 3.380711e+00 -2.213605e+03 
1.854637e+13 3.020546e+04 1.368016e+02 6.946729e+04 1.550105e-07 4.481456e+11 1.014497e-02 -2.325677e+01 -2.367783e+01 2.380045e+03 1.840488e-01 2.952426e+00 -2.358283e+03 
1.972084e+13 2.798810e+04 1.332486e+02 6.855925e+04 1.414976e-07 4.845259e+11 1.036394e-02 -2.374214e+01 -2.422589e+01 2.528346e+03 2.474809e-01 2.565891e+00 -2.503129e+03 
2.096970e+13 2.575546e+04 1.297879e+02 6.766309e+04 1.291675e-07 5.238397e+11 1.068166e-02 -2.445216e+01 -2.500233e+01 2.624703e+03 3.153953e-01 2.259096e+00 -2.596951e+03 
2.229764e+13 2.357146e+04 1.264170e+02 6.677863e+04 1.179158e-07 5.663248e+11 1.104787e-02 -2.573645e+01 -2.635974e+01 2.690979e+03 3.877356e-01 2.022004e+00 -2.661522e+03 
2.370967e+13 2.152713e+04 1.231337e+02 6.590574e+04 1.076475e-07 6.122367e+11 1.148629e-02 -2.683633e+01 -2.753771e+01 2.732328e+03 4.645609e-01 1.827377e+00 -2.701461e+03 
2.521112e+13 1.960880e+04 1.199357e+02 6.504426e+04 9.827619e-08 6.618516e+11 1.194081e-02 -2.843341e+01 -2.921863e+01 2.766608e+03 5.460114e-01 1.659395e+00 -2.734741e+03 
2.680766e+13 1.785079e+04 1.168207e+02 6.419403e+04 8.972324e-08 7.154671e+11 1.246951e-02 -2.965104e+01 -3.052454e+01 2.790118e+03 6.322732e-01 1.509605e+00 -2.757207e+03 
2.850529e+13 1.622308e+04 1.137866e+02 6.335492e+04 8.191692e-08 7.734046e+11 1.299357e-02 -3.140108e+01 -3.236839e+01 2.813314e+03 7.235707e-01 1.373913e+00 -2.779665e+03 
3.031043e+13 1.474381e+04 1.108314e+02 6.252678e+04 7.479182e-08 8.360110e+11 1.360359e-02 -3.262828e+01 -3.369398e+01 2.829725e+03 8.201551e-01 1.249760e+00 -2.795144e+03 
3.222989e+13 1.338178e+04 1.079529e+02 6.170947e+04 6.828832e-08 9.036606e+11 1.418880e-02 -3.446512e+01 -3.563501e+01 2.848118e+03 9.223045e-01 1.135590e+00 -2.812903e+03 
3.427090e+13 1.214931e+04 1.051491e+02 6.090284e+04 6.235203e-08 9.767579e+11 1.487698e-02 -3.564190e+01 -3.692089e+01 2.860999e+03 1.030319e+00 1.030256e+00 -2.824859e+03 
3.644116e+13 1.101751e+04 1.024182e+02 6.010675e+04 5.693333e-08 1.055739e+12 1.551767e-02 -3.753033e+01 -3.892473e+01 2.876948e+03 1.144522e+00 9.329040e-01 -2.840210e+03 
3.874885e+13 9.996162e+03 9.975815e+01 5.932107e+04 5.198697e-08 1.141076e+12 1.628263e-02 -3.861232e+01 -4.012748e+01 2.887754e+03 1.265260e+00 8.428556e-01 -2.850042e+03 
4.120268e+13 9.059455e+03 9.716723e+01 5.854565e+04 4.747167e-08 1.233276e+12 1.697363e-02 -4.052833e+01 -4.217115e+01 2.902326e+03 1.392902e+00 7.595336e-01 -2.864014e+03 
4.381191e+13 8.215850e+03 9.464360e+01 5.778038e+04 4.334975e-08 1.332888e+12 1.781455e-02 -4.147549e+01 -4.325190e+01 2.911744e+03 1.527840e+00 6.824663e-01 -2.872368e+03 
4.658637e+13 7.442579e+03 9.218552e+01 5.702510e+04 3.958685e-08 1.440506e+12 1.855039e-02 -4.339839e+01 -4.531597e+01 2.925495e+03 1.670490e+00 6.112180e-01 -2.885492e+03 
4.953652e+13 6.747305e+03 8.979127e+01 5.627970e+04 3.615161e-08 1.556769e+12 1.946646e-02 -4.417017e+01 -4.623551e+01 2.933881e+03 1.821294e+00 5.454320e-01 -2.892694e+03 
5.267350e+13 6.110051e+03 8.745921e+01 5.554405e+04 3.301542e-08 1.682367e+12 2.024091e-02 -4.607865e+01 -4.830015e+01 2.947134e+03 1.980720e+00 4.847608e-01 -2.905272e+03 
5.600913e+13 5.537906e+03 8.518772e+01 5.481801e+04 3.015218e-08 1.818044e+12 2.123105e-02 -4.663161e+01 -4.901666e+01 2.954686e+03 2.149263e+00 4.289216e-01 -2.911489e+03 
5.955600e+13 5.013381e+03 8.297522e+01 5.410146e+04 2.753807e-08 1.964606e+12 2.203686e-02 -4.850123e+01 -5.105916e+01 2.967648e+03 2.327449e+00 3.776290e-01 -2.923708e+03 
6.332747e+13 4.543091e+03 8.082018e+01 5.339427e+04 2.515135e-08 2.122919e+12 2.309946e-02 -4.878768e+01 -5.152684e+01 2.974480e+03 2.515829e+00 3.306515e-01 -2.929024e+03 
6.733779e+13 4.111737e+03 7.872112e+01 5.269633e+04 2.297218e-08 2.293919e+12 2.392816e-02 -5.058881e+01 -5.351963e+01 2.987295e+03 2.714992e+00 2.877492e-01 -2.941007e+03 
7.160206e+13 3.725501e+03 7.667657e+01 5.200751e+04 2.098246e-08 2.478618e+12 2.506090e-02 -5.055611e+01 -5.368808e+01 2.993471e+03 2.925555e+00 2.487266e-01 -2.945456e+03 
7.613637e+13 3.371001e+03 7.468513e+01 5.132770e+04 1.916568e-08 2.678105e+12 2.590259e-02 -5.225189e+01 -5.559675e+01 3.006250e+03 3.148174e+00 2.133768e-01 -2.957291e+03 
8.095782e+13 3.054009e+03 7.274540e+01 5.065677e+04 1.750676e-08 2.893555e+12 2.710215e-02 -5.184212e+01 -5.541077e+01 3.011806e+03 3.383538e+00 1.815271e-01 -2.960875e+03 
8.608461e+13 2.762816e+03 7.085606e+01 4.999462e+04 1.599194e-08 3.126238e+12 2.794533e-02 -5.338625e+01 -5.719195e+01 3.024639e+03 3.632379e+00 1.529921e-01 -2.972622e+03 
9.153605e+13 2.502792e+03 6.901578e+01 4.934111e+04 1.460867e-08 3.377523e+12 2.920712e-02 -5.253630e+01 -5.659167e+01 3.029595e+03 3.895466e+00 1.276100e-01 -2.975327e+03 
9.733271e+13 2.263693e+03 6.722330e+01 4.869615e+04 1.334548e-08 3.648887e+12 3.003855e-02 -5.387047e+01 -5.819056e+01 3.042560e+03 4.173612e+00 1.052051e-01 -2.987031e+03 
1.034965e+14 2.050490e+03 6.547737e+01 4.805962e+04 1.219193e-08 3.941921e+12 3.135637e-02 -5.251254e+01 -5.711205e+01 3.046925e+03 4.467674e+00 8.561499e-02 -2.988826e+03 
1.100505e+14 1.854225e+03 6.377679e+01 4.743142e+04 1.113846e-08 4.258346e+12 3.216095e-02 -5.356336e+01 -5.845943e+01 3.060094e+03 4.778561e+00 6.866229e-02 -3.000518e+03 
1.170197e+14 1.679473e+03 6.212038e+01 4.681142e+04 1.017637e-08 4.600013e+12 3.352657e-02 -5.162600e+01 -5.683573e+01 3.063872e+03 5.107225e+00 5.417395e-02 -3.001369e+03 
1.244301e+14 1.518406e+03 6.050699e+01 4.619953e+04 9.297696e-09 4.968922e+12 3.428720e-02 -5.230133e+01 -5.784427e+01 3.077314e+03 5.454675e+00 4.196183e-02 -3.013065e+03 
1.323098e+14 1.375211e+03 5.893550e+01 4.559563e+04 8.495190e-09 5.367229e+12 3.568984e-02 -4.971099e+01 -5.560699e+01 3.080509e+03 5.821974e+00 3.183580e-02 -3.012937e+03 
1.406886e+14 1.243055e+03 5.740483e+01 4.499963e+04 7.762225e-09 5.797259e+12 3.638743e-02 -4.989557e+01 -5.616681e+01 3.094292e+03 6.210244e+00 2.359267e-02 -3.024642e+03 
1.495979e+14 1.125746e+03 5.591391e+01 4.441142e+04 7.092754e-09 6.261520e+12 3.781312e-02 -4.657895e+01 -5.324827e+01 3.096913e+03 6.620665e+00 1.702558e-02 -3.023502e+03 
1.590714e+14 1.017330e+03 5.446171e+01 4.383090e+04 6.481257e-09 6.762716e+12 3.842658e-02 -4.612911e+01 -5.322148e+01 3.111103e+03 7.054486e+00 1.192029e-02 -3.035205e+03 
1.691449e+14 9.212421e+02 5.304723e+01 4.325797e+04 5.922696e-09 7.303762e+12 3.985738e-02 -4.201633e+01 -4.955766e+01 3.113168e+03 7.513018e+00 8.062991e-03 -3.033034e+03 
1.798562e+14 8.323154e+02 5.166948e+01 4.269252e+04 5.412472e-09 7.887804e+12 4.036372e-02 -4.075382e+01 -4.877195e+01 3.127834e+03 7.997651e+00 5.242321e-03 -3.044707e+03 
1.912459e+14 7.536198e+02 5.032752e+01 4.213447e+04 4.946387e-09 8.518230e+12 4.177675e-02 -3.578246e+01 -4.430636e+01 3.129375e+03 8.509841e+00 3.256648e-03 -3.041503e+03 
2.033569e+14 6.806901e+02 4.902041e+01 4.158371e+04 4.520608e-09 9.198698e+12 4.215127e-02 -3.348739e+01 -4.254774e+01 3.144585e+03 9.051132e+00 1.919044e-03 -3.053096e+03 
2.162348e+14 6.162424e+02 4.774725e+01 4.104015e+04 4.131636e-09 9.933147e+12 4.351755e-02 -2.760776e+01 -3.723654e+01 3.145658e+03 9.623141e+00 1.063227e-03 -3.048890e+03 
2.299282e+14 5.564420e+02 4.650716e+01 4.050370e+04 3.776277e-09 1.072583e+13 4.373422e-02 -2.401066e+01 -3.424148e+01 3.161480e+03 1.022758e+01 5.478159e-04 -3.060329e+03 
2.444887e+14 5.036620e+02 4.529928e+01 3.997425e+04 3.451615e-09 1.158132e+13 4.501728e-02 -1.719205e+01 -2.806000e+01 3.162175e+03 1.086626e+01 2.588550e-04 -3.055192e+03 
2.599714e+14 4.546371e+02 4.412276e+01 3.945173e+04 3.154986e-09 1.250457e+13 4.504922e-02 -1.196575e+01 -2.350762e+01 3.178676e+03 1.154107e+01 1.101755e-04 -3.066372e+03 
2.764344e+14 4.114082e+02 4.297680e+01 3.893604e+04 2.883962e-09 1.350089e+13 4.620350e-02 -4.203458e+00 -1.645781e+01 3.179129e+03 1.225402e+01 4.122336e-05 -3.060438e+03 
2.939401e+14 3.712271e+02 4.186061e+01 3.842709e+04 2.636322e-09 1.457603e+13 4.602374e-02 3.043982e+00 -9.963348e+00 3.196377e+03 1.300721e+01 1.310838e-05 -3.071222e+03 
3.125543e+14 3.358134e+02 4.077340e+01 3.792479e+04 2.410039e-09 1.573617e+13 4.699272e-02 1.030482e+01 -3.498094e+00 3.196226e+03 1.380288e+01 3.366341e-06 -3.064899e+03 
3.323473e+14 3.029182e+02 3.971444e+01 3.742906e+04 2.203266e-09 1.698799e+13 4.661692e-02 1.962488e+01 4.981501e+00 3.213846e+03 1.464337e+01 6.431695e-07 -3.074888e+03 
3.533937e+14 2.739002e+02 3.868297e+01 3.693981e+04 2.014311e-09 1.833869e+13 4.734297e-02 2.782242e+01 1.229128e+01 3.214187e+03 1.553115e+01 7.813647e-08 -3.068497e+03 
3.757729e+14 2.469765e+02 3.767830e+01 3.645695e+04 1.841632e-09 1.979600e+13 4.674482e-02 3.958189e+01 2.311307e+01 3.232265e+03 1.646883e+01 4.082264e-09 -3.077583e+03 
3.995693e+14 2.231906e+02 3.669971e+01 3.598041e+04 1.683822e-09 2.136830e+13 4.716002e-02 4.888316e+01 3.142401e+01 3.233498e+03 1.745915e+01 0.000000e+00 -3.071434e+03 
4.248727e+14 2.011590e+02 3.574655e+01 3.551009e+04 1.539593e-09 2.306459e+13 4.630862e-02 6.333899e+01 4.483396e+01 3.252129e+03 1.850503e+01 0.000000e+00 -3.079580e+03 
4.517784e+14 1.816527e+02 3.481814e+01 3.504592e+04 1.407772e-09 2.489460e+13 4.633790e-02 7.391706e+01 5.430754e+01 3.254767e+03 1.960952e+01 0.000000e+00 -3.074089e+03 
4.803880e+14 1.636267e+02 3.391384e+01 3.458782e+04 1.287285e-09 2.686881e+13 4.519767e-02 9.133673e+01 7.056088e+01 3.274184e+03 2.077585e+01 0.000000e+00 -3.081390e+03 
5.108093e+14 1.476194e+02 3.303303e+01 3.413571e+04 1.177154e-09 2.899851e+13 4.475827e-02 1.033623e+02 8.135489e+01 3.278938e+03 2.200745e+01 0.000000e+00 -3.077174e+03 
5.431571e+14 1.328707e+02 3.217509e+01 3.368951e+04 1.076483e-09 3.129590e+13 4.328929e-02 1.240169e+02 1.007090e+02 3.299618e+03 2.330792e+01 0.000000e+00 -3.083964e+03 
5.775534e+14 1.197207e+02 3.133944e+01 3.324914e+04 9.844553e-10 3.377414e+13 4.229042e-02 1.376495e+02 1.129684e+02 3.307585e+03 2.468110e+01 0.000000e+00 -3.082029e+03 
6.141279e+14 1.076501e+02 3.052549e+01 3.281452e+04 9.003249e-10 3.644742e+13 4.044917e-02 1.617970e+02 1.356660e+02 3.330503e+03 2.613101e+01 0.000000e+00 -3.089136e+03 
6.530185e+14 9.682654e+01 2.973268e+01 3.238559e+04 8.234097e-10 3.933107e+13 3.879204e-02 1.771774e+02 1.495155e+02 3.343596e+03 2.766198e+01 0.000000e+00 -3.091303e+03 
6.943719e+14 8.693799e+01 2.896047e+01 3.196226e+04 7.530873e-10 4.244164e+13 3.653292e-02 2.050231e+02 1.757446e+02 3.370893e+03 2.927856e+01 0.000000e+00 -3.100726e+03 
7.383441e+14 7.799532e+01 2.820830e+01 3.154447e+04 6.887883e-10 4.579705e+13 3.411206e-02 2.222801e+02 1.912945e+02 3.393039e+03 3.098564e+01 0.000000e+00 -3.110800e+03 
7.851009e+14 6.987136e+01 2.747568e+01 3.113214e+04 6.299932e-10 4.941662e+13 3.139009e-02 2.538706e+02 2.210822e+02 3.430285e+03 3.278843e+01 0.000000e+00 -3.127957e+03 
8.348187e+14 6.241692e+01 2.676208e+01 3.072520e+04 5.762263e-10 5.332141e+13 2.809902e-02 2.731870e+02 2.384944e+02 3.471788e+03 3.469260e+01 0.000000e+00 -3.155947e+03 
8.876849e+14 5.568280e+01 2.606701e+01 3.032357e+04 5.270534e-10 5.753415e+13 2.487600e-02 3.080657e+02 2.713615e+02 3.538953e+03 3.670422e+01 0.000000e+00 -3.200450e+03 
9.438989e+14 4.929919e+01 2.539000e+01 2.992720e+04 4.820755e-10 6.207991e+13 2.063186e-02 3.300086e+02 2.911783e+02 3.643565e+03 3.883026e+01 0.000000e+00 -3.288627e+03 
1.003673e+15 4.348818e+01 2.473057e+01 2.953601e+04 4.409275e-10 6.698609e+13 1.690561e-02 3.655742e+02 3.244958e+02 3.918299e+03 4.107848e+01 0.000000e+00 -3.532806e+03 
1.067232e+15 3.696956e+01 2.408827e+01 2.914993e+04 4.032613e-10 7.228547e+13 1.188125e-02 3.929291e+02 3.494686e+02 5.742752e+03 4.346052e+01 0.000000e+00 -5.271561e+03 
1.134816e+15 2.410982e+01 2.346265e+01 2.876890e+04 3.686546e-10 7.803754e+13 1.000000e-02 3.891175e+02 3.431031e+02 9.801513e+03 4.601437e+01 0.000000e+00 -9.267434e+03 
1.206680e+15 1.288810e+01 2.285327e+01 2.839285e+04 3.367600e-10 8.431183e+13 1.000000e-02 4.141569e+02 3.653723e+02 1.300507e+04 4.878458e+01 0.000000e+00 -1.251823e+04 
1.283095e+15 6.635983e+00 2.225973e+01 2.802171e+04 3.074234e-10 9.115021e+13 1.000000e-02 4.457571e+02 3.939745e+02 1.383398e+04 5.178257e+01 0.000000e+00 -1.342604e+04 
1.364349e+15 3.299132e+00 2.168160e+01 2.765543e+04 2.805279e-10 9.858353e+13 1.000000e-02 4.752315e+02 4.202258e+02 1.460811e+04 5.500568e+01 0.000000e+00 -1.424813e+04 
1.450749e+15 1.600789e+00 2.111848e+01 2.729393e+04 2.559229e-10 1.066490e+14 1.000000e-02 4.995410e+02 4.410855e+02 1.521286e+04 5.845558e+01 0.000000e+00 -1.487954e+04 
1.542620e+15 7.568698e-01 2.056999e+01 2.693716e+04 2.334433e-10 1.153906e+14 1.000000e-02 5.251691e+02 4.630311e+02 1.585384e+04 6.213795e+01 0.000000e+00 -1.552988e+04 
1.640308e+15 3.495177e-01 2.003575e+01 2.658505e+04 2.129216e-10 1.248584e+14 1.000000e-02 5.501987e+02 4.841367e+02 1.646749e+04 6.606193e+01 0.000000e+00 -1.614291e+04 
1.744183e+15 1.575299e-01 1.951538e+01 2.623755e+04 1.941957e-10 1.351088e+14 1.000000e-02 5.764946e+02 5.062553e+02 1.711143e+04 7.023931e+01 0.000000e+00 -1.677935e+04 
1.854637e+15 6.926485e-02 1.900852e+01 2.589458e+04 1.771127e-10 1.462040e+14 1.000000e-02 6.039979e+02 5.293138e+02 1.778292e+04 7.468404e+01 0.000000e+00 -1.743908e+04 
1.972084e+15 2.968301e-02 1.851483e+01 2.555610e+04 1.615305e-10 1.582122e+14 1.000000e-02 6.331351e+02 5.537233e+02 1.849457e+04 7.941179e+01 0.000000e+00 -1.813603e+04 
2.096970e+15 1.238450e-02 1.803397e+01 2.522205e+04 1.473184e-10 1.712078e+14 1.000000e-02 6.641057e+02 5.796659e+02 1.925196e+04 8.443978e+01 0.000000e+00 -1.887657e+04 
2.229764e+15 5.024638e-03 1.756559e+01 2.489236e+04 1.343563e-10 1.852712e+14 1.000000e-02 6.971105e+02 6.073239e+02 2.006069e+04 8.978662e+01 0.000000e+00 -1.966671e+04 
2.370967e+15 1.979830e-03 1.710937e+01 2.456698e+04 1.225346e-10 2.004902e+14 1.000000e-02 7.323433e+02 6.368711e+02 2.092618e+04 9.547228e+01 0.000000e+00 -2.051202e+04 
2.521112e+15 7.566133e-04 1.666501e+01 2.424586e+04 1.117529e-10 2.169595e+14 1.000000e-02 7.699710e+02 6.684529e+02 2.185301e+04 1.015181e+02 0.000000e+00 -2.141715e+04 
2.680766e+15 2.800687e-04 1.623218e+01 2.392893e+04 1.019199e-10 2.347818e+14 1.000000e-02 8.101516e+02 7.022047e+02 2.284550e+04 1.079469e+02 0.000000e+00 -2.238640e+04 
2.850529e+15 1.002847e-04 1.581060e+01 2.361614e+04 9.295204e-11 2.540680e+14 1.000000e-02 8.530222e+02 7.382394e+02 2.390729e+04 1.147827e+02 0.000000e+00 -2.342337e+04 
3.031043e+15 3.469312e-05 1.539997e+01 2.330744e+04 8.477327e-11 2.749386e+14 1.000000e-02 8.987064e+02 7.766548e+02 2.504161e+04 1.220515e+02 0.000000e+00 -2.453122e+04 
3.222989e+15 1.158205e-05 1.500000e+01 2.300278e+04 7.731414e-11 2.975236e+14 1.000000e-02 9.473146e+02 8.175340e+02 2.625121e+04 1.297806e+02 0.000000e+00 -2.571266e+04 
3.427090e+15 3.727317e-06 1.461042e+01 2.270210e+04 7.051134e-11 3.219639e+14 1.000000e-02 9.989487e+02 8.609495e+02 2.753853e+04 1.379992e+02 0.000000e+00 -2.697006e+04 
3.644116e+15 1.155203e-06 1.423096e+01 2.240535e+04 6.430710e-11 3.484118e+14 1.000000e-02 1.053706e+03 9.069675e+02 2.890580e+04 1.467382e+02 0.000000e+00 -2.830558e+04 
3.874885e+15 3.445083e-07 1.386135e+01 2.211248e+04 5.864878e-11 3.770323e+14 1.000000e-02 1.111681e+03 9.556506e+02 3.035510e+04 1.560306e+02 0.000000e+00 -2.972125e+04 
4.120268e+15 9.878619e-08 1.350134e+01 2.182344e+04 5.348832e-11 4.080039e+14 1.000000e-02 1.172973e+03 1.007062e+03 3.188851e+04 1.659115e+02 0.000000e+00 -3.121907e+04 
4.381191e+15 2.721874e-08 1.315069e+01 2.153818e+04 4.878193e-11 4.415196e+14 1.000000e-02 1.237683e+03 1.061265e+03 3.350814e+04 1.764181e+02 0.000000e+00 -3.280109e+04 
4.658637e+15 7.202390e-09 1.280914e+01 2.125664e+04 4.448965e-11 4.777885e+14 1.000000e-02 1.305922e+03 1.118332e+03 3.521622e+04 1.875901e+02 0.000000e+00 -3.446947e+04 
4.953652e+15 1.829457e-09 1.247646e+01 2.097879e+04 4.057504e-11 5.170368e+14 1.000000e-02 1.377805e+03 1.178336e+03 3.701515e+04 1.994695e+02 0.000000e+00 -3.622651e+04 
5.267350e+15 4.459014e-10 1.215242e+01 2.070456e+04 3.700488e-11 5.595091e+14 1.000000e-02 1.453462e+03 1.241361e+03 3.890750e+04 2.121013e+02 0.000000e+00 -3.807472e+04 
5.600913e+15 1.042536e-10 1.183679e+01 2.043393e+04 3.374885e-11 6.054703e+14 1.000000e-02 1.533030e+03 1.307497e+03 4.089610e+04 2.255329e+02 0.000000e+00 -4.001682e+04 
5.955600e+15 2.337603e-11 1.152937e+01 2.016682e+04 3.077931e-11 6.552071e+14 1.000000e-02 1.616658e+03 1.376843e+03 4.298398e+04 2.398151e+02 0.000000e+00 -4.205575e+04 
6.332747e+15 5.025656e-12 1.122993e+01 1.990321e+04 2.807107e-11 7.090295e+14 1.000000e-02 1.704507e+03 1.449505e+03 4.517440e+04 2.550018e+02 0.000000e+00 -4.419465e+04 
6.733779e+15 1.035847e-12 1.093826e+01 1.964305e+04 2.560112e-11 7.672731e+14 1.000000e-02 1.796738e+03 1.525588e+03 4.747056e+04 2.711502e+02 0.000000e+00 -4.643661e+04 
7.160206e+15 2.046583e-13 1.065418e+01 1.938629e+04 2.334850e-11 8.303013e+14 1.000000e-02 1.893555e+03 1.605234e+03 4.987684e+04 2.883212e+02 0.000000e+00 -4.878590e+04 
7.613637e+15 3.875958e-14 1.037746e+01 1.913288e+04 2.129408e-11 8.985069e+14 1.000000e-02 1.995101e+03 1.688522e+03 5.239537e+04 3.065796e+02 0.000000e+00 -5.124453e+04 
8.095782e+15 7.033795e-15 1.010794e+01 1.888279e+04 1.942043e-11 9.723154e+14 1.000000e-02 2.101275e+03 1.775281e+03 5.504195e+04 3.259942e+02 0.000000e+00 -5.382831e+04 
8.608461e+15 1.219961e-15 1.000000e+01 1.878169e+04 1.771165e-11 1.060415e+15 1.000000e-02 2.217110e+03 1.870471e+03 5.841328e+04 3.466383e+02 0.000000e+00 -5.713140e+04 
9.153605e+15 2.017779e-16 1.000000e+01 1.878169e+04 1.615321e-11 1.162722e+15 1.000000e-02 2.375871e+03 2.007281e+03 6.296092e+04 3.685897e+02 0.000000e+00 -6.158869e+04 
9.733271e+15 3.174273e-17 1.000000e+01 1.878169e+04 1.473191e-11 1.274899e+15 1.000000e-02 2.575732e+03 2.183800e+03 6.841254e+04 3.919313e+02 0.000000e+00 -6.692870e+04 
1.034965e+16 4.717211e-18 1.000000e+01 1.878169e+04 1.343566e-11 1.397899e+15 1.000000e-02 2.808890e+03 2.392139e+03 7.484653e+04 4.167509e+02 0.000000e+00 -7.323370e+04 
1.100505e+16 6.581566e-19 1.000000e+01 1.878169e+04 1.225347e-11 1.532766e+15 1.000000e-02 3.077937e+03 2.634795e+03 8.235598e+04 4.431423e+02 0.000000e+00 -8.059544e+04 
1.170197e+16 8.761929e-20 1.000000e+01 1.878169e+04 1.117529e-11 1.680644e+15 1.000000e-02 3.387897e+03 2.916692e+03 9.039907e+04 4.712050e+02 0.000000e+00 -8.846952e+04 
1.244301e+16 5.598812e-21 1.000000e+01 1.878169e+04 1.019199e-11 1.842790e+15 0.000000e+00 5.010448e+02 0.000000e+00 0.000000e+00 5.010448e+02 0.000000e+00 0.000000e+00 
1.323098e+16 6.429434e-23 1.000000e+01 1.878169e+04 9.295204e-12 2.020579e+15 0.000000e+00 5.327743e+02 0.000000e+00 0.000000e+00 5.327743e+02 0.000000e+00 0.000000e+00 
1.406886e+16 5.721616e-25 1.000000e+01 1.878169e+04 8.477327e-12 2.215521e+15 0.000000e+00 5.665130e+02 0.000000e+00 0.000000e+00 5.665130e+02 0.000000e+00 0.000000e+00 
1.495979e+16 4.189716e-27 1.000000e+01 1.878169e+04 7.731414e-12 2.429270e+15 0.000000e+00 6.023884e+02 0.000000e+00 0.000000e+00 6.023884e+02 0.000000e+00 0.000000e+00 
1.590714e+16 2.656418e-29 1.000000e+01 1.878169e+04 7.051134e-12 2.663642e+15 0.000000e+00 6.405355e+02 0.000000e+00 0.000000e+00 6.405355e+02 0.000000e+00 0.000000e+00 
1.691449e+16 1.520566e-31 1.000000e+01 1.878169e+04 6.430710e-12 2.920625e+15 0.000000e+00 6.810985e+02 0.000000e+00 0.000000e+00 6.810985e+02 0.000000e+00 0.000000e+00 
1.798562e+16 8.105055e-34 1.000000e+01 1.878169e+04 5.864878e-12 3.202402e+15 0.000000e+00 7.242301e+02 0.000000e+00 0.000000e+00 7.242301e+02 0.000000e+00 0.000000e+00 
1.912459e+16 4.096789e-36 1.000000e+01 1.878169e+04 5.348832e-12 3.511364e+15 0.000000e+00 7.700931e+02 0.000000e+00 0.000000e+00 7.700931e+02 0.000000e+00 0.000000e+00 
2.033569e+16 1.976036e-38 1.000000e+01 1.878169e+04 4.878193e-12 3.850134e+15 0.000000e+00 8.188605e+02 0.000000e+00 0.000000e+00 8.188605e+02 0.000000e+00 0.000000e+00 
2.162348e+16 9.082637e-41 1.000000e+01 1.878169e+04 4.448965e-12 4.221588e+15 0.000000e+00 8.707161e+02 0.000000e+00 0.000000e+00 8.707161e+02 0.000000e+00 0.000000e+00 
2.299282e+16 3.962311e-43 1.000000e+01 1.878169e+04 4.057504e-12 4.628879e+15 0.000000e+00 9.258556e+02 0.000000e+00 0.000000e+00 9.258556e+02 0.000000e+00 0.000000e+00 
2.444887e+16 1.635082e-45 1.000000e+01 1.878169e+04 3.700488e-12 5.075465e+15 0.000000e+00 9.844868e+02 0.000000e+00 0.000000e+00 9.844868e+02 0.000000e+00 0.000000e+00 
2.599714e+16 6.372573e-48 1.000000e+01 1.878169e+04 3.374885e-12 5.565136e+15 0.000000e+00 1.046831e+03 0.000000e+00 0.000000e+00 1.046831e+03 0.000000e+00 0.000000e+00 
2.764344e+16 2.346200e-50 1.000000e+01 1.878169e+04 3.077931e-12 6.102051e+15 0.000000e+00 1.113123e+03 0.000000e+00 0.000000e+00 1.113123e+03 0.000000e+00 0.000000e+00 
2.939401e+16 8.171812e-53 1.000000e+01 1.878169e+04 2.807107e-12 6.690765e+15 0.000000e+00 1.183613e+03 0.000000e+00 0.000000e+00 1.183613e+03 0.000000e+00 0.000000e+00 
3.125543e+16 2.698474e-55 1.000000e+01 1.878169e+04 2.560112e-12 7.336278e+15 0.000000e+00 1.258568e+03 0.000000e+00 0.000000e+00 1.258568e+03 0.000000e+00 0.000000e+00 
3.323473e+16 8.469547e-58 1.000000e+01 1.878169e+04 2.334850e-12 8.044069e+15 0.000000e+00 1.338268e+03 0.000000e+00 0.000000e+00 1.338268e+03 0.000000e+00 0.000000e+00 
3.533937e+16 2.533299e-60 1.000000e+01 1.878169e+04 2.129408e-12 8.820147e+15 0.000000e+00 1.423016e+03 0.000000e+00 0.000000e+00 1.423016e+03 0.000000e+00 0.000000e+00 
3.757729e+16 7.239747e-63 1.000000e+01 1.878169e+04 1.942043e-12 9.671098e+15 0.000000e+00 1.513131e+03 0.000000e+00 0.000000e+00 1.513131e+03 0.000000e+00 0.000000e+00 
3.995693e+16 1.981746e-65 1.000000e+01 1.878169e+04 1.771165e-12 1.060415e+16 0.000000e+00 1.608953e+03 0.000000e+00 0.000000e+00 1.608953e+03 0.000000e+00 0.000000e+00 
4.248727e+16 5.207978e-68 1.000000e+01 1.878169e+04 1.615321e-12 1.162722e+16 0.000000e+00 1.710842e+03 0.000000e+00 0.000000e+00 1.710842e+03 0.000000e+00 0.000000e+00 
4.517784e+16 1.316798e-70 1.000000e+01 1.878169e+04 1.473191e-12 1.274899e+16 0.000000e+00 1.819184e+03 0.000000e+00 0.000000e+00 1.819184e+03 0.000000e+00 0.000000e+00 
4.803880e+16 3.209592e-73 1.000000e+01 1.878169e+04 1.343566e-12 1.397899e+16 0.000000e+00 1.934386e+03 0.000000e+00 0.000000e+00 1.934386e+03 0.000000e+00 0.000000e+00 
5.108093e+16 7.554980e-76 1.000000e+01 1.878169e+04 1.225347e-12 1.532766e+16 0.000000e+00 2.056884e+03 0.000000e+00 0.000000e+00 2.056884e+03 0.000000e+00 0.000000e+00 
5.431571e+16 1.720132e-78 1.000000e+01 1.878169e+04 1.117529e-12 1.680644e+16 0.000000e+00 2.187140e+03 0.000000e+00 0.000000e+00 2.187140e+03 0.000000e+00 0.000000e+00 
5.775534e+16 3.793598e-81 1.000000e+01 1.878169e+04 1.019199e-12 1.842790e+16 0.000000e+00 2.325644e+03 0.000000e+00 0.000000e+00 2.325644e+03 0.000000e+00 0.000000e+00 
6.141279e+16 8.114202e-84 1.000000e+01 1.878169e+04 9.295204e-13 2.020579e+16 0.000000e+00 2.472919e+03 0.000000e+00 0.000000e+00 2.472919e+03 0.000000e+00 0.000000e+00 
6.530185e+16 1.685087e-86 1.000000e+01 1.878169e+04 8.477327e-13 2.215521e+16 0.000000e+00 2.629521e+03 0.000000e+00 0.000000e+00 2.629521e+03 0.000000e+00 0.000000e+00 
6.943719e+16 3.400920e-89 1.000000e+01 1.878169e+04 7.731414e-13 2.429270e+16 0.000000e+00 2.796039e+03 0.000000e+00 0.000000e+00 2.796039e+03 0.000000e+00 0.000000e+00 
7.383441e+16 6.676215e-92 1.000000e+01 1.878169e+04 7.051134e-13 2.663642e+16 0.000000e+00 2.973103e+03 0.000000e+00 0.000000e+00 2.973103e+03 0.000000e+00 0.000000e+00 
7.851009e+16 1.275671e-94 1.000000e+01 1.878169e+04 6.430710e-13 2.920625e+16 0.000000e+00 3.161379e+03 0.000000e+00 0.000000e+00 3.161379e+03 0.000000e+00 0.000000e+00 
8.348187e+16 2.374086e-97 1.000000e+01 1.878169e+04 5.864878e-13 3.202402e+16 0.000000e+00 3.361578e+03 0.000000e+00 0.000000e+00 3.361578e+03 0.000000e+00 0.000000e+00 
8.876849e+16 4.305717e-100 1.000000e+01 1.878169e+04 5.348832e-13 3.511364e+16 0.000000e+00 3.574456e+03 0.000000e+00 0.000000e+00 3.574456e+03 0.000000e+00 0.000000e+00 
9.438989e+16 7.613798e-103 1.000000e+01 1.878169e+04 4.878193e-13 3.850134e+16 0.000000e+00 3.800814e+03 0.000000e+00 0.000000e+00 3.800814e+03 0.000000e+00 0.000000e+00 
1.003673e+17 1.313284e-105 1.000000e+01 1.878169e+04 4.448965e-13 4.221588e+16 0.000000e+00 4.041506e+03 0.000000e+00 0.000000e+00 4.041506e+03 0.000000e+00 0.000000e+00 
1.067232e+17 2.210531e-108 1.000000e+01 1.878169e+04 4.057504e-13 4.628879e+16 0.000000e+00 4.297441e+03 0.000000e+00 0.000000e+00 4.297441e+03 0.000000e+00 0.000000e+00 
1.134816e+17 3.632302e-111 1.000000e+01 1.878169e+04 3.700488e-13 5.075465e+16 0.000000e+00 4.569583e+03 0.000000e+00 0.000000e+00 4.569583e+03 0.000000e+00 0.000000e+00 
1.206680e+17 5.828722e-114 1.000000e+01 1.878169e+04 3.374885e-13 5.565136e+16 0.000000e+00 4.858959e+03 0.000000e+00 0.000000e+00 4.858959e+03 0.000000e+00 0.000000e+00 
1.283095e+17 9.137421e-117 1.000000e+01 1.878169e+04 3.077931e-13 6.102051e+16 0.000000e+00 5.166660e+03 0.000000e+00 0.000000e+00 5.166660e+03 0.000000e+00 0.000000e+00 
1.364349e+17 1.399850e-119 1.000000e+01 1.878169e+04 2.807107e-13 6.690765e+16 0.000000e+00 5.493847e+03 0.000000e+00 0.000000e+00 5.493847e+03 0.000000e+00 0.000000e+00 
1.450749e+17 2.099966e-122 1.000000e+01 1.878169e+04 2.560112e-13 7.336278e+16 0.000000e+00 5.841754e+03 0.000000e+00 0.000000e+00 5.841754e+03 0.000000e+00 0.000000e+00 
