time(s)          = 1.893416e+13
time(solar year) = 6.000000e+05
star mass (g)    = 2.400685e+33
star mass (Msun) = 1.207345e+00
total mass (g)   = 2.747277e+33
mdot (g/s)       = 2.972393e+18
mdot (Msun/yr)   = 4.717339e-08
1.542620e+13 6.418518e+02 1.480393e+02 7.226421e+04 2.089189e-07 3.458960e+11 1.000000e-02 -4.884874e+01 -4.884914e+01 6.901262e+02 3.957816e-04 1.651525e-311 -7.144174e+02 
1.640308e+13 6.384471e+02 1.441944e+02 7.131961e+04 1.905388e-07 3.743049e+11 1.000000e-02 -4.797100e+01 -4.797227e+01 1.475369e+03 1.273327e-03 1.008490e-311 -1.499028e+03 
1.744183e+13 6.341992e+02 1.404494e+02 7.038736e+04 1.737760e-07 4.050465e+11 1.000000e-02 -4.724231e+01 -4.724460e+01 1.504322e+03 2.283050e-03 6.898003e-312 -1.527568e+03 
1.854637e+13 6.286634e+02 1.368016e+02 6.946729e+04 1.584882e-07 4.383121e+11 1.000000e-02 -4.651827e+01 -4.652171e+01 1.535075e+03 3.438451e-03 6.362155e-312 -1.557905e+03 
1.972084e+13 6.222821e+02 1.332486e+02 6.855925e+04 1.445456e-07 4.743088e+11 1.000000e-02 -4.587451e+01 -4.587926e+01 1.562640e+03 4.754002e-03 5.872146e-312 -1.585087e+03 
2.096970e+13 6.149278e+02 1.297879e+02 6.766309e+04 1.318299e-07 5.132606e+11 1.000000e-02 -4.525050e+01 -4.525674e+01 1.590504e+03 6.245456e-03 5.426420e-312 -1.612572e+03 
2.229764e+13 6.068195e+02 1.264170e+02 6.677863e+04 1.202330e-07 5.554100e+11 1.000000e-02 -4.467411e+01 -4.468204e+01 1.616711e+03 7.929768e-03 5.017906e-312 -1.638415e+03 
2.370967e+13 5.979472e+02 1.231337e+02 6.590574e+04 1.096566e-07 6.010191e+11 1.000000e-02 -4.411857e+01 -4.412840e+01 1.642740e+03 9.825288e-03 4.643782e-312 -1.664082e+03 
2.521112e+13 5.884370e+02 1.199357e+02 6.504426e+04 1.000109e-07 6.503716e+11 1.000000e-02 -4.359348e+01 -4.360543e+01 1.667830e+03 1.195177e-02 4.299834e-312 -1.688816e+03 
2.680766e+13 5.783202e+02 1.168207e+02 6.419403e+04 9.121392e-08 7.037745e+11 1.000000e-02 -4.308614e+01 -4.310047e+01 1.692635e+03 1.433053e-02 3.983358e-312 -1.713263e+03 
2.850529e+13 5.676812e+02 1.137866e+02 6.335492e+04 8.319102e-08 7.615597e+11 1.000000e-02 -4.259919e+01 -4.261618e+01 1.716869e+03 1.698448e-02 3.691468e-312 -1.737138e+03 
3.031043e+13 5.565641e+02 1.108314e+02 6.252678e+04 7.587408e-08 8.240863e+11 1.000000e-02 -4.212607e+01 -4.214601e+01 1.740840e+03 1.993828e-02 3.422102e-312 -1.760743e+03 
3.222989e+13 5.450329e+02 1.079529e+02 6.170947e+04 6.920098e-08 8.917427e+11 1.000000e-02 -4.166681e+01 -4.169002e+01 1.764449e+03 2.321843e-02 3.173387e-312 -1.783981e+03 
3.427090e+13 5.331332e+02 1.051491e+02 6.090284e+04 6.311506e-08 9.649493e+11 1.000000e-02 -4.121765e+01 -4.124450e+01 1.787853e+03 2.685338e-02 2.943459e-312 -1.807003e+03 
3.644116e+13 5.209176e+02 1.024182e+02 6.010675e+04 5.756467e-08 1.044160e+12 1.000000e-02 -4.077773e+01 -4.080860e+01 1.811029e+03 3.087362e-02 2.730622e-312 -1.829785e+03 
3.874885e+13 5.084294e+02 9.975815e+01 5.932107e+04 5.250267e-08 1.129868e+12 1.000000e-02 -4.034463e+01 -4.037994e+01 1.834064e+03 3.531187e-02 2.533815e-312 -1.852410e+03 
4.120268e+13 4.957136e+02 9.716723e+01 5.854565e+04 4.788609e-08 1.222602e+12 1.000000e-02 -3.991723e+01 -3.995743e+01 1.856964e+03 4.020315e-02 2.351321e-312 -1.874884e+03 
4.381191e+13 4.828101e+02 9.464360e+01 5.778038e+04 4.367574e-08 1.322940e+12 1.000000e-02 -3.949377e+01 -3.953936e+01 1.879783e+03 4.558492e-02 2.181936e-312 -1.897257e+03 
4.658637e+13 4.697579e+02 9.218552e+01 5.702510e+04 3.983586e-08 1.431502e+12 1.000000e-02 -3.907311e+01 -3.912461e+01 1.902538e+03 5.149725e-02 2.024975e-312 -1.919544e+03 
4.953652e+13 4.565931e+02 8.979127e+01 5.627970e+04 3.633385e-08 1.548960e+12 1.000000e-02 -3.865383e+01 -3.871181e+01 1.925267e+03 5.798294e-02 1.879027e-312 -1.941779e+03 
5.267350e+13 4.433502e+02 8.745921e+01 5.554405e+04 3.314000e-08 1.676043e+12 1.000000e-02 -3.823480e+01 -3.829988e+01 1.947991e+03 6.508768e-02 1.743303e-312 -1.963982e+03 
5.600913e+13 4.300611e+02 8.518772e+01 5.481801e+04 3.022716e-08 1.813535e+12 1.000000e-02 -3.781478e+01 -3.788764e+01 1.970739e+03 7.286019e-02 1.617241e-312 -1.986177e+03 
5.955600e+13 4.167562e+02 8.297522e+01 5.410146e+04 2.757063e-08 1.962286e+12 1.000000e-02 -3.739266e+01 -3.747401e+01 1.993533e+03 8.135240e-02 1.500165e-312 -2.008384e+03 
6.332747e+13 4.034638e+02 8.082018e+01 5.339427e+04 2.514783e-08 2.123216e+12 1.000000e-02 -3.696729e+01 -3.705791e+01 2.016398e+03 9.061961e-02 1.390983e-312 -2.030625e+03 
6.733779e+13 3.902106e+02 7.872112e+01 5.269633e+04 2.293821e-08 2.297316e+12 1.000000e-02 -3.653755e+01 -3.663827e+01 2.039356e+03 1.007207e-01 1.289432e-312 -2.052918e+03 
7.160206e+13 3.770212e+02 7.667657e+01 5.200751e+04 2.092300e-08 2.485662e+12 1.000000e-02 -3.610230e+01 -3.621402e+01 2.062431e+03 1.117181e-01 1.194856e-312 -2.075284e+03 
7.613637e+13 3.639187e+02 7.468513e+01 5.132770e+04 1.908510e-08 2.689413e+12 1.000000e-02 -3.566039e+01 -3.578407e+01 2.085646e+03 1.236783e-01 1.106711e-312 -2.097740e+03 
8.095782e+13 3.509248e+02 7.274540e+01 5.065677e+04 1.740889e-08 2.909822e+12 1.000000e-02 -3.521066e+01 -3.534733e+01 2.109023e+03 1.366719e-01 1.024731e-312 -2.120307e+03 
8.608461e+13 3.380591e+02 7.085606e+01 4.999462e+04 1.588015e-08 3.148245e+12 1.000000e-02 -3.475189e+01 -3.490266e+01 2.132586e+03 1.507736e-01 9.483003e-313 -2.143003e+03 
9.153605e+13 3.253402e+02 6.901578e+01 4.934111e+04 1.448590e-08 3.406147e+12 1.000000e-02 -3.428285e+01 -3.444892e+01 2.156360e+03 1.660626e-01 8.765171e-313 -2.165849e+03 
9.733271e+13 3.127850e+02 6.722330e+01 4.869615e+04 1.321431e-08 3.685108e+12 1.000000e-02 -3.380225e+01 -3.398488e+01 2.180369e+03 1.826228e-01 8.095517e-313 -2.188863e+03 
1.034965e+14 3.004090e+02 6.547737e+01 4.805962e+04 1.205457e-08 3.986837e+12 1.000000e-02 -3.330877e+01 -3.350932e+01 2.204639e+03 2.005429e-01 7.470640e-313 -2.212068e+03 
1.100505e+14 2.882264e+02 6.377679e+01 4.743142e+04 1.099685e-08 4.313182e+12 1.000000e-02 -3.280098e+01 -3.302090e+01 2.229196e+03 2.199166e-01 6.884336e-313 -2.235484e+03 
1.170197e+14 2.762501e+02 6.212038e+01 4.681142e+04 1.003216e-08 4.666135e+12 1.000000e-02 -3.227747e+01 -3.251831e+01 2.254069e+03 2.408429e-01 6.337444e-313 -2.259135e+03 
1.244301e+14 2.644918e+02 6.050699e+01 4.619953e+04 9.152318e-09 5.047850e+12 1.000000e-02 -3.173661e+01 -3.200004e+01 2.279287e+03 2.634261e-01 5.824894e-313 -2.283045e+03 
1.323098e+14 2.529621e+02 5.893550e+01 4.559563e+04 8.349852e-09 5.460651e+12 1.000000e-02 -3.117692e+01 -3.146470e+01 2.304881e+03 2.877763e-01 5.344974e-313 -2.307239e+03 
1.406886e+14 2.416704e+02 5.740483e+01 4.499963e+04 7.617953e-09 5.907050e+12 1.000000e-02 -3.059652e+01 -3.091053e+01 2.330885e+03 3.140091e-01 4.891019e-313 -2.331745e+03 
1.495979e+14 2.306249e+02 5.591391e+01 4.441142e+04 6.950409e-09 6.389756e+12 1.000000e-02 -2.999385e+01 -3.033610e+01 2.357333e+03 3.422465e-01 4.467132e-313 -2.356591e+03 
1.590714e+14 2.198333e+02 5.446171e+01 4.383090e+04 6.341555e-09 6.911695e+12 1.000000e-02 -2.936669e+01 -2.973930e+01 2.384262e+03 3.726164e-01 4.067519e-313 -2.381809e+03 
1.691449e+14 2.093017e+02 5.304723e+01 4.325797e+04 5.786225e-09 7.476026e+12 1.000000e-02 -2.871346e+01 -2.911872e+01 2.411712e+03 4.052531e-01 3.688623e-313 -2.407433e+03 
1.798562e+14 1.990361e+02 5.166948e+01 4.269252e+04 5.279706e-09 8.086155e+12 1.000000e-02 -2.803144e+01 -2.847174e+01 2.439727e+03 4.402977e-01 3.333455e-313 -2.433499e+03 
1.912459e+14 1.890406e+02 5.032752e+01 4.213447e+04 4.817702e-09 8.745760e+12 1.000000e-02 -2.731920e+01 -2.779710e+01 2.468350e+03 4.778976e-01 2.994073e-313 -2.460048e+03 
2.033569e+14 1.793199e+02 4.902041e+01 4.158371e+04 4.396294e-09 9.458810e+12 1.000000e-02 -2.657321e+01 -2.709142e+01 2.497632e+03 5.182076e-01 2.675326e-313 -2.487121e+03 
2.162348e+14 1.698763e+02 4.774725e+01 4.104015e+04 4.011907e-09 1.022959e+13 1.000000e-02 -2.579247e+01 -2.635386e+01 2.527625e+03 5.613893e-01 2.372561e-313 -2.514768e+03 
2.299282e+14 1.607136e+02 4.650716e+01 4.050370e+04 3.661283e-09 1.106271e+13 1.000000e-02 -2.497221e+01 -2.557982e+01 2.558385e+03 6.076119e-01 2.087347e-313 -2.543037e+03 
2.444887e+14 1.518319e+02 4.529928e+01 3.997425e+04 3.341448e-09 1.196315e+13 1.000000e-02 -2.411230e+01 -2.476935e+01 2.589976e+03 6.570517e-01 1.812466e-313 -2.571990e+03 
2.599714e+14 1.432349e+02 4.412276e+01 3.945173e+04 3.049692e-09 1.293630e+13 1.000000e-02 -2.320610e+01 -2.391599e+01 2.622457e+03 7.098932e-01 1.552010e-313 -2.601678e+03 
2.764344e+14 1.349204e+02 4.297680e+01 3.893604e+04 2.783543e-09 1.398794e+13 1.000000e-02 -2.225497e+01 -2.302130e+01 2.655914e+03 7.663283e-01 1.304823e-313 -2.632187e+03 
2.939401e+14 1.268923e+02 4.186061e+01 3.842709e+04 2.540746e-09 1.512433e+13 1.000000e-02 -2.124960e+01 -2.207616e+01 2.690400e+03 8.265575e-01 1.064587e-313 -2.663562e+03 
3.125543e+14 1.191460e+02 4.077340e+01 3.792479e+04 2.319245e-09 1.635222e+13 1.000000e-02 -2.019351e+01 -2.108430e+01 2.726040e+03 8.907896e-01 8.362978e-314 -2.695932e+03 
3.323473e+14 1.116861e+02 3.971444e+01 3.742906e+04 2.117164e-09 1.767887e+13 1.000000e-02 -1.907410e+01 -2.003334e+01 2.762858e+03 9.592421e-01 6.175090e-314 -2.729312e+03 
3.533937e+14 1.045054e+02 3.868297e+01 3.693981e+04 1.932795e-09 1.911212e+13 1.000000e-02 -1.789709e+01 -1.892923e+01 2.801062e+03 1.032142e+00 4.055388e-314 -2.763917e+03 
3.757729e+14 9.760951e+01 3.767830e+01 3.645695e+04 1.764577e-09 2.066045e+13 1.000000e-02 -1.664715e+01 -1.775688e+01 2.840590e+03 1.109724e+00 1.982029e-314 -2.799679e+03 
3.995693e+14 9.098874e+01 3.669971e+01 3.598041e+04 1.611088e-09 2.233298e+13 1.000000e-02 -1.533007e+01 -1.652231e+01 2.881817e+03 1.192237e+00 0.000000e+00 -2.836982e+03 
4.248727e+14 8.464953e+01 3.574655e+01 3.551009e+04 1.471033e-09 2.413957e+13 1.000000e-02 -1.393211e+01 -1.521205e+01 2.924493e+03 1.279935e+00 0.000000e+00 -2.875576e+03 
4.517784e+14 7.858094e+01 3.481814e+01 3.504592e+04 1.343227e-09 2.609084e+13 1.000000e-02 -1.245092e+01 -1.382401e+01 2.969300e+03 1.373089e+00 0.000000e+00 -2.916146e+03 
4.803880e+14 7.278786e+01 3.391384e+01 3.458782e+04 1.226594e-09 2.819826e+13 1.000000e-02 -1.088754e+01 -1.235951e+01 3.015634e+03 1.471977e+00 0.000000e+00 -2.958109e+03 
5.108093e+14 6.726202e+01 3.303303e+01 3.413571e+04 1.120150e-09 3.047423e+13 1.000000e-02 -9.210733e+00 -1.078763e+01 3.064687e+03 1.576893e+00 0.000000e+00 -3.002637e+03 
5.431571e+14 6.200134e+01 3.217509e+01 3.368951e+04 1.022998e-09 3.293212e+13 1.000000e-02 -7.465960e+00 -9.154107e+00 3.115309e+03 1.688146e+00 0.000000e+00 -3.048646e+03 
5.775534e+14 5.700769e+01 3.133944e+01 3.324914e+04 9.343215e-10 3.558640e+13 1.000000e-02 -5.552427e+00 -7.358487e+00 3.169343e+03 1.806060e+00 0.000000e+00 -3.097904e+03 
6.141279e+14 5.226244e+01 3.052549e+01 3.281452e+04 8.533743e-10 3.845267e+13 1.000000e-02 -3.609640e+00 -5.540614e+00 3.225164e+03 1.930974e+00 0.000000e+00 -3.148938e+03 
6.530185e+14 4.778908e+01 2.973268e+01 3.238559e+04 7.794771e-10 4.154784e+13 1.000000e-02 -1.413082e+00 -3.476332e+00 3.284797e+03 2.063250e+00 0.000000e+00 -3.203603e+03 
6.943719e+14 4.354017e+01 2.896047e+01 3.196226e+04 7.120103e-10 4.489017e+13 1.000000e-02 7.607621e-01 -1.442507e+00 3.347393e+03 2.203269e+00 0.000000e+00 -3.261313e+03 
7.383441e+14 3.957165e+01 2.820830e+01 3.154447e+04 6.504093e-10 4.849942e+13 1.000000e-02 2.896732e+00 5.452951e-01 3.405121e+03 2.351437e+00 0.000000e+00 -3.314377e+03 
7.851009e+14 3.584076e+01 2.747568e+01 3.113214e+04 5.941593e-10 5.239696e+13 1.000000e-02 5.270923e+00 2.762732e+00 3.470997e+03 2.508191e+00 0.000000e+00 -3.375444e+03 
8.348187e+14 3.236094e+01 2.676208e+01 3.072520e+04 5.427910e-10 5.660594e+13 1.000000e-02 7.718145e+00 5.044152e+00 3.537085e+03 2.673993e+00 0.000000e+00 -3.436863e+03 
8.876849e+14 2.911357e+01 2.606701e+01 3.032357e+04 4.958769e-10 6.115142e+13 1.000000e-02 1.037963e+01 7.530286e+00 3.609234e+03 2.849342e+00 0.000000e+00 -3.504328e+03 
9.438989e+14 2.609608e+01 2.539000e+01 2.992720e+04 4.530267e-10 6.606057e+13 1.000000e-02 1.317840e+01 1.014363e+01 3.684360e+03 3.034770e+00 0.000000e+00 -3.574907e+03 
1.003673e+15 2.329905e+01 2.473057e+01 2.953601e+04 4.138850e-10 7.136283e+13 1.000000e-02 1.617928e+01 1.294843e+01 3.764592e+03 3.230853e+00 0.000000e+00 -3.650698e+03 
1.067232e+15 2.071476e+01 2.408827e+01 2.914993e+04 3.781278e-10 7.709016e+13 1.000000e-02 1.936868e+01 1.593047e+01 3.849556e+03 3.438209e+00 0.000000e+00 -3.731394e+03 
1.134816e+15 1.833571e+01 2.346265e+01 2.876890e+04 3.454594e-10 8.327722e+13 1.000000e-02 2.277071e+01 1.911320e+01 3.939764e+03 3.657507e+00 0.000000e+00 -3.817536e+03 
1.206680e+15 1.615321e+01 2.285327e+01 2.839285e+04 3.156107e-10 8.996162e+13 1.000000e-02 2.640028e+01 2.251081e+01 4.035820e+03 3.889471e+00 0.000000e+00 -3.909764e+03 
1.283095e+15 1.415943e+01 2.225973e+01 2.802171e+04 2.883361e-10 9.718421e+13 1.000000e-02 3.026965e+01 2.613477e+01 4.137884e+03 4.134883e+00 0.000000e+00 -4.008284e+03 
1.364349e+15 1.234560e+01 2.168160e+01 2.765543e+04 2.634117e-10 1.049894e+14 1.000000e-02 3.440171e+01 3.000711e+01 4.246719e+03 4.394593e+00 0.000000e+00 -4.113891e+03 
1.450749e+15 1.070329e+01 2.111848e+01 2.729393e+04 2.406336e-10 1.134253e+14 1.000000e-02 3.881010e+01 3.414058e+01 4.362600e+03 4.669522e+00 0.000000e+00 -4.226902e+03 
1.542620e+15 9.223603e+00 2.056999e+01 2.693716e+04 2.198158e-10 1.225442e+14 1.000000e-02 4.351852e+01 3.855785e+01 4.486233e+03 4.960667e+00 0.000000e+00 -4.348051e+03 
1.640308e+15 7.897645e+00 2.003575e+01 2.658505e+04 2.007886e-10 1.324032e+14 1.000000e-02 4.854523e+01 4.327612e+01 4.618074e+03 5.269108e+00 0.000000e+00 -4.477826e+03 
1.744183e+15 6.716295e+00 1.951538e+01 2.623755e+04 1.833975e-10 1.430638e+14 1.000000e-02 5.391398e+01 4.831796e+01 4.758781e+03 5.596015e+00 0.000000e+00 -4.616905e+03 
1.854637e+15 5.670346e+00 1.900852e+01 2.589458e+04 1.675014e-10 1.545932e+14 1.000000e-02 5.964699e+01 5.370434e+01 4.908938e+03 5.942651e+00 0.000000e+00 -4.765887e+03 
1.972084e+15 4.750481e+00 1.851483e+01 2.555610e+04 1.529718e-10 1.670642e+14 1.000000e-02 6.576893e+01 5.945855e+01 5.069206e+03 6.310377e+00 0.000000e+00 -4.925436e+03 
2.096970e+15 3.947331e+00 1.803397e+01 2.522205e+04 1.396912e-10 1.805557e+14 1.000000e-02 7.230472e+01 6.560406e+01 5.240244e+03 6.700661e+00 0.000000e+00 -5.096202e+03 
2.229764e+15 3.251516e+00 1.756559e+01 2.489236e+04 1.275527e-10 1.951535e+14 1.000000e-02 7.928041e+01 7.216534e+01 5.422741e+03 7.115077e+00 0.000000e+00 -5.278849e+03 
2.370967e+15 2.653699e+00 1.710937e+01 2.456698e+04 1.164585e-10 2.109505e+14 1.000000e-02 8.672276e+01 7.916745e+01 5.617399e+03 7.555310e+00 0.000000e+00 -5.474041e+03 
2.521112e+15 2.144653e+00 1.666501e+01 2.424586e+04 1.063194e-10 2.280472e+14 1.000000e-02 9.465910e+01 8.663593e+01 5.824937e+03 8.023164e+00 0.000000e+00 -5.682439e+03 
2.680766e+15 1.715326e+00 1.623218e+01 2.392893e+04 9.705396e-11 2.465528e+14 1.000000e-02 1.031173e+02 9.459678e+01 6.046085e+03 8.520557e+00 0.000000e+00 -5.904697e+03 
2.850529e+15 1.356925e+00 1.581060e+01 2.361614e+04 8.858761e-11 2.665852e+14 1.000000e-02 1.121257e+02 1.030762e+02 6.281584e+03 9.049529e+00 0.000000e+00 -6.141462e+03 
3.031043e+15 1.060983e+00 1.539997e+01 2.330744e+04 8.085231e-11 2.882718e+14 1.000000e-02 1.217128e+02 1.121006e+02 6.532183e+03 9.612245e+00 0.000000e+00 -6.393374e+03 
3.222989e+15 8.194446e-01 1.500000e+01 2.300278e+04 7.378581e-11 3.117507e+14 1.000000e-02 1.319072e+02 1.216963e+02 6.798637e+03 1.021099e+01 0.000000e+00 -6.661063e+03 
3.427090e+15 6.247340e-01 1.461042e+01 2.270210e+04 6.733114e-11 3.371709e+14 1.000000e-02 1.427378e+02 1.318896e+02 7.081705e+03 1.084818e+01 0.000000e+00 -6.945154e+03 
3.644116e+15 4.698213e-01 1.423096e+01 2.240535e+04 6.143616e-11 3.646933e+14 1.000000e-02 1.542330e+02 1.427066e+02 7.382151e+03 1.152637e+01 0.000000e+00 -7.246269e+03 
3.874885e+15 3.482753e-01 1.386135e+01 2.211248e+04 5.605310e-11 3.944917e+14 1.000000e-02 1.664214e+02 1.541732e+02 7.700741e+03 1.224824e+01 0.000000e+00 -7.565033e+03 
4.120268e+15 2.543014e-01 1.350134e+01 2.182344e+04 5.113823e-11 4.267540e+14 1.000000e-02 1.793314e+02 1.663148e+02 8.038246e+03 1.301661e+01 0.000000e+00 -7.902081e+03 
4.381191e+15 1.827634e-01 1.315069e+01 2.153818e+04 4.665147e-11 4.616828e+14 1.000000e-02 1.929908e+02 1.791563e+02 8.395436e+03 1.383447e+01 0.000000e+00 -8.258059e+03 
4.658637e+15 1.291867e-01 1.280914e+01 2.125664e+04 4.255609e-11 4.994970e+14 1.000000e-02 2.074273e+02 1.927224e+02 8.773081e+03 1.470496e+01 0.000000e+00 -8.633631e+03 
4.953652e+15 8.974395e-02 1.247646e+01 2.097879e+04 3.881845e-11 5.404334e+14 1.000000e-02 2.226679e+02 2.070366e+02 9.171951e+03 1.563138e+01 0.000000e+00 -9.029478e+03 
5.267350e+15 6.122383e-02 1.215242e+01 2.070456e+04 3.540771e-11 5.847474e+14 1.000000e-02 2.387391e+02 2.221219e+02 9.592801e+03 1.661724e+01 0.000000e+00 -9.446296e+03 
5.600913e+15 4.098563e-02 1.183679e+01 2.043393e+04 3.229560e-11 6.327155e+14 1.000000e-02 2.556648e+02 2.379985e+02 1.003635e+04 1.766625e+01 0.000000e+00 -9.884771e+03 
5.955600e+15 2.690374e-02 1.152937e+01 2.016682e+04 2.945626e-11 6.846364e+14 1.000000e-02 2.734684e+02 2.546860e+02 1.050326e+04 1.878232e+01 0.000000e+00 -1.034555e+04 
6.332747e+15 1.730349e-02 1.122993e+01 1.990321e+04 2.686598e-11 7.408334e+14 1.000000e-02 2.921563e+02 2.721867e+02 1.099397e+04 1.996964e+01 0.000000e+00 -1.082908e+04 
6.733779e+15 1.089712e-02 1.093826e+01 1.964305e+04 2.450309e-11 8.016561e+14 1.000000e-02 3.117462e+02 2.905136e+02 1.150851e+04 2.123262e+01 0.000000e+00 -1.133544e+04 
7.160206e+15 6.714189e-03 1.065418e+01 1.938629e+04 2.234774e-11 8.674832e+14 1.000000e-02 3.321161e+02 3.095402e+02 1.204560e+04 2.257598e+01 0.000000e+00 -1.186345e+04 
7.613637e+15 4.048018e-03 1.037746e+01 1.913288e+04 2.038180e-11 9.387240e+14 1.000000e-02 3.533524e+02 3.293477e+02 1.260171e+04 2.400473e+01 0.000000e+00 -1.240961e+04 
8.095782e+15 2.382850e-03 1.010794e+01 1.888279e+04 1.858867e-11 1.015822e+15 1.000000e-02 3.741731e+02 3.486489e+02 1.320386e+04 2.552421e+01 0.000000e+00 -1.300163e+04 
8.608461e+15 1.360038e-03 1.000000e+01 1.878169e+04 1.695323e-11 1.107854e+15 1.000000e-02 3.965218e+02 3.693817e+02 1.401849e+04 2.714011e+01 0.000000e+00 -1.380502e+04 
9.153605e+15 7.546225e-04 1.000000e+01 1.878169e+04 1.546161e-11 1.214730e+15 1.000000e-02 4.260471e+02 3.971886e+02 1.501119e+04 2.885848e+01 0.000000e+00 -1.478264e+04 
9.733271e+15 4.103866e-04 1.000000e+01 1.878169e+04 1.410121e-11 1.331921e+15 1.000000e-02 4.586562e+02 4.279704e+02 1.599660e+04 3.068578e+01 0.000000e+00 -1.575120e+04 
1.034965e+16 2.189427e-04 1.000000e+01 1.878169e+04 1.286048e-11 1.460419e+15 1.000000e-02 4.926096e+02 4.599807e+02 1.701881e+04 3.262887e+01 0.000000e+00 -1.675573e+04 
1.100505e+16 1.145219e-04 1.000000e+01 1.878169e+04 1.172892e-11 1.601315e+15 1.000000e-02 5.288551e+02 4.941600e+02 1.810877e+04 3.469506e+01 0.000000e+00 -1.782670e+04 
1.170197e+16 5.873503e-05 1.000000e+01 1.878169e+04 1.069691e-11 1.755806e+15 1.000000e-02 5.671124e+02 5.302203e+02 1.925681e+04 3.689212e+01 0.000000e+00 -1.895462e+04 
1.244301e+16 2.953058e-05 1.000000e+01 1.878169e+04 9.755700e-12 1.925202e+15 1.000000e-02 6.076669e+02 5.684385e+02 2.047185e+04 3.922834e+01 0.000000e+00 -2.014830e+04 
1.323098e+16 1.455400e-05 1.000000e+01 1.878169e+04 8.897306e-12 2.110942e+15 1.000000e-02 6.505589e+02 6.088464e+02 2.175478e+04 4.171252e+01 0.000000e+00 -2.140858e+04 
1.406886e+16 7.030412e-06 1.000000e+01 1.878169e+04 8.114441e-12 2.314601e+15 1.000000e-02 6.959461e+02 6.515921e+02 2.311025e+04 4.435402e+01 0.000000e+00 -2.274006e+04 
1.495979e+16 3.328375e-06 1.000000e+01 1.878169e+04 7.400459e-12 2.537909e+15 1.000000e-02 7.439444e+02 6.967816e+02 2.454155e+04 4.716280e+01 0.000000e+00 -2.414598e+04 
1.590714e+16 1.544193e-06 1.000000e+01 1.878169e+04 6.749299e-12 2.782762e+15 1.000000e-02 7.946974e+02 7.445479e+02 2.605283e+04 5.014945e+01 0.000000e+00 -2.563039e+04 
1.691449e+16 7.020341e-07 1.000000e+01 1.878169e+04 6.155434e-12 3.051238e+15 1.000000e-02 8.483471e+02 7.950218e+02 2.764815e+04 5.332524e+01 0.000000e+00 -2.719731e+04 
1.798562e+16 3.127333e-07 1.000000e+01 1.878169e+04 5.613822e-12 3.345616e+15 1.000000e-02 9.050470e+02 8.483448e+02 2.933193e+04 5.670214e+01 0.000000e+00 -2.885105e+04 
1.912459e+16 1.364975e-07 1.000000e+01 1.878169e+04 5.119867e-12 3.668395e+15 1.000000e-02 9.649570e+02 9.046641e+02 3.110874e+04 6.029290e+01 0.000000e+00 -3.059611e+04 
2.033569e+16 5.836972e-08 1.000000e+01 1.878169e+04 4.669374e-12 4.022315e+15 1.000000e-02 1.028246e+03 9.641353e+02 3.298342e+04 6.411104e+01 0.000000e+00 -3.243724e+04 
2.162348e+16 2.445364e-08 1.000000e+01 1.878169e+04 4.258520e-12 4.410381e+15 1.000000e-02 1.095093e+03 1.026922e+03 3.496104e+04 6.817097e+01 0.000000e+00 -3.437941e+04 
2.299282e+16 1.003634e-08 1.000000e+01 1.878169e+04 3.883816e-12 4.835886e+15 1.000000e-02 1.165683e+03 1.093195e+03 3.704696e+04 7.248800e+01 0.000000e+00 -3.642788e+04 
2.444887e+16 4.035229e-09 1.000000e+01 1.878169e+04 3.542082e-12 5.302444e+15 1.000000e-02 1.240215e+03 1.163136e+03 3.924679e+04 7.707842e+01 0.000000e+00 -3.858815e+04 
2.599714e+16 1.589314e-09 1.000000e+01 1.878169e+04 3.230418e-12 5.814014e+15 1.000000e-02 1.318895e+03 1.236935e+03 4.156644e+04 8.195953e+01 0.000000e+00 -4.086601e+04 
2.764344e+16 6.131821e-10 1.000000e+01 1.878169e+04 2.946176e-12 6.374940e+15 1.000000e-02 1.401942e+03 1.314792e+03 4.401211e+04 8.714975e+01 0.000000e+00 -4.326756e+04 
2.939401e+16 2.317388e-10 1.000000e+01 1.878169e+04 2.686944e-12 6.989982e+15 1.000000e-02 1.489585e+03 1.396916e+03 4.659032e+04 9.266864e+01 0.000000e+00 -4.579920e+04 
3.125543e+16 8.578890e-11 1.000000e+01 1.878169e+04 2.450522e-12 7.664363e+15 1.000000e-02 1.582066e+03 1.483529e+03 4.930795e+04 9.853703e+01 0.000000e+00 -4.846765e+04 
3.323473e+16 3.110865e-11 1.000000e+01 1.878169e+04 2.234903e-12 8.403807e+15 1.000000e-02 1.679639e+03 1.574862e+03 5.217219e+04 1.047770e+02 0.000000e+00 -5.127998e+04 
3.533937e+16 1.104958e-11 1.000000e+01 1.878169e+04 2.038256e-12 9.214591e+15 1.000000e-02 1.782572e+03 1.671160e+03 5.519062e+04 1.114122e+02 0.000000e+00 -5.424362e+04 
3.757729e+16 3.844351e-12 1.000000e+01 1.878169e+04 1.858911e-12 1.010360e+16 1.000000e-02 1.891146e+03 1.772678e+03 5.837120e+04 1.184676e+02 0.000000e+00 -5.736639e+04 
3.995693e+16 1.310124e-12 1.000000e+01 1.878169e+04 1.695347e-12 1.107838e+16 1.000000e-02 2.005657e+03 1.879687e+03 6.172229e+04 1.259697e+02 0.000000e+00 -6.065648e+04 
4.248727e+16 4.373355e-13 1.000000e+01 1.878169e+04 1.546175e-12 1.214720e+16 1.000000e-02 2.126416e+03 1.992469e+03 6.525268e+04 1.339469e+02 0.000000e+00 -6.412250e+04 
4.517784e+16 1.429988e-13 1.000000e+01 1.878169e+04 1.410128e-12 1.331914e+16 1.000000e-02 2.253750e+03 2.111320e+03 6.897155e+04 1.424293e+02 0.000000e+00 -6.777346e+04 
4.803880e+16 4.580045e-14 1.000000e+01 1.878169e+04 1.286052e-12 1.460414e+16 1.000000e-02 2.387999e+03 2.236550e+03 7.288852e+04 1.514489e+02 0.000000e+00 -7.161879e+04 
5.108093e+16 1.436910e-14 1.000000e+01 1.878169e+04 1.172894e-12 1.601312e+16 1.000000e-02 2.529540e+03 2.368501e+03 7.701417e+04 1.610396e+02 0.000000e+00 -7.566888e+04 
5.431571e+16 4.415881e-15 1.000000e+01 1.878169e+04 1.069692e-12 1.755804e+16 1.000000e-02 2.678745e+03 2.507507e+03 8.135895e+04 1.712377e+02 0.000000e+00 -7.993395e+04 
5.775534e+16 1.329351e-15 1.000000e+01 1.878169e+04 9.755705e-13 1.925201e+16 1.000000e-02 2.836015e+03 2.653934e+03 8.593412e+04 1.820816e+02 0.000000e+00 -8.442507e+04 
6.141279e+16 3.920160e-16 1.000000e+01 1.878169e+04 8.897309e-13 2.110941e+16 1.000000e-02 3.001769e+03 2.808157e+03 9.075140e+04 1.936122e+02 0.000000e+00 -8.915370e+04 
6.530185e+16 1.132451e-16 1.000000e+01 1.878169e+04 8.114442e-13 2.314601e+16 1.000000e-02 3.176441e+03 2.970568e+03 9.582293e+04 2.058730e+02 0.000000e+00 -9.413178e+04 
6.943719e+16 3.204788e-17 1.000000e+01 1.878169e+04 7.400459e-13 2.537909e+16 1.000000e-02 3.360461e+03 3.141551e+03 1.011608e+05 2.189103e+02 0.000000e+00 -9.937107e+04 
7.383441e+16 8.885203e-18 1.000000e+01 1.878169e+04 6.749299e-13 2.782762e+16 1.000000e-02 3.554190e+03 3.321417e+03 1.067750e+05 2.327731e+02 0.000000e+00 -1.048815e+05 
7.851009e+16 2.413817e-18 1.000000e+01 1.878169e+04 6.155434e-13 3.051238e+16 1.000000e-02 3.757654e+03 3.510141e+03 1.126645e+05 2.475138e+02 0.000000e+00 -1.106619e+05 
8.348187e+16 6.426067e-19 1.000000e+01 1.878169e+04 5.613822e-13 3.345616e+16 1.000000e-02 3.971570e+03 3.708381e+03 1.188514e+05 2.631880e+02 0.000000e+00 -1.167340e+05 
8.876849e+16 1.677331e-19 1.000000e+01 1.878169e+04 5.119867e-13 3.668395e+16 1.000000e-02 4.178426e+03 3.898571e+03 1.249661e+05 2.798548e+02 0.000000e+00 -1.227369e+05 
9.438989e+16 4.484341e-20 1.000000e+01 1.878169e+04 4.669374e-13 4.022315e+16 1.000000e-02 4.606958e+03 4.309380e+03 1.335636e+05 2.975771e+02 0.000000e+00 -1.311114e+05 
1.003673e+17 5.335836e-21 1.000000e+01 1.878169e+04 4.258520e-13 4.410381e+16 0.000000e+00 3.164216e+02 0.000000e+00 0.000000e+00 3.164216e+02 0.000000e+00 0.000000e+00 
1.067232e+17 5.314873e-23 1.000000e+01 1.878169e+04 3.883816e-13 4.835886e+16 0.000000e+00 3.364595e+02 0.000000e+00 0.000000e+00 3.364595e+02 0.000000e+00 0.000000e+00 
1.134816e+17 4.059302e-25 1.000000e+01 1.878169e+04 3.542082e-13 5.302444e+16 0.000000e+00 3.577663e+02 0.000000e+00 0.000000e+00 3.577663e+02 0.000000e+00 0.000000e+00 
1.206680e+17 2.651436e-27 1.000000e+01 1.878169e+04 3.230418e-13 5.814014e+16 0.000000e+00 3.804225e+02 0.000000e+00 0.000000e+00 3.804225e+02 0.000000e+00 0.000000e+00 
1.283095e+17 1.633059e-29 1.000000e+01 1.878169e+04 2.946176e-13 6.374940e+16 0.000000e+00 4.045133e+02 0.000000e+00 0.000000e+00 4.045133e+02 0.000000e+00 0.000000e+00 
1.364349e+17 1.016106e-31 1.000000e+01 1.878169e+04 2.686944e-13 6.989982e+16 0.000000e+00 4.301297e+02 0.000000e+00 0.000000e+00 4.301297e+02 0.000000e+00 0.000000e+00 
1.450749e+17 6.575589e-34 1.000000e+01 1.878169e+04 2.450522e-13 7.664363e+16 0.000000e+00 4.573684e+02 0.000000e+00 0.000000e+00 4.573684e+02 0.000000e+00 0.000000e+00 
