time(s)          = 6.311385e+12
time(solar year) = 2.000000e+05
star mass (g)    = 1.422276e+33
star mass (Msun) = 7.152867e-01
total mass (g)   = 2.182827e+33
mdot (g/s)       = 5.267377e+20
mdot (Msun/yr)   = 8.359597e-06
7.688521e+12 1.409019e+05 1.995188e+02 8.389318e+04 4.572389e-07 1.834778e+11 5.860015e-02 -7.297004e+01 -7.337818e+01 1.529198e+03 -2.516830e-01 2.413105e+02 -3.744406e+02 
8.123392e+12 1.286654e+05 1.948692e+02 8.290990e+04 4.214484e-07 1.967261e+11 6.023860e-02 -7.519674e+01 -7.583704e+01 3.390983e+03 -2.734879e-01 1.527563e+02 -7.449016e+02 
8.582860e+12 1.172792e+05 1.903280e+02 8.193814e+04 3.884659e-07 2.109275e+11 6.066075e-02 -7.767398e+01 -7.808748e+01 3.406245e+03 -2.971932e-01 1.074359e+02 -7.505485e+02 
9.068316e+12 1.071000e+05 1.858926e+02 8.097778e+04 3.580707e-07 2.261502e+11 6.234982e-02 -7.971340e+01 -8.012346e+01 3.408817e+03 -3.229662e-01 1.008136e+02 -7.530555e+02 
9.581230e+12 9.762942e+04 1.815606e+02 8.002866e+04 3.300595e-07 2.424674e+11 6.280893e-02 -8.258765e+01 -8.299724e+01 3.423855e+03 -3.509890e-01 9.458822e+01 -7.588531e+02 
1.012315e+13 8.916168e+04 1.773295e+02 7.909068e+04 3.042448e-07 2.599574e+11 6.455906e-02 -8.440529e+01 -8.480793e+01 3.426380e+03 -3.814603e-01 8.874821e+01 -7.611302e+02 
1.069573e+13 8.128286e+04 1.731971e+02 7.816368e+04 2.804542e-07 2.787040e+11 6.505137e-02 -8.770778e+01 -8.810681e+01 3.441299e+03 -4.145963e-01 8.324529e+01 -7.673270e+02 
1.130069e+13 7.423853e+04 1.691609e+02 7.724756e+04 2.585285e-07 2.987970e+11 6.686959e-02 -8.926307e+01 -8.965063e+01 3.443726e+03 -4.506329e-01 7.808534e+01 -7.693239e+02 
1.193987e+13 6.768252e+04 1.652188e+02 7.634217e+04 2.383214e-07 3.203328e+11 6.739066e-02 -9.302852e+01 -9.340857e+01 3.458568e+03 -4.898271e-01 7.322294e+01 -7.759627e+02 
1.261520e+13 6.182205e+04 1.613686e+02 7.544739e+04 2.196978e-07 3.434144e+11 6.928451e-02 -9.427379e+01 -9.463676e+01 3.460843e+03 -5.324594e-01 6.866583e+01 -7.776215e+02 
1.332873e+13 5.636557e+04 1.576080e+02 7.456310e+04 2.025334e-07 3.681521e+11 6.982912e-02 -9.854095e+01 -9.889154e+01 3.475653e+03 -5.788355e-01 6.437120e+01 -7.847495e+02 
1.408262e+13 5.148979e+04 1.539352e+02 7.368917e+04 1.867136e-07 3.946642e+11 7.180672e-02 -9.942032e+01 -9.974691e+01 3.477719e+03 -6.292891e-01 6.034835e+01 -7.860037e+02 
1.487915e+13 4.694738e+04 1.503479e+02 7.282548e+04 1.721329e-07 4.230772e+11 7.236872e-02 -1.042325e+02 -1.045407e+02 3.492546e+03 -6.841843e-01 5.655686e+01 -7.936734e+02 
1.572073e+13 4.289068e+04 1.468442e+02 7.197192e+04 1.586939e-07 4.535267e+11 7.443881e-02 -1.046805e+02 -1.049563e+02 3.494342e+03 -7.439186e-01 5.300738e+01 -7.944461e+02 
1.660991e+13 3.910833e+04 1.434221e+02 7.112837e+04 1.463072e-07 4.861578e+11 7.501098e-02 -1.100861e+02 -1.103360e+02 3.509240e+03 -8.089258e-01 4.966165e+01 -8.027159e+02 
1.754939e+13 3.573299e+04 1.400798e+02 7.029470e+04 1.348900e-07 5.211260e+11 7.718302e-02 -1.100265e+02 -1.102336e+02 3.510701e+03 -8.796802e-01 4.653147e+01 -8.029188e+02 
1.854200e+13 3.258273e+04 1.368154e+02 6.947080e+04 1.243664e-07 5.585978e+11 7.775691e-02 -1.160794e+02 -1.162517e+02 3.525726e+03 -9.566995e-01 4.358054e+01 -8.118535e+02 
1.959076e+13 2.977422e+04 1.336271e+02 6.865656e+04 1.146663e-07 5.987512e+11 8.004114e-02 -1.154233e+02 -1.155400e+02 3.526783e+03 -1.040550e+00 4.082163e+01 -8.113849e+02 
2.069883e+13 2.714976e+04 1.305131e+02 6.785186e+04 1.057250e-07 6.417771e+11 8.060684e-02 -1.221840e+02 -1.222548e+02 3.541998e+03 -1.131851e+00 3.822025e+01 -8.210565e+02 
2.186958e+13 2.481283e+04 1.274716e+02 6.705659e+04 9.748301e-08 6.878798e+11 8.301435e-02 -1.208280e+02 -1.208279e+02 3.542576e+03 -1.231280e+00 3.578998e+01 -8.197994e+02 
2.310655e+13 2.262581e+04 1.245010e+02 6.627064e+04 8.988557e-08 7.372779e+11 8.356034e-02 -1.283634e+02 -1.283039e+02 3.558050e+03 -1.339577e+00 3.349796e+01 -8.302879e+02 
2.441348e+13 2.068125e+04 1.215997e+02 6.549391e+04 8.288213e-08 7.902055e+11 8.610318e-02 -1.261881e+02 -1.260390e+02 3.558070e+03 -1.457556e+00 3.135846e+01 -8.281083e+02 
2.579433e+13 1.885824e+04 1.187659e+02 6.472628e+04 7.642611e-08 8.469132e+11 8.661599e-02 -1.345721e+02 -1.343472e+02 3.573879e+03 -1.586105e+00 2.934008e+01 -8.395020e+02 
2.725329e+13 1.724016e+04 1.159982e+02 6.396765e+04 7.047462e-08 9.076692e+11 8.930727e-02 -1.314397e+02 -1.311025e+02 3.573253e+03 -1.726198e+00 2.745767e+01 -8.362461e+02 
2.879476e+13 1.572012e+04 1.132950e+02 6.321790e+04 6.498813e-08 9.727608e+11 8.977126e-02 -1.407536e+02 -1.403207e+02 3.589481e+03 -1.878906e+00 2.568119e+01 -8.486420e+02 
3.042342e+13 1.437371e+04 1.106548e+02 6.247695e+04 5.993020e-08 1.042495e+12 9.262521e-02 -1.365055e+02 -1.359329e+02 3.588115e+03 -2.045403e+00 2.402591e+01 -8.441344e+02 
3.214421e+13 1.310589e+04 1.080761e+02 6.174468e+04 5.526728e-08 1.117201e+12 9.302223e-02 -1.468374e+02 -1.461448e+02 3.604856e+03 -2.226978e+00 2.246306e+01 -8.576383e+02 
3.396232e+13 1.198557e+04 1.055575e+02 6.102099e+04 5.096842e-08 1.197231e+12 9.605430e-02 -1.412924e+02 -1.404268e+02 3.602647e+03 -2.425048e+00 2.100822e+01 -8.516794e+02 
3.588326e+13 1.092777e+04 1.030976e+02 6.030579e+04 4.700512e-08 1.282962e+12 9.636337e-02 -1.527364e+02 -1.517212e+02 3.620005e+03 -2.641173e+00 1.963379e+01 -8.664050e+02 
3.791286e+13 9.995592e+03 1.006950e+02 5.959897e+04 4.335112e-08 1.374796e+12 9.959030e-02 -1.456882e+02 -1.444599e+02 3.616841e+03 -2.877072e+00 1.835553e+01 -8.587686e+02 
4.005725e+13 9.112714e+03 9.834843e+01 5.890043e+04 3.998220e-08 1.473166e+12 9.978717e-02 -1.583426e+02 -1.569287e+02 3.634933e+03 -3.134638e+00 1.714696e+01 -8.748364e+02 
4.232293e+13 8.337127e+03 9.605652e+01 5.821008e+04 3.687606e-08 1.578533e+12 1.032271e-01 -1.495581e+02 -1.478821e+02 3.630693e+03 -3.415962e+00 1.602386e+01 -8.652677e+02 
4.471676e+13 7.599970e+03 9.381803e+01 5.752782e+04 3.401213e-08 1.691391e+12 1.032838e-01 -1.635222e+02 -1.616165e+02 3.649649e+03 -3.723354e+00 1.496084e+01 -8.828021e+02 
4.724599e+13 6.954714e+03 9.163171e+01 5.685356e+04 3.137148e-08 1.812269e+12 1.069560e-01 -1.527395e+02 -1.505126e+02 3.644198e+03 -4.059372e+00 1.397359e+01 -8.710159e+02 
4.991828e+13 6.338982e+03 8.949633e+01 5.618720e+04 2.893664e-08 1.941732e+12 1.068407e-01 -1.681084e+02 -1.655977e+02 3.664165e+03 -4.426850e+00 1.303774e+01 -8.901401e+02 
5.274171e+13 5.802204e+03 8.741072e+01 5.552865e+04 2.669152e-08 2.080386e+12 1.107659e-01 -1.550364e+02 -1.521320e+02 3.657360e+03 -4.828936e+00 1.216874e+01 -8.758201e+02 
5.572484e+13 5.287683e+03 8.537370e+01 5.487781e+04 2.462128e-08 2.228877e+12 1.104417e-01 -1.718928e+02 -1.686380e+02 3.678502e+03 -5.269133e+00 1.134330e+01 -8.966490e+02 
5.887669e+13 4.841196e+03 8.338416e+01 5.423461e+04 2.271227e-08 2.387899e+12 1.146415e-01 -1.562105e+02 -1.524735e+02 3.670185e+03 -5.751344e+00 1.057642e+01 -8.794470e+02 
6.220682e+13 4.411059e+03 8.144099e+01 5.359895e+04 2.095188e-08 2.558193e+12 1.140670e-01 -1.746126e+02 -1.704422e+02 3.692686e+03 -6.279936e+00 9.845949e+00 -9.020754e+02 
6.572531e+13 4.039724e+03 7.954309e+01 5.297073e+04 1.932850e-08 2.740550e+12 1.185636e-01 -1.559709e+02 -1.512096e+02 3.682687e+03 -6.859802e+00 9.166301e+00 -8.816137e+02 
6.944280e+13 3.679965e+03 7.768943e+01 5.234988e+04 1.783144e-08 2.935819e+12 1.176913e-01 -1.759332e+02 -1.706346e+02 3.706755e+03 -7.496446e+00 8.516638e+00 -9.060982e+02 
7.337056e+13 3.371178e+03 7.587896e+01 5.173631e+04 1.645082e-08 3.144907e+12 1.225070e-01 -1.539576e+02 -1.479335e+02 3.694893e+03 -8.196080e+00 7.910631e+00 -8.819718e+02 
7.752048e+13 3.070134e+03 7.411069e+01 5.112993e+04 1.517757e-08 3.368783e+12 1.212835e-01 -1.754234e+02 -1.687307e+02 3.720760e+03 -8.965746e+00 7.329027e+00 -9.083042e+02 
8.190513e+13 2.813403e+03 7.238362e+01 5.053065e+04 1.400329e-08 3.608484e+12 1.264394e-01 -1.497179e+02 -1.421326e+02 3.706842e+03 -9.813473e+00 6.784689e+00 -8.800859e+02 
8.653777e+13 2.561363e+03 7.069680e+01 4.993840e+04 1.292027e-08 3.865120e+12 1.248046e-01 -1.725172e+02 -1.640958e+02 3.734770e+03 -1.074846e+01 6.260365e+00 -9.081522e+02 
9.143244e+13 2.347948e+03 6.904929e+01 4.935309e+04 1.192139e-08 4.139876e+12 1.303189e-01 -1.426691e+02 -1.331458e+02 3.718600e+03 -1.178132e+01 5.768043e+00 -8.753976e+02 
9.660396e+13 2.136823e+03 6.744017e+01 4.877464e+04 1.100009e-08 4.434024e+12 1.282056e-01 -1.664542e+02 -1.558795e+02 3.748881e+03 -1.292441e+01 5.292935e+00 -9.049153e+02 
1.020680e+14 1.959445e+03 6.586855e+01 4.820297e+04 1.015031e-08 4.748916e+12 1.340912e-01 -1.320344e+02 -1.200936e+02 3.730262e+03 -1.419229e+01 4.845914e+00 -8.671645e+02 
1.078411e+14 1.782497e+03 6.433356e+01 4.763800e+04 9.366484e-09 5.086007e+12 1.314242e-01 -1.561784e+02 -1.429057e+02 3.763232e+03 -1.560227e+01 4.414840e+00 -8.975829e+02 
1.139407e+14 1.635090e+03 6.283433e+01 4.707965e+04 8.643473e-09 5.446844e+12 1.376844e-01 -1.167253e+02 -1.017481e+02 3.741980e+03 -1.717533e+01 4.008658e+00 -8.543471e+02 
1.203853e+14 1.486701e+03 6.137005e+01 4.652785e+04 7.976534e-09 5.833091e+12 1.343797e-01 -1.401487e+02 -1.234652e+02 3.778027e+03 -1.893736e+01 3.617327e+00 -8.846790e+02 
1.271944e+14 1.364208e+03 5.993989e+01 4.598251e+04 7.361305e-09 6.246516e+12 1.410014e-01 -9.509803e+01 -7.626100e+01 3.754004e+03 -2.092126e+01 3.246184e+00 -8.353783e+02 
1.343886e+14 1.239695e+03 5.854305e+01 4.544357e+04 6.793755e-09 6.689021e+12 1.369634e-01 -1.159337e+02 -9.486659e+01 3.793599e+03 -2.317025e+01 2.886042e+00 -8.638783e+02 
1.419898e+14 1.137894e+03 5.717877e+01 4.491094e+04 6.270177e-09 7.162628e+12 1.439057e-01 -6.435817e+01 -4.049859e+01 3.766775e+03 -2.574424e+01 2.536753e+00 -8.076023e+02 
1.500209e+14 1.033347e+03 5.584628e+01 4.438456e+04 5.787143e-09 7.669511e+12 1.390192e-01 -7.913661e+01 -5.224109e+01 3.810570e+03 -2.873238e+01 2.189041e+00 -8.309870e+02 
1.585063e+14 9.487049e+02 5.454485e+01 4.386434e+04 5.341503e-09 8.211984e+12 1.461887e-01 -1.865532e+01 1.208435e+01 3.781226e+03 -3.228483e+01 1.834948e+00 -7.654672e+02 
1.674715e+14 8.608398e+02 5.327374e+01 4.335022e+04 4.930345e-09 8.792533e+12 1.402926e-01 -1.918303e+01 1.617255e+01 3.830473e+03 -3.671833e+01 1.454900e+00 -7.759353e+02 
1.769439e+14 7.903632e+02 5.203225e+01 4.284213e+04 4.550990e-09 9.413804e+12 1.474684e-01 5.855745e+01 1.012542e+02 3.800125e+03 -4.358837e+01 9.818116e-01 -6.933557e+02 
1.869521e+14 7.163566e+02 5.081970e+01 4.233999e+04 4.200961e-09 1.007864e+13 1.402321e-01 1.347853e+02 1.850915e+02 3.862551e+03 -5.036024e+01 5.958675e-02 -6.311559e+02 
1.975263e+14 6.570830e+02 4.963540e+01 4.184374e+04 3.877978e-09 1.079009e+13 1.462621e-01 1.149293e+02 1.689648e+02 3.820053e+03 -5.403544e+01 0.000000e+00 -6.424942e+02 
2.086986e+14 5.956467e+02 4.847870e+01 4.135331e+04 3.579941e-09 1.155139e+13 1.391513e-01 1.538523e+02 2.106523e+02 3.873326e+03 -5.679998e+01 0.000000e+00 -6.145183e+02 
2.205028e+14 5.461512e+02 4.734896e+01 4.086862e+04 3.304916e-09 1.236601e+13 1.446573e-01 1.312937e+02 1.909959e+02 3.832182e+03 -5.970213e+01 0.000000e+00 -6.287297e+02 
2.329747e+14 4.951811e+02 4.624554e+01 4.038961e+04 3.051119e-09 1.323764e+13 1.377225e-01 1.747229e+02 2.374714e+02 3.883695e+03 -6.274849e+01 0.000000e+00 -5.959462e+02 
2.461520e+14 4.538305e+02 4.516784e+01 3.991622e+04 2.816902e-09 1.417025e+13 1.426313e-01 1.499407e+02 2.158867e+02 3.844492e+03 -6.594604e+01 0.000000e+00 -6.127465e+02 
2.600746e+14 4.115619e+02 4.411525e+01 3.944838e+04 2.600750e-09 1.516808e+13 1.359003e-01 1.974850e+02 2.667870e+02 3.893907e+03 -6.930202e+01 0.000000e+00 -5.754764e+02 
2.747847e+14 3.770013e+02 4.308720e+01 3.898602e+04 2.401261e-09 1.623564e+13 1.401429e-01 1.710965e+02 2.439206e+02 3.857047e+03 -7.282408e+01 0.000000e+00 -5.943341e+02 
2.903268e+14 3.419626e+02 4.208310e+01 3.852908e+04 2.217146e-09 1.737778e+13 1.336346e-01 2.222231e+02 2.987433e+02 3.904059e+03 -7.652015e+01 0.000000e+00 -5.530444e+02 
3.067480e+14 3.130675e+02 4.110240e+01 3.807749e+04 2.047214e-09 1.859966e+13 1.371483e-01 1.949760e+02 2.753747e+02 3.869923e+03 -8.039864e+01 0.000000e+00 -5.732951e+02 
3.240980e+14 2.840319e+02 4.014455e+01 3.763120e+04 1.890368e-09 1.990681e+13 1.308707e-01 2.490192e+02 3.334874e+02 3.914270e+03 -8.446822e+01 0.000000e+00 -5.285938e+02 
3.424293e+14 2.598681e+02 3.920903e+01 3.719014e+04 1.745594e-09 2.130515e+13 1.336005e-01 2.217694e+02 3.105075e+02 3.883212e+03 -8.873811e+01 0.000000e+00 -5.494604e+02 
3.617975e+14 2.358136e+02 3.829530e+01 3.675424e+04 1.611960e-09 2.280097e+13 1.275490e-01 2.779525e+02 3.711703e+02 3.924693e+03 -9.321783e+01 0.000000e+00 -5.020769e+02 
3.822612e+14 2.156040e+02 3.740287e+01 3.632346e+04 1.488603e-09 2.440104e+13 1.294495e-01 2.516264e+02 3.495439e+02 3.897028e+03 -9.791751e+01 0.000000e+00 -5.227048e+02 
4.038823e+14 1.956800e+02 3.653124e+01 3.589773e+04 1.374730e-09 2.611256e+13 1.236061e-01 3.090982e+02 4.119458e+02 3.935518e+03 -1.028476e+02 0.000000e+00 -4.734580e+02 
4.267263e+14 1.787775e+02 3.567992e+01 3.547698e+04 1.269607e-09 2.794327e+13 1.246419e-01 2.846410e+02 3.926602e+02 3.911520e+03 -1.080192e+02 0.000000e+00 -4.929659e+02 
4.508624e+14 1.622764e+02 3.484844e+01 3.506117e+04 1.172560e-09 2.990139e+13 1.189746e-01 3.425223e+02 4.559660e+02 3.946990e+03 -1.134437e+02 0.000000e+00 -4.427208e+02 
4.763637e+14 1.481415e+02 3.403633e+01 3.465023e+04 1.082963e-09 3.199575e+13 1.191210e-01 3.208369e+02 4.399703e+02 3.926889e+03 -1.191334e+02 0.000000e+00 -4.602611e+02 
5.033073e+14 1.344754e+02 3.324315e+01 3.424411e+04 1.000244e-09 3.423577e+13 1.135839e-01 3.782714e+02 5.033723e+02 3.959420e+03 -1.251009e+02 0.000000e+00 -4.098822e+02 
5.317749e+14 1.226573e+02 3.246846e+01 3.384275e+04 9.238691e-10 3.663154e+13 1.128265e-01 3.601576e+02 4.915172e+02 3.943421e+03 -1.313596e+02 0.000000e+00 -4.247037e+02 
5.618527e+14 1.113381e+02 3.171182e+01 3.344609e+04 8.533512e-10 3.919381e+13 1.073613e-01 4.163552e+02 5.542785e+02 3.973226e+03 -1.379233e+02 0.000000e+00 -3.750161e+02 
5.936317e+14 1.014597e+02 3.097281e+01 3.305408e+04 7.882380e-10 4.193413e+13 1.056949e-01 4.024643e+02 5.472713e+02 3.961529e+03 -1.448069e+02 0.000000e+00 -3.865143e+02 
6.272082e+14 9.208242e+01 3.025102e+01 3.266666e+04 7.281132e-10 4.486481e+13 1.002327e-01 4.567210e+02 6.087467e+02 3.988980e+03 -1.520257e+02 0.000000e+00 -3.382890e+02 
6.626837e+14 8.382755e+01 2.954605e+01 3.228379e+04 6.725923e-10 4.799905e+13 9.765983e-02 4.475423e+02 6.071383e+02 3.981840e+03 -1.595959e+02 0.000000e+00 -3.460307e+02 
7.001658e+14 7.605629e+01 2.885752e+01 3.190540e+04 6.213210e-10 5.135092e+13 9.212270e-02 4.992211e+02 6.667556e+02 4.007515e+03 -1.675345e+02 0.000000e+00 -3.000140e+02 
7.397680e+14 6.915952e+01 2.818502e+01 3.153145e+04 5.739718e-10 5.493554e+13 8.865311e-02 4.951200e+02 6.709796e+02 4.005344e+03 -1.758595e+02 0.000000e+00 -3.037195e+02 
7.816101e+14 6.271535e+01 2.752820e+01 3.116188e+04 5.302432e-10 5.876903e+13 8.295572e-02 5.435720e+02 7.281618e+02 4.030132e+03 -1.845897e+02 0.000000e+00 -2.607304e+02 
8.258188e+14 5.695319e+01 2.688669e+01 3.079664e+04 4.898564e-10 6.286872e+13 7.860603e-02 5.449051e+02 7.386503e+02 4.033696e+03 -1.937452e+02 0.000000e+00 -2.601992e+02 
8.725280e+14 5.160383e+01 2.626012e+01 3.043569e+04 4.525546e-10 6.725308e+13 7.265485e-02 5.893031e+02 7.926499e+02 4.059033e+03 -2.033468e+02 0.000000e+00 -2.213420e+02 
9.218791e+14 4.678738e+01 2.564816e+01 3.007896e+04 4.181003e-10 7.194198e+13 6.745148e-02 5.966552e+02 8.100723e+02 4.069901e+03 -2.134171e+02 0.000000e+00 -2.163063e+02 
9.740216e+14 4.233770e+01 2.505046e+01 2.972642e+04 3.862747e-10 7.695667e+13 6.114022e-02 6.356736e+02 8.596531e+02 4.098374e+03 -2.239795e+02 0.000000e+00 -1.834063e+02 
1.029113e+15 3.830583e+01 2.446668e+01 2.937800e+04 3.568757e-10 8.231999e+13 5.512712e-02 6.503309e+02 8.853903e+02 4.120098e+03 -2.350594e+02 0.000000e+00 -1.732970e+02 
1.087321e+15 3.458789e+01 2.389651e+01 2.903368e+04 3.297167e-10 8.805644e+13 4.832380e-02 6.814880e+02 9.281718e+02 4.157243e+03 -2.466838e+02 0.000000e+00 -1.499083e+02 
1.148821e+15 3.119958e+01 2.333963e+01 2.869338e+04 3.046252e-10 9.419241e+13 4.158102e-02 7.064824e+02 9.653642e+02 4.199476e+03 -2.588818e+02 0.000000e+00 -1.336343e+02 
1.213800e+15 2.805700e+01 2.279573e+01 2.835708e+04 2.814419e-10 1.007564e+14 3.409521e-02 7.245252e+02 9.962106e+02 4.260827e+03 -2.716854e+02 0.000000e+00 -1.280334e+02 
1.282454e+15 2.517646e+01 2.226450e+01 2.802471e+04 2.600195e-10 1.077793e+14 2.678551e-02 7.674521e+02 1.052582e+03 4.361849e+03 -2.851299e+02 0.000000e+00 -1.056495e+02 
1.354990e+15 2.241130e+01 2.174565e+01 2.769625e+04 2.402205e-10 1.152951e+14 1.827547e-02 7.590457e+02 1.058303e+03 4.523743e+03 -2.992576e+02 0.000000e+00 -1.461460e+02 
1.431630e+15 1.982761e+01 2.123889e+01 2.737163e+04 2.219174e-10 1.233415e+14 1.078882e-02 8.429990e+02 1.157118e+03 7.750057e+03 -3.141185e+02 0.000000e+00 -7.013192e+02 
1.512605e+15 1.117874e+01 2.074394e+01 2.705082e+04 2.048781e-10 1.320337e+14 3.000000e-04 7.521761e+02 1.082315e+03 1.965180e+04 -3.301394e+02 0.000000e+00 -3.147135e+03 
1.598159e+15 1.367305e+00 2.026053e+01 2.673376e+04 1.888666e-10 1.415484e+14 3.000000e-04 -2.069645e+02 1.410442e+02 9.625738e+04 -3.480087e+02 0.000000e+00 -1.926733e+04 
1.688553e+15 3.424133e-02 1.978838e+01 2.642043e+04 1.739302e-10 1.519025e+14 3.000000e-04 3.405651e+02 7.081530e+02 4.731081e+05 -3.675878e+02 0.000000e+00 -9.335095e+04 
1.784059e+15 1.709815e-03 1.932723e+01 2.611076e+04 1.601529e-10 1.630365e+14 3.000000e-04 -3.073416e+01 3.576417e+02 2.382041e+05 -3.883758e+02 0.000000e+00 -4.720339e+04 
1.884968e+15 4.883152e-05 1.887683e+01 2.580473e+04 1.474664e-10 1.749872e+14 3.000000e-04 2.173082e+02 6.276508e+02 4.180416e+05 -4.103426e+02 0.000000e+00 -8.256942e+04 
1.991584e+15 2.842701e-06 1.843693e+01 2.550228e+04 1.357848e-10 1.878140e+14 3.000000e-04 -1.265173e+02 3.070348e+02 2.049218e+05 -4.335520e+02 0.000000e+00 -4.070813e+04 
2.104230e+15 3.596208e-07 1.800727e+01 2.520338e+04 1.250285e-10 2.015810e+14 3.000000e-04 -3.179966e+02 1.400776e+02 9.385085e+04 -4.580742e+02 0.000000e+00 -1.890371e+04 
2.223247e+15 5.045761e-08 1.758763e+01 2.490798e+04 1.151244e-10 2.163571e+14 3.000000e-04 -3.575247e+02 1.264587e+02 8.479597e+04 -4.839834e+02 0.000000e+00 -1.715006e+04 
2.348996e+15 7.172167e-09 1.717777e+01 2.461604e+04 1.060048e-10 2.322164e+14 3.000000e-04 -3.860875e+02 1.252705e+02 8.400908e+04 -5.113580e+02 0.000000e+00 -1.702279e+04 
2.481858e+15 1.022022e-09 1.677747e+01 2.432752e+04 9.760755e-11 2.492381e+14 3.000000e-04 -4.148752e+02 1.254057e+02 8.410885e+04 -5.402810e+02 0.000000e+00 -1.707133e+04 
2.622235e+15 1.473356e-10 1.638648e+01 2.404239e+04 8.987554e-11 2.675076e+14 3.000000e-04 -4.464571e+02 1.243828e+02 8.343616e+04 -5.708398e+02 0.000000e+00 -1.696970e+04 
2.770551e+15 2.143200e-11 1.600462e+01 2.376060e+04 8.275602e-11 2.871163e+14 3.000000e-04 -4.762092e+02 1.269179e+02 8.448145e+04 -6.031272e+02 0.000000e+00 -1.720647e+04 
2.927257e+15 2.042961e-21 1.000000e+01 1.878169e+04 7.620047e-11 2.464774e+14 0.000000e+00 -6.372407e+02 0.000000e+00 0.000000e+00 -6.372407e+02 0.000000e+00 0.000000e+00 
3.092825e+15 0.000000e+00 1.000000e+01 1.878169e+04 7.016423e-11 2.676819e+14 0.000000e+00 -6.732837e+02 0.000000e+00 0.000000e+00 -6.732837e+02 0.000000e+00 0.000000e+00 
3.267759e+15 0.000000e+00 1.000000e+01 1.878169e+04 6.460615e-11 2.907106e+14 0.000000e+00 -7.113654e+02 0.000000e+00 0.000000e+00 -7.113654e+02 0.000000e+00 0.000000e+00 
3.452587e+15 0.000000e+00 1.000000e+01 1.878169e+04 5.948835e-11 3.157205e+14 0.000000e+00 -7.516010e+02 0.000000e+00 0.000000e+00 -7.516010e+02 0.000000e+00 0.000000e+00 
3.647869e+15 0.000000e+00 1.000000e+01 1.878169e+04 5.477596e-11 3.428820e+14 0.000000e+00 -7.941123e+02 0.000000e+00 0.000000e+00 -7.941123e+02 0.000000e+00 0.000000e+00 
3.854197e+15 0.000000e+00 1.000000e+01 1.878169e+04 5.043686e-11 3.723803e+14 0.000000e+00 -8.390282e+02 0.000000e+00 0.000000e+00 -8.390282e+02 0.000000e+00 0.000000e+00 
4.072194e+15 0.000000e+00 1.000000e+01 1.878169e+04 4.644149e-11 4.044162e+14 0.000000e+00 -8.864845e+02 0.000000e+00 0.000000e+00 -8.864845e+02 0.000000e+00 0.000000e+00 
4.302522e+15 0.000000e+00 1.000000e+01 1.878169e+04 4.276261e-11 4.392083e+14 0.000000e+00 -9.366251e+02 0.000000e+00 0.000000e+00 -9.366251e+02 0.000000e+00 0.000000e+00 
4.545877e+15 0.000000e+00 1.000000e+01 1.878169e+04 3.937516e-11 4.769935e+14 0.000000e+00 -9.896016e+02 0.000000e+00 0.000000e+00 -9.896016e+02 0.000000e+00 0.000000e+00 
4.802997e+15 0.000000e+00 1.000000e+01 1.878169e+04 3.625604e-11 5.180293e+14 0.000000e+00 -1.045575e+03 0.000000e+00 0.000000e+00 -1.045575e+03 0.000000e+00 0.000000e+00 
5.074660e+15 0.000000e+00 1.000000e+01 1.878169e+04 3.338401e-11 5.625955e+14 0.000000e+00 -1.104713e+03 0.000000e+00 0.000000e+00 -1.104713e+03 0.000000e+00 0.000000e+00 
5.361688e+15 0.000000e+00 1.000000e+01 1.878169e+04 3.073948e-11 6.109957e+14 0.000000e+00 -1.167197e+03 0.000000e+00 0.000000e+00 -1.167197e+03 0.000000e+00 0.000000e+00 
5.664951e+15 0.000000e+00 1.000000e+01 1.878169e+04 2.830445e-11 6.635598e+14 0.000000e+00 -1.233215e+03 0.000000e+00 0.000000e+00 -1.233215e+03 0.000000e+00 0.000000e+00 
5.985366e+15 0.000000e+00 1.000000e+01 1.878169e+04 2.606230e-11 7.206460e+14 0.000000e+00 -1.302967e+03 0.000000e+00 0.000000e+00 -1.302967e+03 0.000000e+00 0.000000e+00 
6.323905e+15 0.000000e+00 1.000000e+01 1.878169e+04 2.399777e-11 7.826434e+14 0.000000e+00 -1.376664e+03 0.000000e+00 0.000000e+00 -1.376664e+03 0.000000e+00 0.000000e+00 
6.681592e+15 0.000000e+00 1.000000e+01 1.878169e+04 2.209678e-11 8.499744e+14 0.000000e+00 -1.454530e+03 0.000000e+00 0.000000e+00 -1.454530e+03 0.000000e+00 0.000000e+00 
7.059510e+15 0.000000e+00 1.000000e+01 1.878169e+04 2.034637e-11 9.230979e+14 0.000000e+00 -1.536800e+03 0.000000e+00 0.000000e+00 -1.536800e+03 0.000000e+00 0.000000e+00 
7.458804e+15 0.000000e+00 1.000000e+01 1.878169e+04 1.873463e-11 1.002512e+15 0.000000e+00 -1.623723e+03 0.000000e+00 0.000000e+00 -1.623723e+03 0.000000e+00 0.000000e+00 
7.880682e+15 0.000000e+00 1.000000e+01 1.878169e+04 1.725056e-11 1.088759e+15 0.000000e+00 -1.715562e+03 0.000000e+00 0.000000e+00 -1.715562e+03 0.000000e+00 0.000000e+00 
8.326422e+15 0.000000e+00 1.000000e+01 1.878169e+04 1.588405e-11 1.182425e+15 0.000000e+00 -1.812596e+03 0.000000e+00 0.000000e+00 -1.812596e+03 0.000000e+00 0.000000e+00 
8.797373e+15 0.000000e+00 1.000000e+01 1.878169e+04 1.462579e-11 1.284149e+15 0.000000e+00 -1.915119e+03 0.000000e+00 0.000000e+00 -1.915119e+03 0.000000e+00 0.000000e+00 
9.294962e+15 0.000000e+00 1.000000e+01 1.878169e+04 1.346720e-11 1.394625e+15 0.000000e+00 -2.023440e+03 0.000000e+00 0.000000e+00 -2.023440e+03 0.000000e+00 0.000000e+00 
9.820696e+15 0.000000e+00 1.000000e+01 1.878169e+04 1.240039e-11 1.514605e+15 0.000000e+00 -2.137888e+03 0.000000e+00 0.000000e+00 -2.137888e+03 0.000000e+00 0.000000e+00 
1.037616e+16 0.000000e+00 1.000000e+01 1.878169e+04 1.141809e-11 1.644906e+15 0.000000e+00 -2.258809e+03 0.000000e+00 0.000000e+00 -2.258809e+03 0.000000e+00 0.000000e+00 
1.096305e+16 0.000000e+00 1.000000e+01 1.878169e+04 1.051361e-11 1.786418e+15 0.000000e+00 -2.386570e+03 0.000000e+00 0.000000e+00 -2.386570e+03 0.000000e+00 0.000000e+00 
1.158313e+16 0.000000e+00 1.000000e+01 1.878169e+04 9.680767e-12 1.940104e+15 0.000000e+00 -2.521557e+03 0.000000e+00 0.000000e+00 -2.521557e+03 0.000000e+00 0.000000e+00 
1.223829e+16 0.000000e+00 1.000000e+01 1.878169e+04 8.913901e-12 2.107012e+15 0.000000e+00 -2.664179e+03 0.000000e+00 0.000000e+00 -2.664179e+03 0.000000e+00 0.000000e+00 
1.293050e+16 0.000000e+00 1.000000e+01 1.878169e+04 8.207784e-12 2.288278e+15 0.000000e+00 -2.814868e+03 0.000000e+00 0.000000e+00 -2.814868e+03 0.000000e+00 0.000000e+00 
1.366186e+16 0.000000e+00 1.000000e+01 1.878169e+04 7.557602e-12 2.485139e+15 0.000000e+00 -2.974080e+03 0.000000e+00 0.000000e+00 -2.974080e+03 0.000000e+00 0.000000e+00 
1.443459e+16 0.000000e+00 1.000000e+01 1.878169e+04 6.958924e-12 2.698936e+15 0.000000e+00 -3.142297e+03 0.000000e+00 0.000000e+00 -3.142297e+03 0.000000e+00 0.000000e+00 
1.525103e+16 0.000000e+00 1.000000e+01 1.878169e+04 6.407670e-12 2.931127e+15 0.000000e+00 -3.320029e+03 0.000000e+00 0.000000e+00 -3.320029e+03 0.000000e+00 0.000000e+00 
1.611364e+16 0.000000e+00 1.000000e+01 1.878169e+04 5.900085e-12 3.183292e+15 0.000000e+00 -3.507813e+03 0.000000e+00 0.000000e+00 -3.507813e+03 0.000000e+00 0.000000e+00 
1.702505e+16 0.000000e+00 1.000000e+01 1.878169e+04 5.432708e-12 3.457152e+15 0.000000e+00 -3.706219e+03 0.000000e+00 0.000000e+00 -3.706219e+03 0.000000e+00 0.000000e+00 
1.798800e+16 0.000000e+00 1.000000e+01 1.878169e+04 5.002354e-12 3.754571e+15 0.000000e+00 -3.915846e+03 0.000000e+00 0.000000e+00 -3.915846e+03 0.000000e+00 0.000000e+00 
1.900542e+16 0.000000e+00 1.000000e+01 1.878169e+04 4.606091e-12 4.077578e+15 0.000000e+00 -4.137331e+03 0.000000e+00 0.000000e+00 -4.137331e+03 0.000000e+00 0.000000e+00 
2.008039e+16 0.000000e+00 1.000000e+01 1.878169e+04 4.241218e-12 4.428373e+15 0.000000e+00 -4.371343e+03 0.000000e+00 0.000000e+00 -4.371343e+03 0.000000e+00 0.000000e+00 
2.121616e+16 0.000000e+00 1.000000e+01 1.878169e+04 3.905248e-12 4.809347e+15 0.000000e+00 -4.618591e+03 0.000000e+00 0.000000e+00 -4.618591e+03 0.000000e+00 0.000000e+00 
2.241617e+16 0.000000e+00 1.000000e+01 1.878169e+04 3.595893e-12 5.223096e+15 0.000000e+00 -4.879823e+03 0.000000e+00 0.000000e+00 -4.879823e+03 0.000000e+00 0.000000e+00 
2.368405e+16 0.000000e+00 1.000000e+01 1.878169e+04 3.311043e-12 5.672440e+15 0.000000e+00 -5.155831e+03 0.000000e+00 0.000000e+00 -5.155831e+03 0.000000e+00 0.000000e+00 
2.502365e+16 0.000000e+00 1.000000e+01 1.878169e+04 3.048758e-12 6.160441e+15 0.000000e+00 -5.447451e+03 0.000000e+00 0.000000e+00 -5.447451e+03 0.000000e+00 0.000000e+00 
2.643901e+16 0.000000e+00 1.000000e+01 1.878169e+04 2.807249e-12 6.690426e+15 0.000000e+00 -5.755565e+03 0.000000e+00 0.000000e+00 -5.755565e+03 0.000000e+00 0.000000e+00 
2.793443e+16 0.000000e+00 1.000000e+01 1.878169e+04 2.584872e-12 7.266005e+15 0.000000e+00 -6.081106e+03 0.000000e+00 0.000000e+00 -6.081106e+03 0.000000e+00 0.000000e+00 
2.951443e+16 0.000000e+00 1.000000e+01 1.878169e+04 2.380111e-12 7.891101e+15 0.000000e+00 -6.425060e+03 0.000000e+00 0.000000e+00 -6.425060e+03 0.000000e+00 0.000000e+00 
3.118380e+16 0.000000e+00 1.000000e+01 1.878169e+04 2.191569e-12 8.569974e+15 0.000000e+00 -6.788468e+03 0.000000e+00 0.000000e+00 -6.788468e+03 0.000000e+00 0.000000e+00 
3.294759e+16 0.000000e+00 1.000000e+01 1.878169e+04 2.017964e-12 9.307251e+15 0.000000e+00 -7.172431e+03 0.000000e+00 0.000000e+00 -7.172431e+03 0.000000e+00 0.000000e+00 
3.481114e+16 0.000000e+00 1.000000e+01 1.878169e+04 1.858110e-12 1.010796e+16 0.000000e+00 -7.578111e+03 0.000000e+00 0.000000e+00 -7.578111e+03 0.000000e+00 0.000000e+00 
3.678010e+16 0.000000e+00 1.000000e+01 1.878169e+04 1.710919e-12 1.097755e+16 0.000000e+00 -8.006738e+03 0.000000e+00 0.000000e+00 -8.006738e+03 0.000000e+00 0.000000e+00 
3.886042e+16 0.000000e+00 1.000000e+01 1.878169e+04 1.575388e-12 1.192195e+16 0.000000e+00 -8.459607e+03 0.000000e+00 0.000000e+00 -8.459607e+03 0.000000e+00 0.000000e+00 
4.105841e+16 0.000000e+00 1.000000e+01 1.878169e+04 1.450593e-12 1.294759e+16 0.000000e+00 -8.938092e+03 0.000000e+00 0.000000e+00 -8.938092e+03 0.000000e+00 0.000000e+00 
4.338072e+16 0.000000e+00 1.000000e+01 1.878169e+04 1.335684e-12 1.406148e+16 0.000000e+00 -9.443640e+03 0.000000e+00 0.000000e+00 -9.443640e+03 0.000000e+00 0.000000e+00 
4.583438e+16 0.000000e+00 1.000000e+01 1.878169e+04 1.229877e-12 1.527119e+16 0.000000e+00 -9.977783e+03 0.000000e+00 0.000000e+00 -9.977783e+03 0.000000e+00 0.000000e+00 
4.842682e+16 0.000000e+00 1.000000e+01 1.878169e+04 1.132452e-12 1.658498e+16 0.000000e+00 -1.054214e+04 0.000000e+00 0.000000e+00 -1.054214e+04 0.000000e+00 0.000000e+00 
5.116590e+16 0.000000e+00 1.000000e+01 1.878169e+04 1.042745e-12 1.801178e+16 0.000000e+00 -1.113841e+04 0.000000e+00 0.000000e+00 -1.113841e+04 0.000000e+00 0.000000e+00 
5.405989e+16 0.000000e+00 1.000000e+01 1.878169e+04 9.601434e-13 1.956134e+16 0.000000e+00 -1.176841e+04 0.000000e+00 0.000000e+00 -1.176841e+04 0.000000e+00 0.000000e+00 
5.711758e+16 0.000000e+00 1.000000e+01 1.878169e+04 8.840853e-13 2.124421e+16 0.000000e+00 -1.243405e+04 0.000000e+00 0.000000e+00 -1.243405e+04 0.000000e+00 0.000000e+00 
6.034821e+16 0.000000e+00 1.000000e+01 1.878169e+04 8.140522e-13 2.307185e+16 0.000000e+00 -1.313733e+04 0.000000e+00 0.000000e+00 -1.313733e+04 0.000000e+00 0.000000e+00 
6.376157e+16 0.000000e+00 1.000000e+01 1.878169e+04 7.495668e-13 2.505673e+16 0.000000e+00 -1.388039e+04 0.000000e+00 0.000000e+00 -1.388039e+04 0.000000e+00 0.000000e+00 
6.736800e+16 0.000000e+00 1.000000e+01 1.878169e+04 6.901896e-13 2.721237e+16 0.000000e+00 -1.466548e+04 0.000000e+00 0.000000e+00 -1.466548e+04 0.000000e+00 0.000000e+00 
7.117840e+16 0.000000e+00 1.000000e+01 1.878169e+04 6.355160e-13 2.955345e+16 0.000000e+00 -1.549498e+04 0.000000e+00 0.000000e+00 -1.549498e+04 0.000000e+00 0.000000e+00 
7.520433e+16 0.000000e+00 1.000000e+01 1.878169e+04 5.851734e-13 3.209594e+16 0.000000e+00 -1.637139e+04 0.000000e+00 0.000000e+00 -1.637139e+04 0.000000e+00 0.000000e+00 
7.945797e+16 0.000000e+00 1.000000e+01 1.878169e+04 5.388187e-13 3.485717e+16 0.000000e+00 -1.729737e+04 0.000000e+00 0.000000e+00 -1.729737e+04 0.000000e+00 0.000000e+00 
8.395220e+16 0.000000e+00 1.000000e+01 1.878169e+04 4.961360e-13 3.785594e+16 0.000000e+00 -1.827573e+04 0.000000e+00 0.000000e+00 -1.827573e+04 0.000000e+00 0.000000e+00 
8.870063e+16 0.000000e+00 1.000000e+01 1.878169e+04 4.568344e-13 4.111269e+16 0.000000e+00 -1.930943e+04 0.000000e+00 0.000000e+00 -1.930943e+04 0.000000e+00 0.000000e+00 
9.371763e+16 0.000000e+00 1.000000e+01 1.878169e+04 4.206461e-13 4.464963e+16 0.000000e+00 -2.040159e+04 0.000000e+00 0.000000e+00 -2.040159e+04 0.000000e+00 0.000000e+00 
9.901840e+16 0.000000e+00 1.000000e+01 1.878169e+04 3.873245e-13 4.849084e+16 0.000000e+00 -2.155552e+04 0.000000e+00 0.000000e+00 -2.155552e+04 0.000000e+00 0.000000e+00 
1.046190e+17 0.000000e+00 1.000000e+01 1.878169e+04 3.566425e-13 5.266252e+16 0.000000e+00 -2.277473e+04 0.000000e+00 0.000000e+00 -2.277473e+04 0.000000e+00 0.000000e+00 
1.105364e+17 0.000000e+00 1.000000e+01 1.878169e+04 3.283909e-13 5.719309e+16 0.000000e+00 -2.406289e+04 0.000000e+00 0.000000e+00 -2.406289e+04 0.000000e+00 0.000000e+00 
1.167884e+17 0.000000e+00 1.000000e+01 1.878169e+04 3.023773e-13 6.211343e+16 0.000000e+00 -2.542392e+04 0.000000e+00 0.000000e+00 -2.542392e+04 0.000000e+00 0.000000e+00 
1.233941e+17 0.000000e+00 1.000000e+01 1.878169e+04 2.784244e-13 6.745706e+16 0.000000e+00 -2.686192e+04 0.000000e+00 0.000000e+00 -2.686192e+04 0.000000e+00 0.000000e+00 
1.303734e+17 0.000000e+00 1.000000e+01 1.878169e+04 2.563689e-13 7.326041e+16 0.000000e+00 -2.838126e+04 0.000000e+00 0.000000e+00 -2.838126e+04 0.000000e+00 0.000000e+00 
1.377475e+17 0.000000e+00 1.000000e+01 1.878169e+04 2.360606e-13 7.956302e+16 0.000000e+00 -2.998653e+04 0.000000e+00 0.000000e+00 -2.998653e+04 0.000000e+00 0.000000e+00 
1.455386e+17 0.000000e+00 1.000000e+01 1.878169e+04 2.173610e-13 8.640784e+16 0.000000e+00 -3.168260e+04 0.000000e+00 0.000000e+00 -3.168260e+04 0.000000e+00 0.000000e+00 
