time(s)          = 3.786831e+12
time(solar year) = 1.200000e+05
star mass (g)    = 5.525414e+32
star mass (Msun) = 2.778824e-01
total mass (g)   = 7.028241e+32
mdot (g/s)       = 2.027535e+20
mdot (Msun/yr)   = 3.217802e-06
7.688521e+12 8.612628e+04 1.995188e+02 8.389318e+04 2.850751e-07 2.942844e+11 4.642716e-02 8.211760e+00 9.735045e+00 2.464551e+03 -2.772244e+00 2.135086e+02 -4.784538e+02 
8.123392e+12 7.852429e+04 1.948692e+02 8.290990e+04 2.629138e-07 3.153501e+11 4.660330e-02 -6.811092e+00 -5.551619e+00 5.436611e+03 -3.023893e+00 1.214248e+02 -1.081062e+03 
8.582860e+12 7.162904e+04 1.903280e+02 8.193814e+04 2.424810e-07 3.379157e+11 4.705166e-02 1.050562e+01 1.251640e+01 5.449325e+03 -3.299334e+00 8.184797e+01 -1.066852e+03 
9.068316e+12 6.528736e+04 1.858926e+02 8.097778e+04 2.236414e-07 3.620875e+11 4.703274e-02 -5.152873e+00 -2.889403e+00 5.461269e+03 -3.600989e+00 7.618172e+01 -1.084684e+03 
9.581230e+12 5.957456e+04 1.815606e+02 8.002866e+04 2.062706e-07 3.879790e+11 4.765109e-02 1.340379e+01 1.599023e+01 5.470441e+03 -3.931557e+00 7.088833e+01 -1.068093e+03 
1.012315e+13 5.428344e+04 1.773295e+02 7.909068e+04 1.902537e-07 4.157117e+11 4.742681e-02 -2.882386e+00 1.561349e-02 5.485554e+03 -4.294061e+00 6.588448e+01 -1.087175e+03 
1.069573e+13 4.955076e+04 1.731971e+02 7.816368e+04 1.754848e-07 4.454157e+11 4.822264e-02 1.706923e+01 2.036280e+01 5.491180e+03 -4.691893e+00 6.119238e+01 -1.068503e+03 
1.130069e+13 4.513493e+04 1.691609e+02 7.724756e+04 1.618664e-07 4.772304e+11 4.777554e-02 1.711534e-01 3.849765e+00 5.509672e+03 -5.128871e+00 5.675423e+01 -1.088860e+03 
1.193987e+13 4.121464e+04 1.652188e+02 7.634217e+04 1.493086e-07 5.113045e+11 4.875617e-02 2.171551e+01 2.587908e+01 5.511579e+03 -5.609306e+00 5.258980e+01 -1.067880e+03 
1.261520e+13 3.752817e+04 1.613686e+02 7.544739e+04 1.377286e-07 5.477976e+11 4.806634e-02 4.232114e+00 8.872599e+00 5.533687e+03 -6.138098e+00 4.864659e+01 -1.089534e+03 
1.332873e+13 3.428125e+04 1.576080e+02 7.456310e+04 1.270500e-07 5.868801e+11 4.923875e-02 2.762725e+01 3.286363e+01 5.531697e+03 -6.720833e+00 4.494267e+01 -1.065955e+03 
1.408262e+13 3.120260e+04 1.539352e+02 7.368917e+04 1.172023e-07 6.287347e+11 4.828311e-02 9.601260e+00 1.543049e+01 5.557694e+03 -7.363927e+00 4.142943e+01 -1.088920e+03 
1.487915e+13 2.851382e+04 1.503479e+02 7.282548e+04 1.081208e-07 6.735564e+11 4.965380e-02 3.519234e+01 4.175664e+01 5.551620e+03 -8.074797e+00 3.812385e+01 -1.062367e+03 
1.572073e+13 2.594172e+04 1.468442e+02 7.197192e+04 9.974567e-08 7.215544e+11 4.840499e-02 1.669307e+01 2.399842e+01 5.581832e+03 -8.862100e+00 3.497973e+01 -1.086641e+03 
1.660991e+13 2.371557e+04 1.434221e+02 7.112837e+04 9.202173e-08 7.729518e+11 4.997975e-02 4.495595e+01 5.317370e+01 5.571482e+03 -9.736046e+00 3.201338e+01 -1.056606e+03 
1.754939e+13 2.156563e+04 1.400798e+02 7.029470e+04 8.489818e-08 8.279883e+11 4.840456e-02 2.610141e+01 3.525333e+01 5.606312e+03 -1.070884e+01 2.917925e+01 -1.082155e+03 
1.854200e+13 1.972296e+04 1.368154e+02 6.947080e+04 7.832822e-08 8.869191e+11 5.018786e-02 5.771896e+01 6.801450e+01 5.591495e+03 -1.179530e+01 2.649284e+01 -1.047930e+03 
1.959076e+13 1.792480e+04 1.336271e+02 6.865656e+04 7.226865e-08 9.500185e+11 4.824472e-02 3.872741e+01 5.021627e+01 5.631465e+03 -1.301387e+01 2.390678e+01 -1.074646e+03 
2.069883e+13 1.640001e+04 1.305131e+02 6.785186e+04 6.667971e-08 1.017579e+12 5.023873e-02 7.473933e+01 8.768489e+01 5.612018e+03 -1.438810e+01 2.143424e+01 -1.035176e+03 
2.186958e+13 1.489483e+04 1.274716e+02 6.705659e+04 6.152468e-08 1.089914e+12 4.787336e-02 5.606658e+01 7.057122e+01 5.657848e+03 -1.594926e+01 1.902125e+01 -1.062762e+03 
2.310655e+13 1.363353e+04 1.245010e+02 6.627064e+04 5.676979e-08 1.167358e+12 5.007531e-02 9.822292e+01 1.146385e+02 5.633712e+03 -1.774133e+01 1.667243e+01 -1.016315e+03 
2.441348e+13 1.237214e+04 1.215997e+02 6.549391e+04 5.238381e-08 1.250270e+12 4.721218e-02 8.101612e+01 9.956190e+01 5.686526e+03 -1.983130e+01 1.431355e+01 -1.043876e+03 
2.579433e+13 1.132916e+04 1.187659e+02 6.472628e+04 4.833805e-08 1.339034e+12 4.960676e-02 1.329324e+02 1.541618e+02 5.658074e+03 -2.233655e+01 1.191250e+01 -9.869757e+02 
2.725329e+13 1.027005e+04 1.159982e+02 6.396765e+04 4.460597e-08 1.434060e+12 4.612669e-02 1.213427e+02 1.458976e+02 5.720207e+03 -2.552870e+01 9.301205e+00 -1.010920e+03 
2.879476e+13 9.407494e+03 1.132950e+02 6.321790e+04 4.116319e-08 1.535787e+12 4.865178e-02 1.967425e+02 2.267526e+02 5.690895e+03 -3.065618e+01 6.131188e+00 -9.307886e+02 
3.042342e+13 8.513834e+03 1.106548e+02 6.247695e+04 3.798712e-08 1.644688e+12 4.426576e-02 2.480485e+02 2.829919e+02 5.778640e+03 -3.494343e+01 0.000000e+00 -8.981156e+02 
3.214421e+13 7.792961e+03 1.080761e+02 6.174468e+04 3.505701e-08 1.761265e+12 4.626842e-02 2.086596e+02 2.454131e+02 5.717779e+03 -3.675355e+01 0.000000e+00 -9.250751e+02 
3.396232e+13 7.055145e+03 1.055575e+02 6.102099e+04 3.235376e-08 1.886056e+12 4.219088e-02 2.568718e+02 2.955272e+02 5.798440e+03 -3.865541e+01 0.000000e+00 -8.933125e+02 
3.588326e+13 6.453380e+03 1.030976e+02 6.030579e+04 2.985972e-08 2.019637e+12 4.372841e-02 2.203696e+02 2.610232e+02 5.743730e+03 -4.065360e+01 0.000000e+00 -9.186331e+02 
3.791286e+13 5.844106e+03 1.006950e+02 5.959897e+04 2.755866e-08 2.162622e+12 3.993195e-02 2.654898e+02 3.082426e+02 5.818795e+03 -4.275286e+01 0.000000e+00 -8.888260e+02 
4.005725e+13 5.341987e+03 9.834843e+01 5.890043e+04 2.543557e-08 2.315672e+12 4.102820e-02 2.317013e+02 2.766595e+02 5.770012e+03 -4.495822e+01 0.000000e+00 -9.126351e+02 
4.232293e+13 4.838766e+03 9.605652e+01 5.821008e+04 2.347665e-08 2.479489e+12 3.748691e-02 2.737367e+02 3.210116e+02 5.839910e+03 -4.727491e+01 0.000000e+00 -8.848616e+02 
4.471676e+13 4.419956e+03 9.381803e+01 5.752782e+04 2.166914e-08 2.654827e+12 3.816545e-02 2.424486e+02 2.921570e+02 5.796881e+03 -4.970846e+01 0.000000e+00 -9.073365e+02 
4.724599e+13 4.004258e+03 9.163171e+01 5.685356e+04 2.000130e-08 2.842493e+12 3.485533e-02 2.814102e+02 3.336748e+02 5.862071e+03 -5.226462e+01 0.000000e+00 -8.816766e+02 
4.991828e+13 3.655053e+03 8.949633e+01 5.618720e+04 1.846230e-08 3.043348e+12 3.513937e-02 2.523651e+02 3.073146e+02 5.824696e+03 -5.494949e+01 0.000000e+00 -9.030522e+02 
5.274171e+13 3.311603e+03 8.741072e+01 5.552865e+04 1.704213e-08 3.258315e+12 3.203876e-02 2.882649e+02 3.460343e+02 5.885679e+03 -5.776940e+01 0.000000e+00 -8.795939e+02 
5.572484e+13 3.020507e+03 8.537370e+01 5.487781e+04 1.573160e-08 3.488381e+12 3.195110e-02 2.611592e+02 3.218902e+02 5.853967e+03 -6.073106e+01 0.000000e+00 -9.001731e+02 
5.887669e+13 2.736705e+03 8.338416e+01 5.423461e+04 1.452219e-08 3.734602e+12 2.904118e-02 2.940067e+02 3.578482e+02 5.911323e+03 -6.384146e+01 0.000000e+00 -8.790218e+02 
6.220682e+13 2.494076e+03 8.144099e+01 5.359895e+04 1.340608e-08 3.998107e+12 2.860419e-02 2.684879e+02 3.355959e+02 5.885457e+03 -6.710802e+01 0.000000e+00 -8.991903e+02 
6.572531e+13 2.259528e+03 7.954309e+01 5.297073e+04 1.237604e-08 4.280105e+12 2.586949e-02 2.982867e+02 3.688251e+02 5.939908e+03 -7.053841e+01 0.000000e+00 -8.804860e+02 
6.944280e+13 2.057272e+03 7.768943e+01 5.234988e+04 1.142539e-08 4.581891e+12 2.510510e-02 2.739543e+02 3.480952e+02 5.920365e+03 -7.414086e+01 0.000000e+00 -9.007348e+02 
7.337056e+13 1.863388e+03 7.587896e+01 5.173631e+04 1.054800e-08 4.904847e+12 2.253405e-02 3.006952e+02 3.786190e+02 5.972915e+03 -7.792385e+01 0.000000e+00 -8.846855e+02 
7.752048e+13 1.694699e+03 7.411069e+01 5.112993e+04 9.738182e-09 5.250459e+12 2.146372e-02 2.771073e+02 3.590038e+02 5.960698e+03 -8.189649e+01 0.000000e+00 -9.056514e+02 
8.190513e+13 1.534370e+03 7.238362e+01 5.053065e+04 8.990723e-09 5.620310e+12 1.904919e-02 3.007581e+02 3.868263e+02 6.012958e+03 -8.606819e+01 0.000000e+00 -8.926084e+02 
8.653777e+13 1.393494e+03 7.069680e+01 4.993840e+04 8.300786e-09 6.016105e+12 1.769398e-02 2.774522e+02 3.679013e+02 6.010146e+03 -9.044907e+01 0.000000e+00 -9.151610e+02 
9.143244e+13 1.260809e+03 6.904929e+01 4.935309e+04 7.663929e-09 6.439659e+12 1.543368e-02 2.979335e+02 3.929832e+02 6.065202e+03 -9.504964e+01 0.000000e+00 -9.058142e+02 
9.660396e+13 1.142812e+03 6.744017e+01 4.877464e+04 7.076037e-09 6.892932e+12 1.381436e-02 2.744828e+02 3.743641e+02 6.076399e+03 -9.988125e+01 0.000000e+00 -9.312882e+02 
1.020680e+14 1.032791e+03 6.586855e+01 4.820297e+04 6.533328e-09 7.378012e+12 1.171085e-02 2.916049e+02 3.965606e+02 6.141661e+03 -1.049557e+02 0.000000e+00 -9.272923e+02 
1.078411e+14 9.332524e+02 6.433356e+01 4.763800e+04 6.032297e-09 7.897158e+12 9.848260e-03 2.677709e+02 3.780568e+02 6.179041e+03 -1.102860e+02 0.000000e+00 -9.583341e+02 
1.139407e+14 8.414963e+02 6.283433e+01 4.707965e+04 5.569722e-09 8.452783e+12 7.907843e-03 2.810235e+02 3.969091e+02 6.279314e+03 -1.158856e+02 0.000000e+00 -9.651031e+02 
1.203853e+14 7.557590e+02 6.137005e+01 4.652785e+04 5.142606e-09 9.047524e+12 5.824305e-03 2.572304e+02 3.790005e+02 6.390487e+03 -1.217701e+02 0.000000e+00 -1.010715e+03 
1.271944e+14 6.773570e+02 5.993989e+01 4.598251e+04 4.748192e-09 9.684216e+12 4.052545e-03 2.647805e+02 3.927368e+02 6.705544e+03 -1.279563e+02 0.000000e+00 -1.065634e+03 
1.343886e+14 5.946432e+02 5.854305e+01 4.544357e+04 4.383847e-09 1.036614e+13 1.776492e-03 2.441828e+02 3.786506e+02 1.402509e+04 -1.344677e+02 0.000000e+00 -2.534155e+03 
1.419898e+14 2.396239e+02 5.717877e+01 4.491094e+04 4.044353e-09 1.110460e+13 3.000000e-04 2.280312e+02 3.695593e+02 4.110349e+04 -1.415281e+02 0.000000e+00 -7.911447e+03 
1.500209e+14 3.815828e+01 5.584628e+01 4.438456e+04 3.726590e-09 1.191023e+13 3.000000e-04 1.094535e+01 1.602690e+02 1.088518e+05 -1.493237e+02 0.000000e+00 -2.154380e+04 
1.585063e+14 3.946792e+00 5.454485e+01 4.386434e+04 3.431792e-09 1.278176e+13 3.000000e-04 9.403525e+01 2.517676e+02 1.688073e+05 -1.577324e+02 0.000000e+00 -3.333535e+04 
1.674715e+14 4.986084e-01 5.327374e+01 4.335022e+04 3.159985e-09 1.371849e+13 3.000000e-04 4.039038e+01 2.070396e+02 1.385900e+05 -1.666493e+02 0.000000e+00 -2.740520e+04 
1.769439e+14 5.749082e-02 5.203225e+01 4.284213e+04 2.909672e-09 1.472404e+13 3.000000e-04 5.214308e+01 2.282175e+02 1.526423e+05 -1.760744e+02 0.000000e+00 -3.017630e+04 
1.869521e+14 6.502205e-03 5.081970e+01 4.233999e+04 2.679182e-09 1.580333e+13 3.000000e-04 4.771623e+01 2.337495e+02 1.563035e+05 -1.860333e+02 0.000000e+00 -3.090578e+04 
1.975263e+14 7.165629e-04 4.963540e+01 4.184374e+04 2.466950e-09 1.696173e+13 3.000000e-04 4.462518e+01 2.411807e+02 1.612019e+05 -1.965555e+02 0.000000e+00 -3.187893e+04 
2.086986e+14 7.341248e-05 4.847870e+01 4.135331e+04 2.271529e-09 1.820505e+13 3.000000e-04 5.311732e+01 2.607902e+02 1.742393e+05 -2.076729e+02 0.000000e+00 -3.445229e+04 
2.205028e+14 7.317943e-06 4.734896e+01 4.086862e+04 2.091590e-09 1.953950e+13 3.000000e-04 4.998617e+01 2.694053e+02 1.799303e+05 -2.194191e+02 0.000000e+00 -3.558245e+04 
2.329747e+14 6.778273e-07 4.624554e+01 4.038961e+04 1.925904e-09 2.097177e+13 3.000000e-04 5.958049e+01 2.914102e+02 1.945581e+05 -2.318297e+02 0.000000e+00 -3.846966e+04 
2.461520e+14 6.051534e-08 4.516784e+01 3.991622e+04 1.773343e-09 2.250903e+13 3.000000e-04 5.878863e+01 3.037309e+02 2.027420e+05 -2.449423e+02 0.000000e+00 -4.009116e+04 
2.600746e+14 5.223192e-09 4.411525e+01 3.944838e+04 1.632867e-09 2.415897e+13 3.000000e-04 5.952672e+01 3.183232e+02 2.118881e+05 -2.587965e+02 0.000000e+00 -4.190167e+04 
2.747847e+14 9.162956e-22 1.000000e+01 1.878169e+04 1.503519e-09 1.249183e+13 0.000000e+00 -2.734343e+02 0.000000e+00 0.000000e+00 -2.734343e+02 0.000000e+00 0.000000e+00 
2.903268e+14 0.000000e+00 1.000000e+01 1.878169e+04 1.384417e-09 1.356650e+13 0.000000e+00 -2.889000e+02 0.000000e+00 0.000000e+00 -2.889000e+02 0.000000e+00 0.000000e+00 
3.067480e+14 0.000000e+00 1.000000e+01 1.878169e+04 1.274750e-09 1.473363e+13 0.000000e+00 -3.052405e+02 0.000000e+00 0.000000e+00 -3.052405e+02 0.000000e+00 0.000000e+00 
3.240980e+14 0.000000e+00 1.000000e+01 1.878169e+04 1.173770e-09 1.600117e+13 0.000000e+00 -3.225052e+02 0.000000e+00 0.000000e+00 -3.225052e+02 0.000000e+00 0.000000e+00 
3.424293e+14 0.000000e+00 1.000000e+01 1.878169e+04 1.080790e-09 1.737775e+13 0.000000e+00 -3.407465e+02 0.000000e+00 0.000000e+00 -3.407465e+02 0.000000e+00 0.000000e+00 
3.617975e+14 0.000000e+00 1.000000e+01 1.878169e+04 9.951744e-10 1.887277e+13 0.000000e+00 -3.600195e+02 0.000000e+00 0.000000e+00 -3.600195e+02 0.000000e+00 0.000000e+00 
3.822612e+14 0.000000e+00 1.000000e+01 1.878169e+04 9.163414e-10 2.049639e+13 0.000000e+00 -3.803826e+02 0.000000e+00 0.000000e+00 -3.803826e+02 0.000000e+00 0.000000e+00 
4.038823e+14 0.000000e+00 1.000000e+01 1.878169e+04 8.437531e-10 2.225970e+13 0.000000e+00 -4.018974e+02 0.000000e+00 0.000000e+00 -4.018974e+02 0.000000e+00 0.000000e+00 
4.267263e+14 0.000000e+00 1.000000e+01 1.878169e+04 7.769149e-10 2.417471e+13 0.000000e+00 -4.246292e+02 0.000000e+00 0.000000e+00 -4.246292e+02 0.000000e+00 0.000000e+00 
4.508624e+14 0.000000e+00 1.000000e+01 1.878169e+04 7.153714e-10 2.625447e+13 0.000000e+00 -4.486467e+02 0.000000e+00 0.000000e+00 -4.486467e+02 0.000000e+00 0.000000e+00 
4.763637e+14 0.000000e+00 1.000000e+01 1.878169e+04 6.587030e-10 2.851314e+13 0.000000e+00 -4.740226e+02 0.000000e+00 0.000000e+00 -4.740226e+02 0.000000e+00 0.000000e+00 
5.033073e+14 0.000000e+00 1.000000e+01 1.878169e+04 6.065236e-10 3.096614e+13 0.000000e+00 -5.008338e+02 0.000000e+00 0.000000e+00 -5.008338e+02 0.000000e+00 0.000000e+00 
5.317749e+14 0.000000e+00 1.000000e+01 1.878169e+04 5.584776e-10 3.363016e+13 0.000000e+00 -5.291615e+02 0.000000e+00 0.000000e+00 -5.291615e+02 0.000000e+00 0.000000e+00 
5.618527e+14 0.000000e+00 1.000000e+01 1.878169e+04 5.142377e-10 3.652337e+13 0.000000e+00 -5.590915e+02 0.000000e+00 0.000000e+00 -5.590915e+02 0.000000e+00 0.000000e+00 
5.936317e+14 0.000000e+00 1.000000e+01 1.878169e+04 4.735022e-10 3.966549e+13 0.000000e+00 -5.907143e+02 0.000000e+00 0.000000e+00 -5.907143e+02 0.000000e+00 0.000000e+00 
6.272082e+14 0.000000e+00 1.000000e+01 1.878169e+04 4.359935e-10 4.307792e+13 0.000000e+00 -6.241257e+02 0.000000e+00 0.000000e+00 -6.241257e+02 0.000000e+00 0.000000e+00 
6.626837e+14 0.000000e+00 1.000000e+01 1.878169e+04 4.014562e-10 4.678392e+13 0.000000e+00 -6.594270e+02 0.000000e+00 0.000000e+00 -6.594270e+02 0.000000e+00 0.000000e+00 
7.001658e+14 0.000000e+00 1.000000e+01 1.878169e+04 3.696547e-10 5.080875e+13 0.000000e+00 -6.967249e+02 0.000000e+00 0.000000e+00 -6.967249e+02 0.000000e+00 0.000000e+00 
7.397680e+14 0.000000e+00 1.000000e+01 1.878169e+04 3.403724e-10 5.517984e+13 0.000000e+00 -7.361324e+02 0.000000e+00 0.000000e+00 -7.361324e+02 0.000000e+00 0.000000e+00 
7.816101e+14 0.000000e+00 1.000000e+01 1.878169e+04 3.134097e-10 5.992698e+13 0.000000e+00 -7.777688e+02 0.000000e+00 0.000000e+00 -7.777688e+02 0.000000e+00 0.000000e+00 
8.258188e+14 0.000000e+00 1.000000e+01 1.878169e+04 2.885828e-10 6.508251e+13 0.000000e+00 -8.217603e+02 0.000000e+00 0.000000e+00 -8.217603e+02 0.000000e+00 0.000000e+00 
8.725280e+14 0.000000e+00 1.000000e+01 1.878169e+04 2.657226e-10 7.068157e+13 0.000000e+00 -8.682399e+02 0.000000e+00 0.000000e+00 -8.682399e+02 0.000000e+00 0.000000e+00 
9.218791e+14 0.000000e+00 1.000000e+01 1.878169e+04 2.446733e-10 7.676232e+13 0.000000e+00 -9.173485e+02 0.000000e+00 0.000000e+00 -9.173485e+02 0.000000e+00 0.000000e+00 
9.740216e+14 0.000000e+00 1.000000e+01 1.878169e+04 2.252915e-10 8.336621e+13 0.000000e+00 -9.692348e+02 0.000000e+00 0.000000e+00 -9.692348e+02 0.000000e+00 0.000000e+00 
1.029113e+15 0.000000e+00 1.000000e+01 1.878169e+04 2.074449e-10 9.053822e+13 0.000000e+00 -1.024056e+03 0.000000e+00 0.000000e+00 -1.024056e+03 0.000000e+00 0.000000e+00 
1.087321e+15 0.000000e+00 1.000000e+01 1.878169e+04 1.910121e-10 9.832724e+13 0.000000e+00 -1.081977e+03 0.000000e+00 0.000000e+00 -1.081977e+03 0.000000e+00 0.000000e+00 
1.148821e+15 0.000000e+00 1.000000e+01 1.878169e+04 1.758810e-10 1.067864e+14 0.000000e+00 -1.143175e+03 0.000000e+00 0.000000e+00 -1.143175e+03 0.000000e+00 0.000000e+00 
1.213800e+15 0.000000e+00 1.000000e+01 1.878169e+04 1.619485e-10 1.159732e+14 0.000000e+00 -1.207834e+03 0.000000e+00 0.000000e+00 -1.207834e+03 0.000000e+00 0.000000e+00 
1.282454e+15 0.000000e+00 1.000000e+01 1.878169e+04 1.491197e-10 1.259504e+14 0.000000e+00 -1.276151e+03 0.000000e+00 0.000000e+00 -1.276151e+03 0.000000e+00 0.000000e+00 
1.354990e+15 0.000000e+00 1.000000e+01 1.878169e+04 1.373072e-10 1.367860e+14 0.000000e+00 -1.348331e+03 0.000000e+00 0.000000e+00 -1.348331e+03 0.000000e+00 0.000000e+00 
1.431630e+15 0.000000e+00 1.000000e+01 1.878169e+04 1.264303e-10 1.485537e+14 0.000000e+00 -1.424594e+03 0.000000e+00 0.000000e+00 -1.424594e+03 0.000000e+00 0.000000e+00 
1.512605e+15 0.000000e+00 1.000000e+01 1.878169e+04 1.164151e-10 1.613338e+14 0.000000e+00 -1.505171e+03 0.000000e+00 0.000000e+00 -1.505171e+03 0.000000e+00 0.000000e+00 
1.598159e+15 0.000000e+00 1.000000e+01 1.878169e+04 1.071933e-10 1.752134e+14 0.000000e+00 -1.590305e+03 0.000000e+00 0.000000e+00 -1.590305e+03 0.000000e+00 0.000000e+00 
1.688553e+15 0.000000e+00 1.000000e+01 1.878169e+04 9.870191e-11 1.902870e+14 0.000000e+00 -1.680255e+03 0.000000e+00 0.000000e+00 -1.680255e+03 0.000000e+00 0.000000e+00 
1.784059e+15 0.000000e+00 1.000000e+01 1.878169e+04 9.088320e-11 2.066575e+14 0.000000e+00 -1.775292e+03 0.000000e+00 0.000000e+00 -1.775292e+03 0.000000e+00 0.000000e+00 
1.884968e+15 0.000000e+00 1.000000e+01 1.878169e+04 8.368386e-11 2.244363e+14 0.000000e+00 -1.875704e+03 0.000000e+00 0.000000e+00 -1.875704e+03 0.000000e+00 0.000000e+00 
1.991584e+15 0.000000e+00 1.000000e+01 1.878169e+04 7.705482e-11 2.437446e+14 0.000000e+00 -1.981796e+03 0.000000e+00 0.000000e+00 -1.981796e+03 0.000000e+00 0.000000e+00 
2.104230e+15 0.000000e+00 1.000000e+01 1.878169e+04 7.095090e-11 2.647140e+14 0.000000e+00 -2.093888e+03 0.000000e+00 0.000000e+00 -2.093888e+03 0.000000e+00 0.000000e+00 
2.223247e+15 0.000000e+00 1.000000e+01 1.878169e+04 6.533050e-11 2.874874e+14 0.000000e+00 -2.212321e+03 0.000000e+00 0.000000e+00 -2.212321e+03 0.000000e+00 0.000000e+00 
2.348996e+15 0.000000e+00 1.000000e+01 1.878169e+04 6.015532e-11 3.122200e+14 0.000000e+00 -2.337452e+03 0.000000e+00 0.000000e+00 -2.337452e+03 0.000000e+00 0.000000e+00 
2.481858e+15 0.000000e+00 1.000000e+01 1.878169e+04 5.539010e-11 3.390803e+14 0.000000e+00 -2.469661e+03 0.000000e+00 0.000000e+00 -2.469661e+03 0.000000e+00 0.000000e+00 
2.622235e+15 0.000000e+00 1.000000e+01 1.878169e+04 5.100235e-11 3.682515e+14 0.000000e+00 -2.609348e+03 0.000000e+00 0.000000e+00 -2.609348e+03 0.000000e+00 0.000000e+00 
2.770551e+15 0.000000e+00 1.000000e+01 1.878169e+04 4.696219e-11 3.999323e+14 0.000000e+00 -2.756935e+03 0.000000e+00 0.000000e+00 -2.756935e+03 0.000000e+00 0.000000e+00 
2.927257e+15 0.000000e+00 1.000000e+01 1.878169e+04 4.324206e-11 4.343385e+14 0.000000e+00 -2.912871e+03 0.000000e+00 0.000000e+00 -2.912871e+03 0.000000e+00 0.000000e+00 
3.092825e+15 0.000000e+00 1.000000e+01 1.878169e+04 3.981663e-11 4.717048e+14 0.000000e+00 -3.077626e+03 0.000000e+00 0.000000e+00 -3.077626e+03 0.000000e+00 0.000000e+00 
3.267759e+15 0.000000e+00 1.000000e+01 1.878169e+04 3.666254e-11 5.122857e+14 0.000000e+00 -3.251700e+03 0.000000e+00 0.000000e+00 -3.251700e+03 0.000000e+00 0.000000e+00 
3.452587e+15 0.000000e+00 1.000000e+01 1.878169e+04 3.375830e-11 5.563577e+14 0.000000e+00 -3.435619e+03 0.000000e+00 0.000000e+00 -3.435619e+03 0.000000e+00 0.000000e+00 
3.647869e+15 0.000000e+00 1.000000e+01 1.878169e+04 3.108413e-11 6.042213e+14 0.000000e+00 -3.629942e+03 0.000000e+00 0.000000e+00 -3.629942e+03 0.000000e+00 0.000000e+00 
3.854197e+15 0.000000e+00 1.000000e+01 1.878169e+04 2.862179e-11 6.562026e+14 0.000000e+00 -3.835255e+03 0.000000e+00 0.000000e+00 -3.835255e+03 0.000000e+00 0.000000e+00 
4.072194e+15 0.000000e+00 1.000000e+01 1.878169e+04 2.635451e-11 7.126559e+14 0.000000e+00 -4.052181e+03 0.000000e+00 0.000000e+00 -4.052181e+03 0.000000e+00 0.000000e+00 
4.302522e+15 0.000000e+00 1.000000e+01 1.878169e+04 2.426683e-11 7.739658e+14 0.000000e+00 -4.281377e+03 0.000000e+00 0.000000e+00 -4.281377e+03 0.000000e+00 0.000000e+00 
4.545877e+15 0.000000e+00 1.000000e+01 1.878169e+04 2.234452e-11 8.405503e+14 0.000000e+00 -4.523536e+03 0.000000e+00 0.000000e+00 -4.523536e+03 0.000000e+00 0.000000e+00 
4.802997e+15 0.000000e+00 1.000000e+01 1.878169e+04 2.057449e-11 9.128630e+14 0.000000e+00 -4.779393e+03 0.000000e+00 0.000000e+00 -4.779393e+03 0.000000e+00 0.000000e+00 
5.074660e+15 0.000000e+00 1.000000e+01 1.878169e+04 1.894468e-11 9.913968e+14 0.000000e+00 -5.049720e+03 0.000000e+00 0.000000e+00 -5.049720e+03 0.000000e+00 0.000000e+00 
5.361688e+15 0.000000e+00 1.000000e+01 1.878169e+04 1.744397e-11 1.076687e+15 0.000000e+00 -5.335338e+03 0.000000e+00 0.000000e+00 -5.335338e+03 0.000000e+00 0.000000e+00 
5.664951e+15 0.000000e+00 1.000000e+01 1.878169e+04 1.606214e-11 1.169315e+15 0.000000e+00 -5.637110e+03 0.000000e+00 0.000000e+00 -5.637110e+03 0.000000e+00 0.000000e+00 
5.985366e+15 0.000000e+00 1.000000e+01 1.878169e+04 1.478977e-11 1.269911e+15 0.000000e+00 -5.955951e+03 0.000000e+00 0.000000e+00 -5.955951e+03 0.000000e+00 0.000000e+00 
6.323905e+15 0.000000e+00 1.000000e+01 1.878169e+04 1.361819e-11 1.379162e+15 0.000000e+00 -6.292827e+03 0.000000e+00 0.000000e+00 -6.292827e+03 0.000000e+00 0.000000e+00 
6.681592e+15 0.000000e+00 1.000000e+01 1.878169e+04 1.253943e-11 1.497811e+15 0.000000e+00 -6.648756e+03 0.000000e+00 0.000000e+00 -6.648756e+03 0.000000e+00 0.000000e+00 
7.059510e+15 0.000000e+00 1.000000e+01 1.878169e+04 1.154611e-11 1.626668e+15 0.000000e+00 -7.024816e+03 0.000000e+00 0.000000e+00 -7.024816e+03 0.000000e+00 0.000000e+00 
7.458804e+15 0.000000e+00 1.000000e+01 1.878169e+04 1.063148e-11 1.766611e+15 0.000000e+00 -7.422148e+03 0.000000e+00 0.000000e+00 -7.422148e+03 0.000000e+00 0.000000e+00 
7.880682e+15 0.000000e+00 1.000000e+01 1.878169e+04 9.789305e-12 1.918593e+15 0.000000e+00 -7.841952e+03 0.000000e+00 0.000000e+00 -7.841952e+03 0.000000e+00 0.000000e+00 
8.326422e+15 0.000000e+00 1.000000e+01 1.878169e+04 9.013842e-12 2.083650e+15 0.000000e+00 -8.285502e+03 0.000000e+00 0.000000e+00 -8.285502e+03 0.000000e+00 0.000000e+00 
8.797373e+15 0.000000e+00 1.000000e+01 1.878169e+04 8.299808e-12 2.262907e+15 0.000000e+00 -8.754139e+03 0.000000e+00 0.000000e+00 -8.754139e+03 0.000000e+00 0.000000e+00 
9.294962e+15 0.000000e+00 1.000000e+01 1.878169e+04 7.642336e-12 2.457585e+15 0.000000e+00 -9.249282e+03 0.000000e+00 0.000000e+00 -9.249282e+03 0.000000e+00 0.000000e+00 
9.820696e+15 0.000000e+00 1.000000e+01 1.878169e+04 7.036946e-12 2.669012e+15 0.000000e+00 -9.772432e+03 0.000000e+00 0.000000e+00 -9.772432e+03 0.000000e+00 0.000000e+00 
1.037616e+16 0.000000e+00 1.000000e+01 1.878169e+04 6.479512e-12 2.898628e+15 0.000000e+00 -1.032517e+04 0.000000e+00 0.000000e+00 -1.032517e+04 0.000000e+00 0.000000e+00 
1.096305e+16 0.000000e+00 1.000000e+01 1.878169e+04 5.966235e-12 3.147997e+15 0.000000e+00 -1.090917e+04 0.000000e+00 0.000000e+00 -1.090917e+04 0.000000e+00 0.000000e+00 
1.158313e+16 0.000000e+00 1.000000e+01 1.878169e+04 5.493618e-12 3.418820e+15 0.000000e+00 -1.152621e+04 0.000000e+00 0.000000e+00 -1.152621e+04 0.000000e+00 0.000000e+00 
1.223829e+16 0.000000e+00 1.000000e+01 1.878169e+04 5.058439e-12 3.712942e+15 0.000000e+00 -1.217814e+04 0.000000e+00 0.000000e+00 -1.217814e+04 0.000000e+00 0.000000e+00 
1.293050e+16 0.000000e+00 1.000000e+01 1.878169e+04 4.657733e-12 4.032368e+15 0.000000e+00 -1.286695e+04 0.000000e+00 0.000000e+00 -1.286695e+04 0.000000e+00 0.000000e+00 
1.366186e+16 0.000000e+00 1.000000e+01 1.878169e+04 4.288770e-12 4.379273e+15 0.000000e+00 -1.359472e+04 0.000000e+00 0.000000e+00 -1.359472e+04 0.000000e+00 0.000000e+00 
1.443459e+16 0.000000e+00 1.000000e+01 1.878169e+04 3.949033e-12 4.756023e+15 0.000000e+00 -1.436365e+04 0.000000e+00 0.000000e+00 -1.436365e+04 0.000000e+00 0.000000e+00 
1.525103e+16 0.000000e+00 1.000000e+01 1.878169e+04 3.636209e-12 5.165185e+15 0.000000e+00 -1.517608e+04 0.000000e+00 0.000000e+00 -1.517608e+04 0.000000e+00 0.000000e+00 
1.611364e+16 0.000000e+00 1.000000e+01 1.878169e+04 3.348166e-12 5.609547e+15 0.000000e+00 -1.603445e+04 0.000000e+00 0.000000e+00 -1.603445e+04 0.000000e+00 0.000000e+00 
1.702505e+16 0.000000e+00 1.000000e+01 1.878169e+04 3.082940e-12 6.092138e+15 0.000000e+00 -1.694138e+04 0.000000e+00 0.000000e+00 -1.694138e+04 0.000000e+00 0.000000e+00 
1.798800e+16 0.000000e+00 1.000000e+01 1.878169e+04 2.838724e-12 6.616246e+15 0.000000e+00 -1.789960e+04 0.000000e+00 0.000000e+00 -1.789960e+04 0.000000e+00 0.000000e+00 
1.900542e+16 0.000000e+00 1.000000e+01 1.878169e+04 2.613853e-12 7.185443e+15 0.000000e+00 -1.891202e+04 0.000000e+00 0.000000e+00 -1.891202e+04 0.000000e+00 0.000000e+00 
2.008039e+16 0.000000e+00 1.000000e+01 1.878169e+04 2.406796e-12 7.803608e+15 0.000000e+00 -1.998171e+04 0.000000e+00 0.000000e+00 -1.998171e+04 0.000000e+00 0.000000e+00 
2.121616e+16 0.000000e+00 1.000000e+01 1.878169e+04 2.216141e-12 8.474954e+15 0.000000e+00 -2.111189e+04 0.000000e+00 0.000000e+00 -2.111189e+04 0.000000e+00 0.000000e+00 
2.241617e+16 0.000000e+00 1.000000e+01 1.878169e+04 2.040589e-12 9.204057e+15 0.000000e+00 -2.230601e+04 0.000000e+00 0.000000e+00 -2.230601e+04 0.000000e+00 0.000000e+00 
2.368405e+16 0.000000e+00 1.000000e+01 1.878169e+04 1.878943e-12 9.995884e+15 0.000000e+00 -2.356766e+04 0.000000e+00 0.000000e+00 -2.356766e+04 0.000000e+00 0.000000e+00 
2.502365e+16 0.000000e+00 1.000000e+01 1.878169e+04 1.730102e-12 1.085583e+16 0.000000e+00 -2.490067e+04 0.000000e+00 0.000000e+00 -2.490067e+04 0.000000e+00 0.000000e+00 
2.643901e+16 0.000000e+00 1.000000e+01 1.878169e+04 1.593051e-12 1.178976e+16 0.000000e+00 -2.630908e+04 0.000000e+00 0.000000e+00 -2.630908e+04 0.000000e+00 0.000000e+00 
2.793443e+16 0.000000e+00 1.000000e+01 1.878169e+04 1.466857e-12 1.280404e+16 0.000000e+00 -2.779715e+04 0.000000e+00 0.000000e+00 -2.779715e+04 0.000000e+00 0.000000e+00 
2.951443e+16 0.000000e+00 1.000000e+01 1.878169e+04 1.350660e-12 1.390557e+16 0.000000e+00 -2.936939e+04 0.000000e+00 0.000000e+00 -2.936939e+04 0.000000e+00 0.000000e+00 
3.118380e+16 0.000000e+00 1.000000e+01 1.878169e+04 1.243667e-12 1.510187e+16 0.000000e+00 -3.103055e+04 0.000000e+00 0.000000e+00 -3.103055e+04 0.000000e+00 0.000000e+00 
3.294759e+16 0.000000e+00 1.000000e+01 1.878169e+04 1.145149e-12 1.640109e+16 0.000000e+00 -3.278567e+04 0.000000e+00 0.000000e+00 -3.278567e+04 0.000000e+00 0.000000e+00 
3.481114e+16 0.000000e+00 1.000000e+01 1.878169e+04 1.054436e-12 1.781208e+16 0.000000e+00 -3.464007e+04 0.000000e+00 0.000000e+00 -3.464007e+04 0.000000e+00 0.000000e+00 
3.678010e+16 0.000000e+00 1.000000e+01 1.878169e+04 9.709083e-13 1.934446e+16 0.000000e+00 -3.659935e+04 0.000000e+00 0.000000e+00 -3.659935e+04 0.000000e+00 0.000000e+00 
3.886042e+16 0.000000e+00 1.000000e+01 1.878169e+04 8.939975e-13 2.100866e+16 0.000000e+00 -3.866944e+04 0.000000e+00 0.000000e+00 -3.866944e+04 0.000000e+00 0.000000e+00 
4.105841e+16 0.000000e+00 1.000000e+01 1.878169e+04 8.231792e-13 2.281604e+16 0.000000e+00 -4.085663e+04 0.000000e+00 0.000000e+00 -4.085663e+04 0.000000e+00 0.000000e+00 
4.338072e+16 0.000000e+00 1.000000e+01 1.878169e+04 7.579708e-13 2.477891e+16 0.000000e+00 -4.316753e+04 0.000000e+00 0.000000e+00 -4.316753e+04 0.000000e+00 0.000000e+00 
4.583438e+16 0.000000e+00 1.000000e+01 1.878169e+04 6.979279e-13 2.691065e+16 0.000000e+00 -4.560913e+04 0.000000e+00 0.000000e+00 -4.560913e+04 0.000000e+00 0.000000e+00 
4.842682e+16 0.000000e+00 1.000000e+01 1.878169e+04 6.426413e-13 2.922578e+16 0.000000e+00 -4.818883e+04 0.000000e+00 0.000000e+00 -4.818883e+04 0.000000e+00 0.000000e+00 
5.116590e+16 0.000000e+00 1.000000e+01 1.878169e+04 5.917343e-13 3.174008e+16 0.000000e+00 -5.091444e+04 0.000000e+00 0.000000e+00 -5.091444e+04 0.000000e+00 0.000000e+00 
5.405989e+16 0.000000e+00 1.000000e+01 1.878169e+04 5.448598e-13 3.447069e+16 0.000000e+00 -5.379422e+04 0.000000e+00 0.000000e+00 -5.379422e+04 0.000000e+00 0.000000e+00 
5.711758e+16 0.000000e+00 1.000000e+01 1.878169e+04 5.016986e-13 3.743621e+16 0.000000e+00 -5.683688e+04 0.000000e+00 0.000000e+00 -5.683688e+04 0.000000e+00 0.000000e+00 
6.034821e+16 0.000000e+00 1.000000e+01 1.878169e+04 4.619564e-13 4.065685e+16 0.000000e+00 -6.005163e+04 0.000000e+00 0.000000e+00 -6.005163e+04 0.000000e+00 0.000000e+00 
6.376157e+16 0.000000e+00 1.000000e+01 1.878169e+04 4.253624e-13 4.415457e+16 0.000000e+00 -6.344822e+04 0.000000e+00 0.000000e+00 -6.344822e+04 0.000000e+00 0.000000e+00 
6.736800e+16 0.000000e+00 1.000000e+01 1.878169e+04 3.916671e-13 4.795320e+16 0.000000e+00 -6.703692e+04 0.000000e+00 0.000000e+00 -6.703692e+04 0.000000e+00 0.000000e+00 
7.117840e+16 0.000000e+00 1.000000e+01 1.878169e+04 3.606411e-13 5.207863e+16 0.000000e+00 -7.082860e+04 0.000000e+00 0.000000e+00 -7.082860e+04 0.000000e+00 0.000000e+00 
7.520433e+16 0.000000e+00 1.000000e+01 1.878169e+04 3.320728e-13 5.655896e+16 0.000000e+00 -7.483474e+04 0.000000e+00 0.000000e+00 -7.483474e+04 0.000000e+00 0.000000e+00 
7.945797e+16 0.000000e+00 1.000000e+01 1.878169e+04 3.057675e-13 6.142475e+16 0.000000e+00 -7.906748e+04 0.000000e+00 0.000000e+00 -7.906748e+04 0.000000e+00 0.000000e+00 
8.395220e+16 0.000000e+00 1.000000e+01 1.878169e+04 2.815461e-13 6.670913e+16 0.000000e+00 -8.353962e+04 0.000000e+00 0.000000e+00 -8.353962e+04 0.000000e+00 0.000000e+00 
8.870063e+16 0.000000e+00 1.000000e+01 1.878169e+04 2.592433e-13 7.244813e+16 0.000000e+00 -8.826471e+04 0.000000e+00 0.000000e+00 -8.826471e+04 0.000000e+00 0.000000e+00 
9.371763e+16 0.000000e+00 1.000000e+01 1.878169e+04 2.387073e-13 7.868086e+16 0.000000e+00 -9.325706e+04 0.000000e+00 0.000000e+00 -9.325706e+04 0.000000e+00 0.000000e+00 
9.901840e+16 0.000000e+00 1.000000e+01 1.878169e+04 2.197980e-13 8.544980e+16 0.000000e+00 -9.853178e+04 0.000000e+00 0.000000e+00 -9.853178e+04 0.000000e+00 0.000000e+00 
1.046190e+17 0.000000e+00 1.000000e+01 1.878169e+04 2.023866e-13 9.280106e+16 0.000000e+00 -1.041048e+05 0.000000e+00 0.000000e+00 -1.041048e+05 0.000000e+00 0.000000e+00 
1.105364e+17 0.000000e+00 1.000000e+01 1.878169e+04 1.863545e-13 1.007848e+17 0.000000e+00 -1.099931e+05 0.000000e+00 0.000000e+00 -1.099931e+05 0.000000e+00 0.000000e+00 
1.167884e+17 0.000000e+00 1.000000e+01 1.878169e+04 1.715924e-13 1.094553e+17 0.000000e+00 -1.162145e+05 0.000000e+00 0.000000e+00 -1.162145e+05 0.000000e+00 0.000000e+00 
1.233941e+17 0.000000e+00 1.000000e+01 1.878169e+04 1.579996e-13 1.188718e+17 0.000000e+00 -1.227877e+05 0.000000e+00 0.000000e+00 -1.227877e+05 0.000000e+00 0.000000e+00 
1.303734e+17 0.000000e+00 1.000000e+01 1.878169e+04 1.454836e-13 1.290983e+17 0.000000e+00 -1.297327e+05 0.000000e+00 0.000000e+00 -1.297327e+05 0.000000e+00 0.000000e+00 
1.377475e+17 0.000000e+00 1.000000e+01 1.878169e+04 1.339591e-13 1.402047e+17 0.000000e+00 -1.370705e+05 0.000000e+00 0.000000e+00 -1.370705e+05 0.000000e+00 0.000000e+00 
1.455386e+17 0.000000e+00 1.000000e+01 1.878169e+04 1.233475e-13 1.522665e+17 0.000000e+00 -1.448234e+05 0.000000e+00 0.000000e+00 -1.448234e+05 0.000000e+00 0.000000e+00 
