time(s)          = 2.429883e+13
time(solar year) = 7.700000e+05
star mass (g)    = 2.300187e+33
star mass (Msun) = 1.156803e+00
total mass (g)   = 2.410115e+33
mdot (g/s)       = 1.231752e+06
mdot (Msun/yr)   = 1.954854e-20
1.542620e+13 5.502511e-10 1.480393e+02 7.226421e+04 2.044980e-07 3.533737e+11 3.000000e-04 -2.144792e+01 -2.144792e+01 -6.297452e+03 3.466334e-15 1.220515e-315 1.225785e+03 
1.640308e+13 1.182885e-09 1.441944e+02 7.131961e+04 1.865044e-07 3.824018e+11 3.000000e-04 -1.649044e+01 -1.649044e+01 -1.007047e+04 1.554226e-14 1.856819e-315 1.977826e+03 
1.744183e+13 2.635420e-09 1.404494e+02 7.038736e+04 1.700940e-07 4.138144e+11 3.000000e-04 -1.558775e+01 -1.558775e+01 -9.491511e+03 4.517442e-14 2.877673e-315 1.864074e+03 
1.854637e+13 5.549924e-09 1.368016e+02 6.946729e+04 1.551276e-07 4.478075e+11 3.000000e-04 -1.516893e+01 -1.516893e+01 -9.135817e+03 1.153480e-13 3.943115e-315 1.794054e+03 
1.972084e+13 1.150674e-08 1.332486e+02 6.855925e+04 1.414780e-07 4.845929e+11 3.000000e-04 -1.493319e+01 -1.493319e+01 -8.951139e+03 2.764362e-13 5.412343e-315 1.757717e+03 
2.096970e+13 2.354379e-08 1.297879e+02 6.766309e+04 1.290295e-07 5.244001e+11 3.000000e-04 -1.473731e+01 -1.473731e+01 -8.796061e+03 6.404170e-13 6.656357e-315 1.727203e+03 
2.229764e+13 4.762052e-08 1.264170e+02 6.677863e+04 1.176763e-07 5.674773e+11 3.000000e-04 -1.455360e+01 -1.455360e+01 -8.651031e+03 1.452241e-12 8.056961e-315 1.698666e+03 
2.370967e+13 9.524666e-08 1.231337e+02 6.590574e+04 1.073221e-07 6.140930e+11 3.000000e-04 -1.437350e+01 -1.437350e+01 -8.508565e+03 3.241837e-12 9.527231e-315 1.670633e+03 
2.521112e+13 1.884091e-07 1.199357e+02 6.504426e+04 9.787890e-08 6.645381e+11 3.000000e-04 -1.419482e+01 -1.419482e+01 -8.366930e+03 7.142600e-12 1.134481e-314 1.642763e+03 
2.680766e+13 3.686166e-07 1.168207e+02 6.419403e+04 8.926661e-08 7.191270e+11 3.000000e-04 -1.401686e+01 -1.401686e+01 -8.225543e+03 1.555139e-11 1.293379e-314 1.614942e+03 
2.850529e+13 7.133191e-07 1.137866e+02 6.335492e+04 8.141212e-08 7.782002e+11 3.000000e-04 -1.383931e+01 -1.383931e+01 -8.084180e+03 3.348013e-11 1.467485e-314 1.587125e+03 
3.031043e+13 1.365335e-06 1.108314e+02 6.252678e+04 7.424873e-08 8.421259e+11 3.000000e-04 -1.366202e+01 -1.366202e+01 -7.942700e+03 7.129160e-11 1.691528e-314 1.559285e+03 
3.222989e+13 2.584930e-06 1.079529e+02 6.170947e+04 6.771565e-08 9.113029e+11 3.000000e-04 -1.348480e+01 -1.348480e+01 -7.800982e+03 1.501721e-10 1.929736e-314 1.531398e+03 
3.427090e+13 4.840805e-06 1.051491e+02 6.090284e+04 6.175741e-08 9.861624e+11 3.000000e-04 -1.330752e+01 -1.330752e+01 -7.658908e+03 3.129508e-10 2.144096e-314 1.503440e+03 
3.644116e+13 8.967014e-06 1.024182e+02 6.010675e+04 5.632343e-08 1.067171e+12 3.000000e-04 -1.313000e+01 -1.313000e+01 -7.516352e+03 6.452377e-10 2.413013e-314 1.475387e+03 
3.874885e+13 1.643005e-05 9.975815e+01 5.932107e+04 5.136757e-08 1.154835e+12 3.000000e-04 -1.295208e+01 -1.295208e+01 -7.373184e+03 1.316231e-09 2.665575e-314 1.447213e+03 
4.120268e+13 2.977739e-05 9.716723e+01 5.854565e+04 4.684778e-08 1.249700e+12 3.000000e-04 -1.277357e+01 -1.277357e+01 -7.229264e+03 2.656560e-09 2.976611e-314 1.418890e+03 
4.381191e+13 5.338070e-05 9.464360e+01 5.778038e+04 4.272569e-08 1.352357e+12 3.000000e-04 -1.259428e+01 -1.259428e+01 -7.084445e+03 5.304990e-09 3.294586e-314 1.390391e+03 
4.658637e+13 9.465004e-05 9.218552e+01 5.702510e+04 3.896629e-08 1.463447e+12 3.000000e-04 -1.241401e+01 -1.241401e+01 -6.938570e+03 1.048155e-08 3.652356e-314 1.361683e+03 
4.953652e+13 1.659899e-04 8.979127e+01 5.627970e+04 3.553768e-08 1.583663e+12 3.000000e-04 -1.223255e+01 -1.223255e+01 -6.791475e+03 2.048980e-08 4.045969e-314 1.332735e+03 
5.267350e+13 2.879044e-04 8.745921e+01 5.554405e+04 3.241075e-08 1.713754e+12 3.000000e-04 -1.204968e+01 -1.204968e+01 -6.642986e+03 3.962902e-08 4.451058e-314 1.303512e+03 
5.600913e+13 4.938528e-04 8.518772e+01 5.481801e+04 2.955895e-08 1.854531e+12 3.000000e-04 -1.186515e+01 -1.186515e+01 -6.492918e+03 7.582995e-08 4.931607e-314 1.273979e+03 
5.955600e+13 8.377258e-04 8.297522e+01 5.410146e+04 2.695809e-08 2.006873e+12 3.000000e-04 -1.167874e+01 -1.167874e+01 -6.341077e+03 1.435506e-07 5.432207e-314 1.244096e+03 
6.332747e+13 1.405170e-03 8.082018e+01 5.339427e+04 2.458607e-08 2.171729e+12 3.000000e-04 -1.149017e+01 -1.149017e+01 -6.187259e+03 2.688359e-07 6.010190e-314 1.213823e+03 
6.733779e+13 2.330459e-03 7.872112e+01 5.269633e+04 2.242276e-08 2.350127e+12 3.000000e-04 -1.129919e+01 -1.129919e+01 -6.031251e+03 4.980410e-07 6.605101e-314 1.183120e+03 
7.160206e+13 3.821169e-03 7.667657e+01 5.200751e+04 2.044980e-08 2.543180e+12 3.000000e-04 -1.110550e+01 -1.110550e+01 -5.872829e+03 9.126663e-07 7.294315e-314 1.151941e+03 
7.613637e+13 6.193629e-03 7.468513e+01 5.132770e+04 1.865044e-08 2.752091e+12 3.000000e-04 -1.090884e+01 -1.090884e+01 -5.711761e+03 1.654236e-06 8.055788e-314 1.120241e+03 
8.095782e+13 9.922796e-03 7.274540e+01 5.065677e+04 1.700940e-08 2.978163e+12 3.000000e-04 -1.070889e+01 -1.070889e+01 -5.547803e+03 2.965424e-06 8.901702e-314 1.087972e+03 
8.608461e+13 1.571096e-02 7.085606e+01 4.999462e+04 1.551276e-08 3.222806e+12 3.000000e-04 -1.050535e+01 -1.050535e+01 -5.380709e+03 5.257036e-06 9.836914e-314 1.055086e+03 
9.153605e+13 2.458017e-02 6.901578e+01 4.934111e+04 1.414781e-08 3.487545e+12 3.000000e-04 -1.029791e+01 -1.029791e+01 -5.210218e+03 9.215449e-06 1.090205e-313 1.021530e+03 
9.733271e+13 3.799336e-02 6.722330e+01 4.869615e+04 1.290295e-08 3.774032e+12 3.000000e-04 -1.008625e+01 -1.008627e+01 -5.036071e+03 1.597224e-05 1.206692e-313 9.872554e+02 
1.034965e+14 5.800860e-02 6.547737e+01 4.805962e+04 1.176763e-08 4.084052e+12 3.000000e-04 -9.870060e+00 -9.870087e+00 -4.858002e+03 2.736764e-05 1.336813e-313 9.522082e+02 
1.100505e+14 8.746888e-02 6.377679e+01 4.743142e+04 1.073221e-08 4.419539e+12 3.000000e-04 -9.649011e+00 -9.649057e+00 -4.675737e+03 4.635265e-05 1.486021e-313 9.163349e+02 
1.170197e+14 1.302265e-01 6.212038e+01 4.681142e+04 9.787892e-09 4.782584e+12 3.000000e-04 -9.422874e+00 -9.422951e+00 -4.489067e+03 7.759216e-05 1.654131e-313 8.795946e+02 
1.244301e+14 1.913965e-01 6.050699e+01 4.619953e+04 8.926666e-09 5.175452e+12 3.000000e-04 -9.191117e+00 -9.191246e+00 -4.297590e+03 1.283523e-04 1.847227e-313 8.419077e+02 
1.323098e+14 2.776186e-01 5.893550e+01 4.559563e+04 8.141219e-09 5.600591e+12 3.000000e-04 -8.954303e+00 -8.954512e+00 -4.101601e+03 2.097804e-04 2.069004e-313 8.033324e+02 
1.406886e+14 3.973347e-01 5.740483e+01 4.499963e+04 7.424883e-09 6.060651e+12 3.000000e-04 -8.710127e+00 -8.710465e+00 -3.899611e+03 3.387154e-04 1.548528e-282 7.635761e+02 
1.495979e+14 5.609130e-01 5.591391e+01 4.441142e+04 6.771580e-09 6.558502e+12 3.000000e-04 -8.464068e+00 -8.464608e+00 -3.694977e+03 5.401789e-04 1.372895e-232 7.232982e+02 
1.590714e+14 7.810841e-01 5.446171e+01 4.383090e+04 6.175763e-09 7.097245e+12 3.000000e-04 -8.202964e+00 -8.203815e+00 -3.479652e+03 8.507837e-04 4.333878e-188 6.809180e+02 
1.691449e+14 1.071823e+00 5.304723e+01 4.325797e+04 5.632374e-09 7.680236e+12 3.000000e-04 -7.956380e+00 -7.957703e+00 -3.271469e+03 1.323055e-03 1.303528e-148 6.399374e+02 
1.798562e+14 1.451536e+00 5.166948e+01 4.269252e+04 5.136803e-09 8.311107e+12 3.000000e-04 -7.662342e+00 -7.664373e+00 -3.033664e+03 2.031529e-03 7.964856e-114 5.931383e+02 
1.912459e+14 1.932416e+00 5.032752e+01 4.213447e+04 4.684843e-09 8.993784e+12 3.000000e-04 -7.432713e+00 -7.435792e+00 -2.830510e+03 3.078612e-03 3.348792e-83 5.531369e+02 
2.033569e+14 2.545354e+00 4.902041e+01 4.158371e+04 4.272660e-09 9.732512e+12 3.000000e-04 -7.083256e+00 -7.087862e+00 -2.559764e+03 4.605989e-03 8.494315e-57 4.998694e+02 
2.162348e+14 3.279074e+00 4.774725e+01 4.104015e+04 3.896754e-09 1.053188e+13 3.000000e-04 -6.787005e+00 -6.793803e+00 -2.298462e+03 6.797638e-03 1.925012e-33 4.484194e+02 
2.299282e+14 4.171199e+00 4.650716e+01 4.050370e+04 3.553938e-09 1.139685e+13 3.000000e-04 -6.675277e+00 -6.685169e+00 -2.184599e+03 9.892531e-03 3.443081e-14 4.259822e+02 
2.444887e+14 5.286553e+00 4.529928e+01 3.997425e+04 3.241303e-09 1.233277e+13 3.000000e-04 -5.389479e+00 -5.357221e+00 -1.261124e+03 1.422731e-02 1.004941e-03 2.443424e+02 
2.599714e+14 6.051079e+00 4.412276e+01 3.945173e+04 2.956193e-09 1.334545e+13 3.000000e-04 -8.218169e+00 -4.234293e+00 -2.287700e+02 1.999833e-02 7.520248e-01 3.219157e+01 
2.764344e+14 6.711485e+00 4.297680e+01 3.893604e+04 2.696184e-09 1.444116e+13 3.000000e-04 -7.401009e+00 -4.216407e+00 -1.198701e+02 2.727358e-02 1.940557e+00 1.110974e+01 
2.939401e+14 7.576316e+00 4.186061e+01 3.842709e+04 2.459070e-09 1.562668e+13 3.000000e-04 -8.898278e+00 -4.215650e+00 -1.558698e+02 3.637643e-02 2.460882e+00 1.452290e+01 
3.125543e+14 8.441043e+00 4.077340e+01 3.792479e+04 2.242837e-09 1.690929e+13 3.000000e-04 -7.937356e+00 -4.245439e+00 -1.286014e+02 4.774348e-02 2.794288e+00 1.130128e+01 
3.323473e+14 9.494750e+00 3.971444e+01 3.742906e+04 2.045653e-09 1.829688e+13 3.000000e-04 -8.415700e+00 -4.251324e+00 -1.473832e+02 6.189284e-02 2.827878e+00 1.418710e+01 
3.533937e+14 1.060252e+01 3.868297e+01 3.693981e+04 1.865843e-09 1.979792e+13 3.000000e-04 -7.354457e+00 -4.263634e+00 -1.241925e+02 7.947625e-02 2.736813e+00 1.229035e+01 
3.757729e+14 1.189065e+01 3.767830e+01 3.645695e+04 1.701883e-09 2.142154e+13 3.000000e-04 -7.125369e+00 -4.274253e+00 -1.320656e+02 1.012706e-01 2.378211e+00 1.476243e+01 
3.995693e+14 1.328947e+01 3.669971e+01 3.598041e+04 1.552383e-09 2.317753e+13 3.000000e-04 -5.905452e+00 -4.266249e+00 -1.058589e+02 1.282453e-01 1.876797e+00 1.253669e+01 
4.248727e+14 1.485561e+01 3.574655e+01 3.551009e+04 1.416075e-09 2.507642e+13 3.000000e-04 -5.311038e+00 -4.317667e+00 -1.304802e+02 1.615482e-01 8.965702e-01 1.911921e+01 
4.517784e+14 1.664848e+01 3.481814e+01 3.504592e+04 1.291805e-09 2.712943e+13 3.000000e-04 -3.737259e+00 -3.939916e+00 1.303853e+02 2.026568e-01 0.000000e+00 -2.951477e+01 
4.803880e+14 1.804461e+01 3.391384e+01 3.458782e+04 1.178513e-09 2.934870e+13 3.000000e-04 -3.151945e+00 -3.404667e+00 6.014607e+02 2.527216e-01 0.000000e+00 -1.222060e+02 
5.108093e+14 1.913338e+01 3.303303e+01 3.413571e+04 1.075228e-09 3.174741e+13 3.000000e-04 -2.718214e+00 -3.030616e+00 9.319125e+02 3.124016e-01 0.000000e+00 -1.872005e+02 
5.431571e+14 1.996048e+01 3.217509e+01 3.368951e+04 9.810656e-10 3.433971e+13 3.000000e-04 -2.363756e+00 -2.746202e+00 1.185576e+03 3.824468e-01 0.000000e+00 -2.370668e+02 
5.775534e+14 2.056142e+01 3.133944e+01 3.324914e+04 8.952187e-10 3.714080e+13 3.000000e-04 -2.044477e+00 -2.508139e+00 1.397307e+03 4.636622e-01 0.000000e+00 -2.786631e+02 
6.141279e+14 2.094276e+01 3.052549e+01 3.281452e+04 8.169516e-10 4.016703e+13 3.000000e-04 -1.733529e+00 -2.290395e+00 1.591335e+03 5.568661e-01 0.000000e+00 -3.167599e+02 
6.530185e+14 2.110911e+01 2.973268e+01 3.238559e+04 7.455932e-10 4.343601e+13 3.000000e-04 -1.424751e+00 -2.087588e+00 1.772889e+03 6.628367e-01 0.000000e+00 -3.523865e+02 
6.943719e+14 2.107156e+01 2.896047e+01 3.196226e+04 6.805310e-10 4.696666e+13 3.000000e-04 -1.110068e+00 -1.892367e+00 1.947020e+03 7.822988e-01 0.000000e+00 -3.865349e+02 
7.383441e+14 2.083449e+01 2.820830e+01 3.154447e+04 6.212061e-10 5.077939e+13 3.000000e-04 -7.863061e-01 -1.702206e+00 2.117370e+03 9.158995e-01 0.000000e+00 -4.199234e+02 
7.851009e+14 2.041350e+01 2.747568e+01 3.113214e+04 5.671089e-10 5.489623e+13 3.000000e-04 -4.432676e-01 -1.507460e+00 2.289589e+03 1.064193e+00 0.000000e+00 -4.536601e+02 
8.348187e+14 1.980689e+01 2.676208e+01 3.072520e+04 5.177739e-10 5.934095e+13 3.000000e-04 -7.640519e-02 -1.304004e+00 2.470126e+03 1.227599e+00 0.000000e+00 -4.890177e+02 
8.876849e+14 1.903015e+01 2.606701e+01 3.032357e+04 4.727767e-10 6.413932e+13 3.000000e-04 3.284599e-01 -1.077913e+00 2.666682e+03 1.406372e+00 0.000000e+00 -5.275065e+02 
9.438989e+14 1.807183e+01 2.539000e+01 2.992720e+04 4.317295e-10 6.931934e+13 3.000000e-04 7.954558e-01 -8.050774e-01 2.901797e+03 1.600533e+00 0.000000e+00 -5.735648e+02 
1.003673e+15 1.692140e+01 2.473057e+01 2.953601e+04 3.942779e-10 7.491165e+13 3.000000e-04 1.349625e+00 -4.601131e-01 3.195367e+03 1.809738e+00 0.000000e+00 -6.311071e+02 
1.067232e+15 1.555700e+01 2.408827e+01 2.914993e+04 3.600976e-10 8.095007e+13 3.000000e-04 2.024307e+00 -8.845126e-03 3.577621e+03 2.033152e+00 0.000000e+00 -7.060849e+02 
1.134816e+15 1.396326e+01 2.346265e+01 2.876890e+04 3.288917e-10 8.747225e+13 3.000000e-04 2.846202e+00 5.768870e-01 4.074653e+03 2.269315e+00 0.000000e+00 -8.036406e+02 
1.206680e+15 1.215122e+01 2.285327e+01 2.839285e+04 3.003885e-10 9.452041e+13 3.000000e-04 3.840243e+00 1.324115e+00 4.711504e+03 2.516127e+00 0.000000e+00 -9.287119e+02 
1.283095e+15 1.016736e+01 2.225973e+01 2.802171e+04 2.743406e-10 1.021421e+14 3.000000e-04 5.009085e+00 2.238084e+00 5.500519e+03 2.771001e+00 0.000000e+00 -1.083749e+03 
1.364349e+15 8.121638e+00 2.168160e+01 2.765543e+04 2.505243e-10 1.103902e+14 3.000000e-04 6.330133e+00 3.298840e+00 6.427922e+03 3.031293e+00 0.000000e+00 -1.266057e+03 
1.450749e+15 6.156337e+00 2.111848e+01 2.729393e+04 2.287400e-10 1.193230e+14 3.000000e-04 7.776740e+00 4.481804e+00 7.476866e+03 3.294936e+00 0.000000e+00 -1.472337e+03 
1.542620e+15 4.410644e+00 2.056999e+01 2.693716e+04 2.088105e-10 1.290029e+14 3.000000e-04 9.319064e+00 5.758076e+00 8.623446e+03 3.560989e+00 0.000000e+00 -1.697886e+03 
1.640308e+15 2.979285e+00 2.003575e+01 2.658505e+04 1.905793e-10 1.394960e+14 3.000000e-04 1.093571e+01 7.105819e+00 9.849223e+03 3.829891e+00 0.000000e+00 -1.939071e+03 
1.744183e+15 1.895234e+00 1.951538e+01 2.623755e+04 1.739066e-10 1.508715e+14 3.000000e-04 1.261127e+01 8.507919e+00 1.113864e+04 4.103349e+00 0.000000e+00 -2.192816e+03 
1.854637e+15 1.135187e+00 1.900852e+01 2.589458e+04 1.586663e-10 1.632015e+14 3.000000e-04 1.433717e+01 9.953223e+00 1.248106e+04 4.383949e+00 0.000000e+00 -2.457009e+03 
1.972084e+15 6.404983e-01 1.851483e+01 2.555610e+04 1.447425e-10 1.765626e+14 3.000000e-04 1.610931e+01 1.143463e+01 1.386921e+04 4.674675e+00 0.000000e+00 -2.730206e+03 
2.096970e+15 3.407054e-01 1.803397e+01 2.522205e+04 1.320278e-10 1.910359e+14 3.000000e-04 1.792685e+01 1.294835e+01 1.529883e+04 4.978501e+00 0.000000e+00 -3.011555e+03 
2.229764e+15 1.710467e-01 1.756559e+01 2.489236e+04 1.204221e-10 2.067092e+14 3.000000e-04 1.979098e+01 1.449284e+01 1.676781e+04 5.298140e+00 0.000000e+00 -3.300637e+03 
2.370967e+15 8.114048e-02 1.710937e+01 2.456698e+04 1.098321e-10 2.236777e+14 3.000000e-04 2.170414e+01 1.606818e+01 1.827565e+04 5.635961e+00 0.000000e+00 -3.597352e+03 
2.521112e+15 3.641469e-02 1.666501e+01 2.424586e+04 1.001708e-10 2.420452e+14 3.000000e-04 2.366956e+01 1.767554e+01 1.982296e+04 5.994017e+00 0.000000e+00 -3.901820e+03 
2.680766e+15 1.547950e-02 1.623218e+01 2.392893e+04 9.135809e-11 2.619246e+14 3.000000e-04 2.569090e+01 1.931676e+01 2.141108e+04 6.374139e+00 0.000000e+00 -4.214307e+03 
2.850529e+15 6.240063e-03 1.581060e+01 2.361614e+04 8.332011e-11 2.834387e+14 3.000000e-04 2.777215e+01 2.099412e+01 2.304184e+04 6.778032e+00 0.000000e+00 -4.535170e+03 
3.031043e+15 2.388150e-03 1.539997e+01 2.330744e+04 7.598907e-11 3.067210e+14 3.000000e-04 2.991752e+01 2.271015e+01 2.471732e+04 7.207363e+00 0.000000e+00 -4.864823e+03 
3.222989e+15 8.686419e-04 1.500000e+01 2.300278e+04 6.930294e-11 3.319164e+14 3.000000e-04 3.213133e+01 2.446751e+01 2.643977e+04 7.663820e+00 0.000000e+00 -5.203709e+03 
3.427090e+15 3.005854e-04 1.461042e+01 2.270210e+04 6.320506e-11 3.591817e+14 3.000000e-04 3.441805e+01 2.626889e+01 2.821156e+04 8.149159e+00 0.000000e+00 -5.552289e+03 
3.644116e+15 9.905143e-05 1.423096e+01 2.240535e+04 5.764371e-11 3.886869e+14 3.000000e-04 3.678226e+01 2.811704e+01 3.003508e+04 8.665223e+00 0.000000e+00 -5.911037e+03 
3.874885e+15 3.111101e-05 1.386135e+01 2.211248e+04 5.257169e-11 4.206158e+14 3.000000e-04 3.922864e+01 3.001468e+01 3.191279e+04 9.213963e+00 0.000000e+00 -6.280432e+03 
4.120268e+15 9.321825e-06 1.350134e+01 2.182344e+04 4.794596e-11 4.551675e+14 3.000000e-04 4.176198e+01 3.196452e+01 3.384713e+04 9.797453e+00 0.000000e+00 -6.660956e+03 
4.381191e+15 2.666702e-06 1.315069e+01 2.153818e+04 4.372723e-11 4.925575e+14 3.000000e-04 4.438716e+01 3.396927e+01 3.584058e+04 1.041789e+01 0.000000e+00 -7.053094e+03 
4.658637e+15 7.289016e-07 1.280914e+01 2.125664e+04 3.987971e-11 5.330190e+14 3.000000e-04 4.710923e+01 3.603161e+01 3.789564e+04 1.107762e+01 0.000000e+00 -7.457334e+03 
4.953652e+15 1.905027e-07 1.247646e+01 2.097879e+04 3.637073e-11 5.768042e+14 3.000000e-04 4.993333e+01 3.815420e+01 4.001479e+04 1.177913e+01 0.000000e+00 -7.874166e+03 
5.267350e+15 4.764000e-08 1.215242e+01 2.070456e+04 3.317050e-11 6.241861e+14 3.000000e-04 5.286477e+01 4.033971e+01 4.220056e+04 1.252506e+01 0.000000e+00 -8.304081e+03 
5.600913e+15 1.140689e-08 1.183679e+01 2.043393e+04 3.025185e-11 6.754603e+14 3.000000e-04 5.590901e+01 4.259078e+01 4.445546e+04 1.331823e+01 0.000000e+00 -8.747574e+03 
5.955600e+15 2.616735e-09 1.152937e+01 2.016682e+04 2.759002e-11 7.309464e+14 3.000000e-04 5.907170e+01 4.491007e+01 4.678203e+04 1.416163e+01 0.000000e+00 -9.205141e+03 
6.332747e+15 5.754526e-10 1.122993e+01 1.990321e+04 2.516240e-11 7.909905e+14 3.000000e-04 6.235865e+01 4.730022e+01 4.918281e+04 1.505844e+01 0.000000e+00 -9.677280e+03 
6.733779e+15 1.213851e-10 1.093826e+01 1.964305e+04 2.294838e-11 8.559669e+14 3.000000e-04 6.577589e+01 4.976386e+01 5.166036e+04 1.601203e+01 0.000000e+00 -1.016449e+04 
7.160206e+15 2.457341e-11 1.065418e+01 1.938629e+04 2.092917e-11 9.262808e+14 3.000000e-04 6.932952e+01 5.230350e+01 5.421714e+04 1.702602e+01 0.000000e+00 -1.066725e+04 
7.613637e+15 4.776953e-12 1.037746e+01 1.913288e+04 1.908763e-11 1.002371e+15 3.000000e-04 7.302493e+01 5.492071e+01 5.685445e+04 1.810422e+01 0.000000e+00 -1.118583e+04 
8.095782e+15 8.920111e-13 1.010794e+01 1.888279e+04 1.740812e-11 1.084711e+15 3.000000e-04 7.684355e+01 5.759286e+01 5.957462e+04 1.925070e+01 0.000000e+00 -1.172068e+04 
8.608461e+15 1.599385e-13 1.000000e+01 1.878169e+04 1.587640e-11 1.182995e+15 3.000000e-04 8.084123e+01 6.037145e+01 6.291285e+04 2.046978e+01 0.000000e+00 -1.237775e+04 
9.153605e+15 2.765338e-14 1.000000e+01 1.878169e+04 1.447945e-11 1.297128e+15 3.000000e-04 8.577287e+01 6.400681e+01 6.701793e+04 2.176606e+01 0.000000e+00 -1.318574e+04 
9.733271e+15 4.645911e-15 1.000000e+01 1.878169e+04 1.320541e-11 1.422272e+15 3.000000e-04 9.121552e+01 6.807109e+01 7.121878e+04 2.314443e+01 0.000000e+00 -1.401219e+04 
1.034965e+16 7.585957e-16 1.000000e+01 1.878169e+04 1.204348e-11 1.559491e+15 3.000000e-04 9.697804e+01 7.236795e+01 7.566035e+04 2.461009e+01 0.000000e+00 -1.488599e+04 
1.100505e+16 1.204402e-16 1.000000e+01 1.878169e+04 1.098378e-11 1.709947e+15 3.000000e-04 1.030573e+02 7.688879e+01 8.033370e+04 2.616856e+01 0.000000e+00 -1.580537e+04 
1.170197e+16 1.860123e-17 1.000000e+01 1.878169e+04 1.001733e-11 1.874920e+15 3.000000e-04 1.094717e+02 8.164595e+01 8.525169e+04 2.782573e+01 0.000000e+00 -1.677286e+04 
1.244301e+16 2.796104e-18 1.000000e+01 1.878169e+04 9.135914e-12 2.055809e+15 3.000000e-04 1.162273e+02 8.663943e+01 9.041460e+04 2.958783e+01 0.000000e+00 -1.778851e+04 
1.323098e+16 4.094167e-19 1.000000e+01 1.878169e+04 8.332052e-12 2.254150e+15 3.000000e-04 1.232980e+02 9.183643e+01 9.579358e+04 3.146153e+01 0.000000e+00 -1.884664e+04 
1.406886e+16 5.876763e-20 1.000000e+01 1.878169e+04 7.598922e-12 2.471626e+15 3.000000e-04 1.327236e+02 9.926970e+01 1.025578e+05 3.345388e+01 0.000000e+00 -2.017674e+04 
1.495979e+16 4.632355e-21 1.000000e+01 1.878169e+04 6.930299e-12 2.710084e+15 0.000000e+00 3.557240e+01 0.000000e+00 0.000000e+00 3.557240e+01 0.000000e+00 0.000000e+00 
1.590714e+16 1.218936e-22 1.000000e+01 1.878169e+04 6.320508e-12 2.971548e+15 0.000000e+00 3.782508e+01 0.000000e+00 0.000000e+00 3.782508e+01 0.000000e+00 0.000000e+00 
1.691449e+16 2.877370e-24 1.000000e+01 1.878169e+04 5.764372e-12 3.258238e+15 0.000000e+00 4.022041e+01 0.000000e+00 0.000000e+00 4.022041e+01 0.000000e+00 0.000000e+00 
1.798562e+16 6.698581e-26 1.000000e+01 1.878169e+04 5.257170e-12 3.572587e+15 0.000000e+00 4.276743e+01 0.000000e+00 0.000000e+00 4.276743e+01 0.000000e+00 0.000000e+00 
1.912459e+16 1.623505e-27 1.000000e+01 1.878169e+04 4.794596e-12 3.917263e+15 0.000000e+00 4.547575e+01 0.000000e+00 0.000000e+00 4.547575e+01 0.000000e+00 0.000000e+00 
2.033569e+16 4.132581e-29 1.000000e+01 1.878169e+04 4.372723e-12 4.295194e+15 0.000000e+00 4.835557e+01 0.000000e+00 0.000000e+00 4.835557e+01 0.000000e+00 0.000000e+00 
2.162348e+16 1.096183e-30 1.000000e+01 1.878169e+04 3.987971e-12 4.709586e+15 0.000000e+00 5.141776e+01 0.000000e+00 0.000000e+00 5.141776e+01 0.000000e+00 0.000000e+00 
2.299282e+16 3.015997e-32 1.000000e+01 1.878169e+04 3.637073e-12 5.163959e+15 0.000000e+00 5.467387e+01 0.000000e+00 0.000000e+00 5.467387e+01 0.000000e+00 0.000000e+00 
2.444887e+16 8.605429e-34 1.000000e+01 1.878169e+04 3.317050e-12 5.662168e+15 0.000000e+00 5.813618e+01 0.000000e+00 0.000000e+00 5.813618e+01 0.000000e+00 0.000000e+00 
2.599714e+16 2.547960e-35 1.000000e+01 1.878169e+04 3.025185e-12 6.208444e+15 0.000000e+00 6.181775e+01 0.000000e+00 0.000000e+00 6.181775e+01 0.000000e+00 0.000000e+00 
2.764344e+16 7.829038e-37 1.000000e+01 1.878169e+04 2.759002e-12 6.807423e+15 0.000000e+00 6.573245e+01 0.000000e+00 0.000000e+00 6.573245e+01 0.000000e+00 0.000000e+00 
2.939401e+16 2.495092e-38 1.000000e+01 1.878169e+04 2.516240e-12 7.464191e+15 0.000000e+00 6.989506e+01 0.000000e+00 0.000000e+00 6.989506e+01 0.000000e+00 0.000000e+00 
3.125543e+16 8.240558e-40 1.000000e+01 1.878169e+04 2.294838e-12 8.184323e+15 0.000000e+00 7.432128e+01 0.000000e+00 0.000000e+00 7.432128e+01 0.000000e+00 0.000000e+00 
3.323473e+16 2.817714e-41 1.000000e+01 1.878169e+04 2.092917e-12 8.973932e+15 0.000000e+00 7.902779e+01 0.000000e+00 0.000000e+00 7.902779e+01 0.000000e+00 0.000000e+00 
3.533937e+16 9.966560e-43 1.000000e+01 1.878169e+04 1.908763e-12 9.839720e+15 0.000000e+00 8.403235e+01 0.000000e+00 0.000000e+00 8.403235e+01 0.000000e+00 0.000000e+00 
3.757729e+16 3.645661e-44 1.000000e+01 1.878169e+04 1.740812e-12 1.078904e+16 0.000000e+00 8.935383e+01 0.000000e+00 0.000000e+00 8.935383e+01 0.000000e+00 0.000000e+00 
3.995693e+16 1.380191e-45 1.000000e+01 1.878169e+04 1.587640e-12 1.182995e+16 0.000000e+00 9.501230e+01 0.000000e+00 0.000000e+00 9.501230e+01 0.000000e+00 0.000000e+00 
4.248727e+16 5.421309e-47 1.000000e+01 1.878169e+04 1.447945e-12 1.297128e+16 0.000000e+00 1.010291e+02 0.000000e+00 0.000000e+00 1.010291e+02 0.000000e+00 0.000000e+00 
4.517784e+16 2.219202e-48 1.000000e+01 1.878169e+04 1.320541e-12 1.422272e+16 0.000000e+00 1.074269e+02 0.000000e+00 0.000000e+00 1.074269e+02 0.000000e+00 0.000000e+00 
4.803880e+16 9.524142e-50 1.000000e+01 1.878169e+04 1.204348e-12 1.559491e+16 0.000000e+00 1.142299e+02 0.000000e+00 0.000000e+00 1.142299e+02 0.000000e+00 0.000000e+00 
5.108093e+16 4.311336e-51 1.000000e+01 1.878169e+04 1.098378e-12 1.709947e+16 0.000000e+00 1.214637e+02 0.000000e+00 0.000000e+00 1.214637e+02 0.000000e+00 0.000000e+00 
5.431571e+16 2.065734e-52 1.000000e+01 1.878169e+04 1.001733e-12 1.874920e+16 0.000000e+00 1.291556e+02 0.000000e+00 0.000000e+00 1.291556e+02 0.000000e+00 0.000000e+00 
5.775534e+16 1.046135e-53 1.000000e+01 1.878169e+04 9.135914e-13 2.055809e+16 0.000000e+00 1.373346e+02 0.000000e+00 0.000000e+00 1.373346e+02 0.000000e+00 0.000000e+00 
6.141279e+16 5.560415e-55 1.000000e+01 1.878169e+04 8.332052e-13 2.254150e+16 0.000000e+00 1.460315e+02 0.000000e+00 0.000000e+00 1.460315e+02 0.000000e+00 0.000000e+00 
6.530185e+16 3.068201e-56 1.000000e+01 1.878169e+04 7.598922e-13 2.471626e+16 0.000000e+00 1.552792e+02 0.000000e+00 0.000000e+00 1.552792e+02 0.000000e+00 0.000000e+00 
6.943719e+16 1.736420e-57 1.000000e+01 1.878169e+04 6.930299e-13 2.710084e+16 0.000000e+00 1.651125e+02 0.000000e+00 0.000000e+00 1.651125e+02 0.000000e+00 0.000000e+00 
7.383441e+16 9.968389e-59 1.000000e+01 1.878169e+04 6.320508e-13 2.971548e+16 0.000000e+00 1.755685e+02 0.000000e+00 0.000000e+00 1.755685e+02 0.000000e+00 0.000000e+00 
7.851009e+16 5.753650e-60 1.000000e+01 1.878169e+04 5.764372e-13 3.258238e+16 0.000000e+00 1.866866e+02 0.000000e+00 0.000000e+00 1.866866e+02 0.000000e+00 0.000000e+00 
8.348187e+16 3.317107e-61 1.000000e+01 1.878169e+04 5.257170e-13 3.572587e+16 0.000000e+00 1.985088e+02 0.000000e+00 0.000000e+00 1.985088e+02 0.000000e+00 0.000000e+00 
8.876849e+16 1.901391e-62 1.000000e+01 1.878169e+04 4.794596e-13 3.917263e+16 0.000000e+00 2.110797e+02 0.000000e+00 0.000000e+00 2.110797e+02 0.000000e+00 0.000000e+00 
9.438989e+16 1.080242e-63 1.000000e+01 1.878169e+04 4.372723e-13 4.295194e+16 0.000000e+00 2.244467e+02 0.000000e+00 0.000000e+00 2.244467e+02 0.000000e+00 0.000000e+00 
1.003673e+17 6.070269e-65 1.000000e+01 1.878169e+04 3.987971e-13 4.709586e+16 0.000000e+00 2.386601e+02 0.000000e+00 0.000000e+00 2.386601e+02 0.000000e+00 0.000000e+00 
1.067232e+17 3.369355e-66 1.000000e+01 1.878169e+04 3.637073e-13 5.163959e+16 0.000000e+00 2.537736e+02 0.000000e+00 0.000000e+00 2.537736e+02 0.000000e+00 0.000000e+00 
1.134816e+17 1.845722e-67 1.000000e+01 1.878169e+04 3.317050e-13 5.662168e+16 0.000000e+00 2.698443e+02 0.000000e+00 0.000000e+00 2.698443e+02 0.000000e+00 0.000000e+00 
1.206680e+17 9.973277e-69 1.000000e+01 1.878169e+04 3.025185e-13 6.208444e+16 0.000000e+00 2.869326e+02 0.000000e+00 0.000000e+00 2.869326e+02 0.000000e+00 0.000000e+00 
1.283095e+17 5.314105e-70 1.000000e+01 1.878169e+04 2.759002e-13 6.807423e+16 0.000000e+00 3.051030e+02 0.000000e+00 0.000000e+00 3.051030e+02 0.000000e+00 0.000000e+00 
1.364349e+17 2.791746e-71 1.000000e+01 1.878169e+04 2.516240e-13 7.464191e+16 0.000000e+00 3.244242e+02 0.000000e+00 0.000000e+00 3.244242e+02 0.000000e+00 0.000000e+00 
1.450749e+17 1.534463e-72 1.000000e+01 1.878169e+04 2.294838e-13 8.184323e+16 0.000000e+00 3.449688e+02 0.000000e+00 0.000000e+00 3.449688e+02 0.000000e+00 0.000000e+00 
