time(s)          = 5.680246e+12
time(solar year) = 1.800000e+05
star mass (g)    = 1.251073e+33
star mass (Msun) = 6.291859e-01
total mass (g)   = 1.865982e+33
mdot (g/s)       = 5.875162e+20
mdot (Msun/yr)   = 9.324183e-06
7.688521e+12 1.325190e+05 1.995188e+02 8.389318e+04 4.288523e-07 1.956225e+11 6.044530e-02 -8.482703e+01 -8.520364e+01 1.628258e+03 -3.798065e-01 2.398382e+02 -4.057183e+02 
8.123392e+12 1.210344e+05 1.948692e+02 8.290990e+04 3.953117e-07 2.097330e+11 6.220410e-02 -8.713213e+01 -8.776372e+01 3.610911e+03 -4.128415e-01 1.526298e+02 -8.001329e+02 
8.582860e+12 1.103313e+05 1.903280e+02 8.193814e+04 3.644008e-07 2.248572e+11 6.263374e-02 -8.973921e+01 -9.010476e+01 3.627372e+03 -4.487735e-01 1.076247e+02 -8.061667e+02 
9.068316e+12 1.007745e+05 1.858926e+02 8.097778e+04 3.359131e-07 2.410677e+11 6.444267e-02 -9.174912e+01 -9.210056e+01 3.629397e+03 -4.878603e-01 1.009731e+02 -8.085338e+02 
9.581230e+12 9.186948e+04 1.815606e+02 8.002866e+04 3.096581e-07 2.584420e+11 6.490654e-02 -9.481050e+01 -9.515071e+01 3.645597e+03 -5.303827e-01 9.471942e+01 -8.147436e+02 
1.012315e+13 8.391732e+04 1.773295e+02 7.909068e+04 2.854605e-07 2.770634e+11 6.677673e-02 -9.647741e+01 -9.679753e+01 3.647574e+03 -5.766473e-01 8.885724e+01 -8.167605e+02 
1.069573e+13 7.650668e+04 1.731971e+02 7.816368e+04 2.631589e-07 2.970209e+11 6.726934e-02 -1.000268e+02 -1.003301e+02 3.663637e+03 -6.269886e-01 8.333205e+01 -8.234249e+02 
1.130069e+13 6.988946e+04 1.691609e+02 7.724756e+04 2.426042e-07 3.184098e+11 6.920828e-02 -1.012941e+02 -1.015698e+02 3.665503e+03 -6.817720e-01 7.815514e+01 -8.250230e+02 
1.193987e+13 6.372104e+04 1.652188e+02 7.634217e+04 2.236594e-07 3.413323e+11 6.972327e-02 -1.053696e+02 -1.056217e+02 3.681483e+03 -7.413962e-01 7.327525e+01 -8.321908e+02 
1.261520e+13 5.821452e+04 1.613686e+02 7.544739e+04 2.061981e-07 3.658976e+11 7.173898e-02 -1.061702e+02 -1.063855e+02 3.683171e+03 -8.062971e-01 6.870525e+01 -8.332904e+02 
1.332873e+13 5.307889e+04 1.576080e+02 7.456310e+04 1.901038e-07 3.922230e+11 7.226891e-02 -1.108149e+02 -1.109982e+02 3.699129e+03 -8.769510e-01 6.439679e+01 -8.410160e+02 
1.408262e+13 4.849652e+04 1.539352e+02 7.368917e+04 1.752694e-07 4.204337e+11 7.437000e-02 -1.110698e+02 -1.112050e+02 3.700567e+03 -9.538785e-01 6.036412e+01 -8.415248e+02 
1.487915e+13 4.421971e+04 1.503479e+02 7.282548e+04 1.615959e-07 4.506641e+11 7.490622e-02 -1.163327e+02 -1.164256e+02 3.716566e+03 -1.037649e+00 5.656147e+01 -8.498693e+02 
1.572073e+13 4.040633e+04 1.468442e+02 7.197192e+04 1.489923e-07 4.830579e+11 7.710197e-02 -1.159486e+02 -1.159796e+02 3.717680e+03 -1.128886e+00 5.300433e+01 -8.496803e+02 
1.660991e+13 3.684382e+04 1.434221e+02 7.112837e+04 1.373747e-07 5.177690e+11 7.763441e-02 -1.218853e+02 -1.218615e+02 3.733790e+03 -1.228271e+00 4.964923e+01 -8.587123e+02 
1.754939e+13 3.367032e+04 1.400798e+02 7.029470e+04 1.266657e-07 5.549622e+11 7.993486e-02 -1.207523e+02 -1.206498e+02 3.734499e+03 -1.336551e+00 4.651271e+01 -8.577008e+02 
1.854200e+13 3.070202e+04 1.368154e+02 6.947080e+04 1.167942e-07 5.948139e+11 8.045173e-02 -1.274259e+02 -1.272533e+02 3.750795e+03 -1.454545e+00 4.355338e+01 -8.674978e+02 
1.959076e+13 2.806104e+04 1.336271e+02 6.865656e+04 1.076944e-07 6.375130e+11 8.286778e-02 -1.254150e+02 -1.251434e+02 3.751014e+03 -1.583150e+00 4.078871e+01 -8.655193e+02 
2.069883e+13 2.558714e+04 1.305131e+02 6.785186e+04 9.930584e-08 6.832615e+11 8.335536e-02 -1.328971e+02 -1.325368e+02 3.767578e+03 -1.723352e+00 3.817913e+01 -8.761685e+02 
2.186958e+13 2.338933e+04 1.274716e+02 6.705659e+04 9.157284e-08 7.322760e+11 8.589887e-02 -1.298569e+02 -1.293727e+02 3.767215e+03 -1.876231e+00 3.574293e+01 -8.730548e+02 
2.310655e+13 2.132688e+04 1.245010e+02 6.627064e+04 8.444400e-08 7.847881e+11 8.634110e-02 -1.382284e+02 -1.376329e+02 3.784139e+03 -2.042975e+00 3.344217e+01 -8.846545e+02 
2.441348e+13 1.949790e+04 1.215997e+02 6.549391e+04 7.787201e-08 8.410456e+11 8.902503e-02 -1.339815e+02 -1.332320e+02 3.783094e+03 -2.224891e+00 3.129584e+01 -8.802105e+02 
2.579433e+13 1.777795e+04 1.187659e+02 6.472628e+04 7.181323e-08 9.013141e+11 8.940320e-02 -1.433337e+02 -1.424454e+02 3.800481e+03 -2.423417e+00 2.926746e+01 -8.928713e+02 
2.725329e+13 1.625596e+04 1.159982e+02 6.396765e+04 6.622750e-08 9.658774e+11 9.224173e-02 -1.376727e+02 -1.365936e+02 3.798643e+03 -2.640137e+00 2.737658e+01 -8.868700e+02 
2.879476e+13 1.482113e+04 1.132950e+02 6.321790e+04 6.107776e-08 1.035040e+12 9.253398e-02 -1.481078e+02 -1.468563e+02 3.816607e+03 -2.876797e+00 2.558803e+01 -9.007160e+02 
3.042342e+13 1.355468e+04 1.106548e+02 6.247695e+04 5.632989e-08 1.109126e+12 9.554265e-02 -1.407901e+02 -1.393033e+02 3.813858e+03 -3.135326e+00 2.392184e+01 -8.928939e+02 
3.214421e+13 1.235730e+04 1.080761e+02 6.174468e+04 5.195243e-08 1.188485e+12 9.572346e-02 -1.524218e+02 -1.507213e+02 3.832528e+03 -3.417859e+00 2.234400e+01 -9.080632e+02 
3.396232e+13 1.130355e+04 1.055575e+02 6.102099e+04 4.791641e-08 1.273489e+12 9.891934e-02 -1.431648e+02 -1.411745e+02 3.828735e+03 -3.726754e+00 2.087486e+01 -8.981149e+02 
3.588326e+13 1.030394e+04 1.030976e+02 6.030579e+04 4.419510e-08 1.364536e+12 9.895894e-02 -1.561174e+02 -1.538630e+02 3.848258e+03 -4.064632e+00 1.948150e+01 -9.147600e+02 
3.791286e+13 9.427256e+03 1.006950e+02 5.959897e+04 4.076389e-08 1.462053e+12 1.023607e-01 -1.445916e+02 -1.419809e+02 3.843277e+03 -4.434402e+00 1.818444e+01 -9.023310e+02 
4.005725e+13 8.592407e+03 9.834843e+01 5.890043e+04 3.760011e-08 1.566496e+12 1.022244e-01 -1.589991e+02 -1.560621e+02 3.863819e+03 -4.839302e+00 1.695177e+01 -9.206180e+02 
4.232293e+13 7.863139e+03 9.605652e+01 5.821008e+04 3.468283e-08 1.678354e+12 1.058526e-01 -1.448213e+02 -1.414463e+02 3.857488e+03 -5.282946e+00 1.580404e+01 -9.052978e+02 
4.471676e+13 7.165585e+03 9.381803e+01 5.752782e+04 3.199279e-08 1.798150e+12 1.054997e-01 -1.608234e+02 -1.570450e+02 3.879241e+03 -5.769375e+00 1.471031e+01 -9.254037e+02 
4.724599e+13 6.559041e+03 9.163171e+01 5.685356e+04 2.951223e-08 1.926441e+12 1.093766e-01 -1.435478e+02 -1.392306e+02 3.871382e+03 -6.303123e+00 1.369102e+01 -9.067169e+02 
4.991828e+13 5.975923e+03 8.949633e+01 5.618720e+04 2.722478e-08 2.063825e+12 1.087599e-01 -1.612836e+02 -1.564668e+02 3.894566e+03 -6.889295e+00 1.271628e+01 -9.288243e+02 
5.274171e+13 5.471554e+03 8.741072e+01 5.552865e+04 2.511536e-08 2.210943e+12 1.129096e-01 -1.403916e+02 -1.349110e+02 3.884980e+03 -7.533656e+00 1.180627e+01 -9.062201e+02 
5.572484e+13 4.983841e+03 8.537370e+01 5.487781e+04 2.317007e-08 2.368479e+12 1.119739e-01 -1.599873e+02 -1.538856e+02 3.909850e+03 -8.242751e+00 1.093241e+01 -9.305061e+02 
5.887669e+13 4.564536e+03 8.338416e+01 5.423461e+04 2.137608e-08 2.537163e+12 1.164221e-01 -1.348742e+02 -1.279530e+02 3.898320e+03 -9.024047e+00 1.011460e+01 -9.033453e+02 
6.220682e+13 4.156383e+03 8.144099e+01 5.359895e+04 1.972159e-08 2.717780e+12 1.151028e-01 -1.564217e+02 -1.487251e+02 3.925172e+03 -9.886115e+00 9.325977e+00 -9.299625e+02 
6.572531e+13 3.807899e+03 7.954309e+01 5.297073e+04 1.819572e-08 2.911165e+12 1.198763e-01 -1.263788e+02 -1.176668e+02 3.911457e+03 -1.083887e+01 8.586203e+00 -8.974990e+02 
6.944280e+13 3.466110e+03 7.768943e+01 5.234988e+04 1.678842e-08 3.118215e+12 1.180977e-01 -1.498983e+02 -1.402123e+02 3.940641e+03 -1.189386e+01 7.870751e+00 -9.265396e+02 
7.337056e+13 3.176583e+03 7.587896e+01 5.173631e+04 1.549044e-08 3.339886e+12 1.232235e-01 -1.140840e+02 -1.031345e+02 3.924480e+03 -1.306474e+01 7.198892e+00 -8.878926e+02 
7.752048e+13 2.890162e+03 7.411069e+01 5.112993e+04 1.429327e-08 3.577203e+12 1.208966e-01 -1.394543e+02 -1.272722e+02 3.956411e+03 -1.436779e+01 6.548764e+00 -9.193230e+02 
8.190513e+13 2.649710e+03 7.238362e+01 5.053065e+04 1.318904e-08 3.831262e+12 1.263998e-01 -9.684156e+01 -8.307644e+01 3.937530e+03 -1.582284e+01 5.938311e+00 -8.734254e+02 
8.653777e+13 2.409496e+03 7.069680e+01 4.993840e+04 1.217050e-08 4.103233e+12 1.234188e-01 -1.236658e+02 -1.083225e+02 3.972715e+03 -1.745446e+01 5.347544e+00 -9.069579e+02 
9.143244e+13 2.209883e+03 6.904929e+01 4.935309e+04 1.123099e-08 4.394369e+12 1.293189e-01 -7.292453e+01 -5.557228e+01 3.950842e+03 -1.929410e+01 4.790503e+00 -8.524453e+02 
9.660396e+13 2.008234e+03 6.744017e+01 4.877464e+04 1.036433e-08 4.706010e+12 1.255562e-01 -1.002335e+02 -8.081604e+01 3.989927e+03 -2.138351e+01 4.246725e+00 -8.872571e+02 
1.020680e+14 1.842588e+03 6.586855e+01 4.820297e+04 9.564866e-09 5.039587e+12 1.318587e-01 -3.940198e+01 -1.736445e+01 3.964854e+03 -2.378132e+01 3.722502e+00 -8.221599e+02 
1.078411e+14 1.673121e+03 6.433356e+01 4.763800e+04 8.827354e-09 5.396634e+12 1.271532e-01 -6.484019e+01 -3.997342e+01 4.008747e+03 -2.657671e+01 3.194399e+00 -8.561228e+02 
1.139407e+14 1.535693e+03 6.283433e+01 4.707965e+04 8.146978e-09 5.778787e+12 1.338296e-01 9.941328e+00 3.845929e+01 3.980539e+03 -2.992563e+01 2.656605e+00 -7.766685e+02 
1.203853e+14 1.393043e+03 6.137005e+01 4.652785e+04 7.519285e-09 6.187803e+12 1.279548e-01 -6.720148e+00 2.621991e+01 4.030901e+03 -3.418623e+01 2.072754e+00 -8.033399e+02 
1.271944e+14 1.278965e+03 5.993989e+01 4.598251e+04 6.940180e-09 6.625550e+12 1.348732e-01 9.120941e+01 1.315176e+02 4.000743e+03 -4.109085e+01 1.373064e+00 -7.007985e+02 
1.343886e+14 1.158527e+03 5.854305e+01 4.544357e+04 6.405877e-09 7.094044e+12 1.274238e-01 1.575106e+02 2.043866e+02 4.067604e+03 -4.687602e+01 0.000000e+00 -6.492755e+02 
1.419898e+14 1.062816e+03 5.717877e+01 4.491094e+04 5.912889e-09 7.595430e+12 1.334127e-01 1.096472e+02 1.589327e+02 4.016906e+03 -4.928549e+01 0.000000e+00 -6.866456e+02 
1.500209e+14 9.632393e+02 5.584628e+01 4.438456e+04 5.458013e-09 8.131998e+12 1.264896e-01 1.750094e+02 2.268250e+02 4.077850e+03 -5.181555e+01 0.000000e+00 -6.340075e+02 
1.585063e+14 8.830186e+02 5.454485e+01 4.386434e+04 5.038287e-09 8.706201e+12 1.316125e-01 1.301705e+02 1.846426e+02 4.032223e+03 -5.447212e+01 0.000000e+00 -6.693891e+02 
1.674715e+14 8.006735e+02 5.327374e+01 4.335022e+04 4.650985e-09 9.320654e+12 1.251735e-01 1.943843e+02 2.516456e+02 4.088160e+03 -5.726126e+01 0.000000e+00 -6.168993e+02 
1.769439e+14 7.334602e+02 5.203225e+01 4.284213e+04 4.293589e-09 9.978162e+12 1.294356e-01 1.528874e+02 2.130769e+02 4.047488e+03 -6.018947e+01 0.000000e+00 -6.499555e+02 
1.869521e+14 6.653500e+02 5.081970e+01 4.233999e+04 3.963783e-09 1.068171e+13 1.234339e-01 2.157701e+02 2.790335e+02 4.098613e+03 -6.326341e+01 0.000000e+00 -5.978340e+02 
1.975263e+14 6.090562e+02 4.963540e+01 4.184374e+04 3.659424e-09 1.143452e+13 1.268421e-01 1.778879e+02 2.443780e+02 4.062767e+03 -6.649019e+01 0.000000e+00 -6.282693e+02 
2.086986e+14 5.527077e+02 4.847870e+01 4.135331e+04 3.378543e-09 1.223998e+13 1.212267e-01 2.392892e+02 3.091664e+02 4.109305e+03 -6.987712e+01 0.000000e+00 -5.767094e+02 
2.205028e+14 5.055782e+02 4.734896e+01 4.086862e+04 3.119317e-09 1.310178e+13 1.237889e-01 2.052369e+02 2.786689e+02 4.078145e+03 -7.343201e+01 0.000000e+00 -6.042837e+02 
2.329747e+14 4.589502e+02 4.624554e+01 4.038961e+04 2.880073e-09 1.402382e+13 1.185054e-01 2.650452e+02 3.422081e+02 4.120347e+03 -7.716287e+01 0.000000e+00 -5.534462e+02 
2.461520e+14 4.195092e+02 4.516784e+01 3.991622e+04 2.659260e-09 1.501027e+13 1.202299e-01 2.349666e+02 3.160449e+02 4.093735e+03 -8.107827e+01 0.000000e+00 -5.779896e+02 
2.600746e+14 3.809167e+02 4.411525e+01 3.944838e+04 2.455453e-09 1.606562e+13 1.152213e-01 2.931134e+02 3.783004e+02 4.131876e+03 -8.518700e+01 0.000000e+00 -5.279973e+02 
2.747847e+14 3.479236e+02 4.308720e+01 3.898602e+04 2.267336e-09 1.719463e+13 1.161163e-01 2.670661e+02 3.565646e+02 4.109679e+03 -8.949848e+01 0.000000e+00 -5.494271e+02 
2.903268e+14 3.159757e+02 4.208310e+01 3.852908e+04 2.093696e-09 1.840242e+13 1.113244e-01 3.235315e+02 4.175538e+02 4.144062e+03 -9.402236e+01 0.000000e+00 -5.003598e+02 
3.067480e+14 2.883874e+02 4.110240e+01 3.807749e+04 1.933411e-09 1.969446e+13 1.113968e-01 3.014709e+02 4.002398e+02 4.126169e+03 -9.876897e+01 0.000000e+00 -5.186987e+02 
3.240980e+14 2.619358e+02 4.014455e+01 3.763120e+04 1.785451e-09 2.107657e+13 1.067631e-01 3.562888e+02 4.600378e+02 4.157122e+03 -1.037489e+02 0.000000e+00 -4.705881e+02 
3.424293e+14 2.388753e+02 3.920903e+01 3.719014e+04 1.648863e-09 2.255502e+13 1.060178e-01 3.380501e+02 4.470237e+02 4.143464e+03 -1.089736e+02 0.000000e+00 -4.859859e+02 
3.617975e+14 2.169719e+02 3.829530e+01 3.675424e+04 1.522769e-09 2.413646e+13 1.014858e-01 3.913143e+02 5.057689e+02 4.171342e+03 -1.144546e+02 0.000000e+00 -4.388103e+02 
3.822612e+14 1.977017e+02 3.740287e+01 3.632346e+04 1.406357e-09 2.582805e+13 9.992437e-02 3.765923e+02 4.967968e+02 4.161917e+03 -1.202045e+02 0.000000e+00 -4.515692e+02 
4.038823e+14 1.795633e+02 3.653124e+01 3.589773e+04 1.298882e-09 2.763741e+13 9.544081e-02 4.284637e+02 5.546998e+02 4.187118e+03 -1.262361e+02 0.000000e+00 -4.052484e+02 
4.267263e+14 1.634631e+02 3.567992e+01 3.547698e+04 1.199652e-09 2.957274e+13 9.306067e-02 4.167902e+02 5.493535e+02 4.182034e+03 -1.325632e+02 0.000000e+00 -4.158542e+02 
4.508624e+14 1.484426e+02 3.484844e+01 3.506117e+04 1.108032e-09 3.164273e+13 8.857838e-02 4.675064e+02 6.067064e+02 4.205018e+03 -1.392000e+02 0.000000e+00 -3.702446e+02 
4.763637e+14 1.349906e+02 3.403633e+01 3.465023e+04 1.023436e-09 3.385676e+13 8.537073e-02 4.582239e+02 6.043856e+02 4.204565e+03 -1.461617e+02 0.000000e+00 -3.794063e+02 
5.033073e+14 1.225528e+02 3.324315e+01 3.424411e+04 9.453221e-10 3.622481e+13 8.085141e-02 5.081090e+02 6.615728e+02 4.225906e+03 -1.534638e+02 0.000000e+00 -3.343012e+02 
5.317749e+14 1.113089e+02 3.246846e+01 3.384275e+04 8.731901e-10 3.875759e+13 7.679946e-02 5.003441e+02 6.614676e+02 4.230680e+03 -1.611235e+02 0.000000e+00 -3.430021e+02 
5.618527e+14 1.010114e+02 3.171182e+01 3.344609e+04 8.065802e-10 4.146654e+13 7.221729e-02 5.498138e+02 7.189716e+02 4.251185e+03 -1.691578e+02 0.000000e+00 -2.981506e+02 
5.936317e+14 9.160324e+01 3.097281e+01 3.305408e+04 7.450663e-10 4.436394e+13 6.729369e-02 5.424554e+02 7.200412e+02 4.262328e+03 -1.775857e+02 0.000000e+00 -3.077178e+02 
6.272082e+14 8.307916e+01 3.025102e+01 3.266666e+04 6.882568e-10 4.746290e+13 6.263974e-02 5.919977e+02 7.784242e+02 4.283327e+03 -1.864265e+02 0.000000e+00 -2.629006e+02 
6.626837e+14 7.518912e+01 2.954605e+01 3.228379e+04 6.357888e-10 5.077753e+13 5.680343e-02 5.837024e+02 7.794037e+02 4.303059e+03 -1.957013e+02 0.000000e+00 -2.751045e+02 
7.001658e+14 6.813366e+01 2.885752e+01 3.190540e+04 5.873290e-10 5.432288e+13 5.209103e-02 6.337771e+02 8.392087e+02 4.327218e+03 -2.054316e+02 0.000000e+00 -2.303946e+02 
7.397680e+14 6.148447e+01 2.818502e+01 3.153145e+04 5.425680e-10 5.811521e+13 4.528373e-02 6.230666e+02 8.387083e+02 4.360188e+03 -2.156416e+02 0.000000e+00 -2.476203e+02 
7.816101e+14 5.564172e+01 2.752820e+01 3.116188e+04 5.012219e-10 6.217183e+13 4.055451e-02 6.737454e+02 9.001012e+02 4.394298e+03 -2.263558e+02 0.000000e+00 -2.042915e+02 
8.258188e+14 4.997527e+01 2.688669e+01 3.079664e+04 4.630264e-10 6.651163e+13 3.269796e-02 6.594085e+02 8.970109e+02 4.452033e+03 -2.376025e+02 0.000000e+00 -2.300212e+02 
8.725280e+14 4.512210e+01 2.626012e+01 3.043569e+04 4.277398e-10 7.115467e+13 2.802754e-02 7.090860e+02 9.584960e+02 4.520678e+03 -2.494100e+02 0.000000e+00 -1.945273e+02 
9.218791e+14 4.013783e+01 2.564816e+01 3.007896e+04 3.951346e-10 7.612333e+13 1.902540e-02 6.917235e+02 9.535382e+02 4.644611e+03 -2.618146e+02 0.000000e+00 -2.363678e+02 
9.740216e+14 3.603582e+01 2.505046e+01 2.972642e+04 3.650044e-10 8.144127e+13 1.452645e-02 7.310710e+02 1.005923e+03 4.964446e+03 -2.748519e+02 0.000000e+00 -2.608036e+02 
1.029113e+15 3.080302e+01 2.446668e+01 2.937800e+04 3.371414e-10 8.713852e+13 4.262252e-03 7.208832e+02 1.009473e+03 1.164239e+04 -2.885903e+02 0.000000e+00 -1.592007e+03 
1.087321e+15 8.480713e+00 2.389651e+01 2.903368e+04 3.110514e-10 9.334043e+13 3.000000e-04 6.237249e+02 9.274313e+02 4.444261e+04 -3.037065e+02 0.000000e+00 -8.183026e+03 
1.148821e+15 5.327727e-01 2.333963e+01 2.869338e+04 2.865540e-10 1.001325e+14 3.000000e-04 -2.614276e+01 2.944225e+02 1.982602e+05 -3.205653e+02 0.000000e+00 -3.928759e+04 
1.213800e+15 1.673354e-02 2.279573e+01 2.835708e+04 2.638635e-10 1.074688e+14 3.000000e-04 2.592883e+02 5.979622e+02 3.985127e+05 -3.386739e+02 0.000000e+00 -7.865997e+04 
1.282454e+15 6.834263e-04 2.226450e+01 2.802471e+04 2.429617e-10 1.153462e+14 3.000000e-04 1.040276e+02 4.618564e+02 3.076115e+05 -3.578288e+02 0.000000e+00 -6.081370e+04 
1.354990e+15 2.619740e-05 2.174565e+01 2.769625e+04 2.237154e-10 1.238012e+14 3.000000e-04 1.168939e+02 4.949619e+02 3.294660e+05 -3.780680e+02 0.000000e+00 -6.512881e+04 
1.431630e+15 1.113582e-22 1.000000e+01 1.878169e+04 2.059937e-10 9.117604e+13 0.000000e+00 -3.994519e+02 0.000000e+00 0.000000e+00 -3.994519e+02 0.000000e+00 0.000000e+00 
1.512605e+15 0.000000e+00 1.000000e+01 1.878169e+04 1.896759e-10 9.901993e+13 0.000000e+00 -4.220454e+02 0.000000e+00 0.000000e+00 -4.220454e+02 0.000000e+00 0.000000e+00 
1.598159e+15 0.000000e+00 1.000000e+01 1.878169e+04 1.746506e-10 1.075386e+14 0.000000e+00 -4.459167e+02 0.000000e+00 0.000000e+00 -4.459167e+02 0.000000e+00 0.000000e+00 
1.688553e+15 0.000000e+00 1.000000e+01 1.878169e+04 1.608156e-10 1.167902e+14 0.000000e+00 -4.711382e+02 0.000000e+00 0.000000e+00 -4.711382e+02 0.000000e+00 0.000000e+00 
1.784059e+15 0.000000e+00 1.000000e+01 1.878169e+04 1.480766e-10 1.268377e+14 0.000000e+00 -4.977863e+02 0.000000e+00 0.000000e+00 -4.977863e+02 0.000000e+00 0.000000e+00 
1.884968e+15 0.000000e+00 1.000000e+01 1.878169e+04 1.363466e-10 1.377496e+14 0.000000e+00 -5.259417e+02 0.000000e+00 0.000000e+00 -5.259417e+02 0.000000e+00 0.000000e+00 
1.991584e+15 0.000000e+00 1.000000e+01 1.878169e+04 1.255459e-10 1.496002e+14 0.000000e+00 -5.556895e+02 0.000000e+00 0.000000e+00 -5.556895e+02 0.000000e+00 0.000000e+00 
2.104230e+15 0.000000e+00 1.000000e+01 1.878169e+04 1.156007e-10 1.624704e+14 0.000000e+00 -5.871199e+02 0.000000e+00 0.000000e+00 -5.871199e+02 0.000000e+00 0.000000e+00 
2.223247e+15 0.000000e+00 1.000000e+01 1.878169e+04 1.064434e-10 1.764477e+14 0.000000e+00 -6.203280e+02 0.000000e+00 0.000000e+00 -6.203280e+02 0.000000e+00 0.000000e+00 
2.348996e+15 0.000000e+00 1.000000e+01 1.878169e+04 9.801144e-11 1.916276e+14 0.000000e+00 -6.554145e+02 0.000000e+00 0.000000e+00 -6.554145e+02 0.000000e+00 0.000000e+00 
2.481858e+15 0.000000e+00 1.000000e+01 1.878169e+04 9.024743e-11 2.081133e+14 0.000000e+00 -6.924854e+02 0.000000e+00 0.000000e+00 -6.924854e+02 0.000000e+00 0.000000e+00 
2.622235e+15 0.000000e+00 1.000000e+01 1.878169e+04 8.309846e-11 2.260174e+14 0.000000e+00 -7.316531e+02 0.000000e+00 0.000000e+00 -7.316531e+02 0.000000e+00 0.000000e+00 
2.770551e+15 0.000000e+00 1.000000e+01 1.878169e+04 7.651578e-11 2.454617e+14 0.000000e+00 -7.730362e+02 0.000000e+00 0.000000e+00 -7.730362e+02 0.000000e+00 0.000000e+00 
2.927257e+15 0.000000e+00 1.000000e+01 1.878169e+04 7.045456e-11 2.665788e+14 0.000000e+00 -8.167600e+02 0.000000e+00 0.000000e+00 -8.167600e+02 0.000000e+00 0.000000e+00 
3.092825e+15 0.000000e+00 1.000000e+01 1.878169e+04 6.487348e-11 2.895126e+14 0.000000e+00 -8.629568e+02 0.000000e+00 0.000000e+00 -8.629568e+02 0.000000e+00 0.000000e+00 
3.267759e+15 0.000000e+00 1.000000e+01 1.878169e+04 5.973451e-11 3.144195e+14 0.000000e+00 -9.117666e+02 0.000000e+00 0.000000e+00 -9.117666e+02 0.000000e+00 0.000000e+00 
3.452587e+15 0.000000e+00 1.000000e+01 1.878169e+04 5.500262e-11 3.414691e+14 0.000000e+00 -9.633371e+02 0.000000e+00 0.000000e+00 -9.633371e+02 0.000000e+00 0.000000e+00 
3.647869e+15 0.000000e+00 1.000000e+01 1.878169e+04 5.064557e-11 3.708457e+14 0.000000e+00 -1.017825e+03 0.000000e+00 0.000000e+00 -1.017825e+03 0.000000e+00 0.000000e+00 
3.854197e+15 0.000000e+00 1.000000e+01 1.878169e+04 4.663366e-11 4.027497e+14 0.000000e+00 -1.075394e+03 0.000000e+00 0.000000e+00 -1.075394e+03 0.000000e+00 0.000000e+00 
4.072194e+15 0.000000e+00 1.000000e+01 1.878169e+04 4.293956e-11 4.373983e+14 0.000000e+00 -1.136219e+03 0.000000e+00 0.000000e+00 -1.136219e+03 0.000000e+00 0.000000e+00 
4.302522e+15 0.000000e+00 1.000000e+01 1.878169e+04 3.953809e-11 4.750278e+14 0.000000e+00 -1.200485e+03 0.000000e+00 0.000000e+00 -1.200485e+03 0.000000e+00 0.000000e+00 
4.545877e+15 0.000000e+00 1.000000e+01 1.878169e+04 3.640607e-11 5.158946e+14 0.000000e+00 -1.268386e+03 0.000000e+00 0.000000e+00 -1.268386e+03 0.000000e+00 0.000000e+00 
4.802997e+15 0.000000e+00 1.000000e+01 1.878169e+04 3.352215e-11 5.602771e+14 0.000000e+00 -1.340127e+03 0.000000e+00 0.000000e+00 -1.340127e+03 0.000000e+00 0.000000e+00 
5.074660e+15 0.000000e+00 1.000000e+01 1.878169e+04 3.086668e-11 6.084779e+14 0.000000e+00 -1.415926e+03 0.000000e+00 0.000000e+00 -1.415926e+03 0.000000e+00 0.000000e+00 
5.361688e+15 0.000000e+00 1.000000e+01 1.878169e+04 2.842157e-11 6.608254e+14 0.000000e+00 -1.496012e+03 0.000000e+00 0.000000e+00 -1.496012e+03 0.000000e+00 0.000000e+00 
5.664951e+15 0.000000e+00 1.000000e+01 1.878169e+04 2.617014e-11 7.176763e+14 0.000000e+00 -1.580628e+03 0.000000e+00 0.000000e+00 -1.580628e+03 0.000000e+00 0.000000e+00 
5.985366e+15 0.000000e+00 1.000000e+01 1.878169e+04 2.409707e-11 7.794182e+14 0.000000e+00 -1.670030e+03 0.000000e+00 0.000000e+00 -1.670030e+03 0.000000e+00 0.000000e+00 
6.323905e+15 0.000000e+00 1.000000e+01 1.878169e+04 2.218821e-11 8.464717e+14 0.000000e+00 -1.764489e+03 0.000000e+00 0.000000e+00 -1.764489e+03 0.000000e+00 0.000000e+00 
6.681592e+15 0.000000e+00 1.000000e+01 1.878169e+04 2.043056e-11 9.192939e+14 0.000000e+00 -1.864291e+03 0.000000e+00 0.000000e+00 -1.864291e+03 0.000000e+00 0.000000e+00 
7.059510e+15 0.000000e+00 1.000000e+01 1.878169e+04 1.881215e-11 9.983810e+14 0.000000e+00 -1.969737e+03 0.000000e+00 0.000000e+00 -1.969737e+03 0.000000e+00 0.000000e+00 
7.458804e+15 0.000000e+00 1.000000e+01 1.878169e+04 1.732194e-11 1.084272e+15 0.000000e+00 -2.081147e+03 0.000000e+00 0.000000e+00 -2.081147e+03 0.000000e+00 0.000000e+00 
7.880682e+15 0.000000e+00 1.000000e+01 1.878169e+04 1.594978e-11 1.177552e+15 0.000000e+00 -2.198859e+03 0.000000e+00 0.000000e+00 -2.198859e+03 0.000000e+00 0.000000e+00 
8.326422e+15 0.000000e+00 1.000000e+01 1.878169e+04 1.468631e-11 1.278857e+15 0.000000e+00 -2.323229e+03 0.000000e+00 0.000000e+00 -2.323229e+03 0.000000e+00 0.000000e+00 
8.797373e+15 0.000000e+00 1.000000e+01 1.878169e+04 1.352293e-11 1.388878e+15 0.000000e+00 -2.454634e+03 0.000000e+00 0.000000e+00 -2.454634e+03 0.000000e+00 0.000000e+00 
9.294962e+15 0.000000e+00 1.000000e+01 1.878169e+04 1.245171e-11 1.508363e+15 0.000000e+00 -2.593470e+03 0.000000e+00 0.000000e+00 -2.593470e+03 0.000000e+00 0.000000e+00 
9.820696e+15 0.000000e+00 1.000000e+01 1.878169e+04 1.146534e-11 1.638128e+15 0.000000e+00 -2.740160e+03 0.000000e+00 0.000000e+00 -2.740160e+03 0.000000e+00 0.000000e+00 
1.037616e+16 0.000000e+00 1.000000e+01 1.878169e+04 1.055711e-11 1.779056e+15 0.000000e+00 -2.895146e+03 0.000000e+00 0.000000e+00 -2.895146e+03 0.000000e+00 0.000000e+00 
1.096305e+16 0.000000e+00 1.000000e+01 1.878169e+04 9.720825e-12 1.932109e+15 0.000000e+00 -3.058899e+03 0.000000e+00 0.000000e+00 -3.058899e+03 0.000000e+00 0.000000e+00 
1.158313e+16 0.000000e+00 1.000000e+01 1.878169e+04 8.950787e-12 2.098329e+15 0.000000e+00 -3.231914e+03 0.000000e+00 0.000000e+00 -3.231914e+03 0.000000e+00 0.000000e+00 
1.223829e+16 0.000000e+00 1.000000e+01 1.878169e+04 8.241747e-12 2.278849e+15 0.000000e+00 -3.414714e+03 0.000000e+00 0.000000e+00 -3.414714e+03 0.000000e+00 0.000000e+00 
1.293050e+16 0.000000e+00 1.000000e+01 1.878169e+04 7.588874e-12 2.474898e+15 0.000000e+00 -3.607854e+03 0.000000e+00 0.000000e+00 -3.607854e+03 0.000000e+00 0.000000e+00 
1.366186e+16 0.000000e+00 1.000000e+01 1.878169e+04 6.987719e-12 2.687815e+15 0.000000e+00 -3.811918e+03 0.000000e+00 0.000000e+00 -3.811918e+03 0.000000e+00 0.000000e+00 
1.443459e+16 0.000000e+00 1.000000e+01 1.878169e+04 6.434185e-12 2.919048e+15 0.000000e+00 -4.027524e+03 0.000000e+00 0.000000e+00 -4.027524e+03 0.000000e+00 0.000000e+00 
1.525103e+16 0.000000e+00 1.000000e+01 1.878169e+04 5.924499e-12 3.170174e+15 0.000000e+00 -4.255326e+03 0.000000e+00 0.000000e+00 -4.255326e+03 0.000000e+00 0.000000e+00 
1.611364e+16 0.000000e+00 1.000000e+01 1.878169e+04 5.455188e-12 3.442905e+15 0.000000e+00 -4.496011e+03 0.000000e+00 0.000000e+00 -4.496011e+03 0.000000e+00 0.000000e+00 
1.702505e+16 0.000000e+00 1.000000e+01 1.878169e+04 5.023053e-12 3.739099e+15 0.000000e+00 -4.750311e+03 0.000000e+00 0.000000e+00 -4.750311e+03 0.000000e+00 0.000000e+00 
1.798800e+16 0.000000e+00 1.000000e+01 1.878169e+04 4.625150e-12 4.060775e+15 0.000000e+00 -5.018993e+03 0.000000e+00 0.000000e+00 -5.018993e+03 0.000000e+00 0.000000e+00 
1.900542e+16 0.000000e+00 1.000000e+01 1.878169e+04 4.258768e-12 4.410124e+15 0.000000e+00 -5.302873e+03 0.000000e+00 0.000000e+00 -5.302873e+03 0.000000e+00 0.000000e+00 
2.008039e+16 0.000000e+00 1.000000e+01 1.878169e+04 3.921408e-12 4.789528e+15 0.000000e+00 -5.602809e+03 0.000000e+00 0.000000e+00 -5.602809e+03 0.000000e+00 0.000000e+00 
2.121616e+16 0.000000e+00 1.000000e+01 1.878169e+04 3.610772e-12 5.201572e+15 0.000000e+00 -5.919710e+03 0.000000e+00 0.000000e+00 -5.919710e+03 0.000000e+00 0.000000e+00 
2.241617e+16 0.000000e+00 1.000000e+01 1.878169e+04 3.324744e-12 5.649065e+15 0.000000e+00 -6.254536e+03 0.000000e+00 0.000000e+00 -6.254536e+03 0.000000e+00 0.000000e+00 
2.368405e+16 0.000000e+00 1.000000e+01 1.878169e+04 3.061373e-12 6.135055e+15 0.000000e+00 -6.608299e+03 0.000000e+00 0.000000e+00 -6.608299e+03 0.000000e+00 0.000000e+00 
2.502365e+16 0.000000e+00 1.000000e+01 1.878169e+04 2.818866e-12 6.662855e+15 0.000000e+00 -6.982071e+03 0.000000e+00 0.000000e+00 -6.982071e+03 0.000000e+00 0.000000e+00 
2.643901e+16 0.000000e+00 1.000000e+01 1.878169e+04 2.595568e-12 7.236062e+15 0.000000e+00 -7.376985e+03 0.000000e+00 0.000000e+00 -7.376985e+03 0.000000e+00 0.000000e+00 
2.793443e+16 0.000000e+00 1.000000e+01 1.878169e+04 2.389959e-12 7.858582e+15 0.000000e+00 -7.794235e+03 0.000000e+00 0.000000e+00 -7.794235e+03 0.000000e+00 0.000000e+00 
2.951443e+16 0.000000e+00 1.000000e+01 1.878169e+04 2.200638e-12 8.534658e+15 0.000000e+00 -8.235086e+03 0.000000e+00 0.000000e+00 -8.235086e+03 0.000000e+00 0.000000e+00 
3.118380e+16 0.000000e+00 1.000000e+01 1.878169e+04 2.026314e-12 9.268897e+15 0.000000e+00 -8.700871e+03 0.000000e+00 0.000000e+00 -8.700871e+03 0.000000e+00 0.000000e+00 
3.294759e+16 0.000000e+00 1.000000e+01 1.878169e+04 1.865799e-12 1.006630e+16 0.000000e+00 -9.193002e+03 0.000000e+00 0.000000e+00 -9.193002e+03 0.000000e+00 0.000000e+00 
3.481114e+16 0.000000e+00 1.000000e+01 1.878169e+04 1.717999e-12 1.093231e+16 0.000000e+00 -9.712968e+03 0.000000e+00 0.000000e+00 -9.712968e+03 0.000000e+00 0.000000e+00 
3.678010e+16 0.000000e+00 1.000000e+01 1.878169e+04 1.581907e-12 1.187282e+16 0.000000e+00 -1.026234e+04 0.000000e+00 0.000000e+00 -1.026234e+04 0.000000e+00 0.000000e+00 
3.886042e+16 0.000000e+00 1.000000e+01 1.878169e+04 1.456596e-12 1.289424e+16 0.000000e+00 -1.084279e+04 0.000000e+00 0.000000e+00 -1.084279e+04 0.000000e+00 0.000000e+00 
4.105841e+16 0.000000e+00 1.000000e+01 1.878169e+04 1.341211e-12 1.400353e+16 0.000000e+00 -1.145607e+04 0.000000e+00 0.000000e+00 -1.145607e+04 0.000000e+00 0.000000e+00 
4.338072e+16 0.000000e+00 1.000000e+01 1.878169e+04 1.234967e-12 1.520826e+16 0.000000e+00 -1.210404e+04 0.000000e+00 0.000000e+00 -1.210404e+04 0.000000e+00 0.000000e+00 
4.583438e+16 0.000000e+00 1.000000e+01 1.878169e+04 1.137138e-12 1.651663e+16 0.000000e+00 -1.278866e+04 0.000000e+00 0.000000e+00 -1.278866e+04 0.000000e+00 0.000000e+00 
4.842682e+16 0.000000e+00 1.000000e+01 1.878169e+04 1.047060e-12 1.793756e+16 0.000000e+00 -1.351200e+04 0.000000e+00 0.000000e+00 -1.351200e+04 0.000000e+00 0.000000e+00 
5.116590e+16 0.000000e+00 1.000000e+01 1.878169e+04 9.641164e-13 1.948073e+16 0.000000e+00 -1.427625e+04 0.000000e+00 0.000000e+00 -1.427625e+04 0.000000e+00 0.000000e+00 
5.405989e+16 0.000000e+00 1.000000e+01 1.878169e+04 8.877436e-13 2.115666e+16 0.000000e+00 -1.508373e+04 0.000000e+00 0.000000e+00 -1.508373e+04 0.000000e+00 0.000000e+00 
5.711758e+16 0.000000e+00 1.000000e+01 1.878169e+04 8.174207e-13 2.297678e+16 0.000000e+00 -1.593689e+04 0.000000e+00 0.000000e+00 -1.593689e+04 0.000000e+00 0.000000e+00 
6.034821e+16 0.000000e+00 1.000000e+01 1.878169e+04 7.526684e-13 2.495348e+16 0.000000e+00 -1.683829e+04 0.000000e+00 0.000000e+00 -1.683829e+04 0.000000e+00 0.000000e+00 
6.376157e+16 0.000000e+00 1.000000e+01 1.878169e+04 6.930456e-13 2.710023e+16 0.000000e+00 -1.779069e+04 0.000000e+00 0.000000e+00 -1.779069e+04 0.000000e+00 0.000000e+00 
6.736800e+16 0.000000e+00 1.000000e+01 1.878169e+04 6.381457e-13 2.943167e+16 0.000000e+00 -1.879695e+04 0.000000e+00 0.000000e+00 -1.879695e+04 0.000000e+00 0.000000e+00 
7.117840e+16 0.000000e+00 1.000000e+01 1.878169e+04 5.875948e-13 3.196368e+16 0.000000e+00 -1.986012e+04 0.000000e+00 0.000000e+00 -1.986012e+04 0.000000e+00 0.000000e+00 
7.520433e+16 0.000000e+00 1.000000e+01 1.878169e+04 5.410483e-13 3.471352e+16 0.000000e+00 -2.098343e+04 0.000000e+00 0.000000e+00 -2.098343e+04 0.000000e+00 0.000000e+00 
7.945797e+16 0.000000e+00 1.000000e+01 1.878169e+04 4.981890e-13 3.769994e+16 0.000000e+00 -2.217028e+04 0.000000e+00 0.000000e+00 -2.217028e+04 0.000000e+00 0.000000e+00 
8.395220e+16 0.000000e+00 1.000000e+01 1.878169e+04 4.587248e-13 4.094327e+16 0.000000e+00 -2.342425e+04 0.000000e+00 0.000000e+00 -2.342425e+04 0.000000e+00 0.000000e+00 
8.870063e+16 0.000000e+00 1.000000e+01 1.878169e+04 4.223868e-13 4.446563e+16 0.000000e+00 -2.474915e+04 0.000000e+00 0.000000e+00 -2.474915e+04 0.000000e+00 0.000000e+00 
9.371763e+16 0.000000e+00 1.000000e+01 1.878169e+04 3.889272e-13 4.829102e+16 0.000000e+00 -2.614899e+04 0.000000e+00 0.000000e+00 -2.614899e+04 0.000000e+00 0.000000e+00 
9.901840e+16 0.000000e+00 1.000000e+01 1.878169e+04 3.581182e-13 5.244551e+16 0.000000e+00 -2.762801e+04 0.000000e+00 0.000000e+00 -2.762801e+04 0.000000e+00 0.000000e+00 
1.046190e+17 0.000000e+00 1.000000e+01 1.878169e+04 3.297498e-13 5.695741e+16 0.000000e+00 -2.919068e+04 0.000000e+00 0.000000e+00 -2.919068e+04 0.000000e+00 0.000000e+00 
1.105364e+17 0.000000e+00 1.000000e+01 1.878169e+04 3.036286e-13 6.185747e+16 0.000000e+00 -3.084173e+04 0.000000e+00 0.000000e+00 -3.084173e+04 0.000000e+00 0.000000e+00 
1.167884e+17 0.000000e+00 1.000000e+01 1.878169e+04 2.795765e-13 6.717908e+16 0.000000e+00 -3.258618e+04 0.000000e+00 0.000000e+00 -3.258618e+04 0.000000e+00 0.000000e+00 
1.233941e+17 0.000000e+00 1.000000e+01 1.878169e+04 2.574298e-13 7.295851e+16 0.000000e+00 -3.442929e+04 0.000000e+00 0.000000e+00 -3.442929e+04 0.000000e+00 0.000000e+00 
1.303734e+17 0.000000e+00 1.000000e+01 1.878169e+04 2.370374e-13 7.923515e+16 0.000000e+00 -3.637664e+04 0.000000e+00 0.000000e+00 -3.637664e+04 0.000000e+00 0.000000e+00 
1.377475e+17 0.000000e+00 1.000000e+01 1.878169e+04 2.182604e-13 8.605177e+16 0.000000e+00 -3.843415e+04 0.000000e+00 0.000000e+00 -3.843415e+04 0.000000e+00 0.000000e+00 
1.455386e+17 0.000000e+00 1.000000e+01 1.878169e+04 2.009708e-13 9.345482e+16 0.000000e+00 -4.060802e+04 0.000000e+00 0.000000e+00 -4.060802e+04 0.000000e+00 0.000000e+00 
