time(s)          = 5.049108e+12
time(solar year) = 1.600000e+05
star mass (g)    = 1.064106e+33
star mass (Msun) = 5.351571e-01
total mass (g)   = 1.517181e+33
mdot (g/s)       = 9.012149e+19
mdot (Msun/yr)   = 1.430274e-06
7.688521e+12 1.233157e+05 1.995188e+02 8.389318e+04 3.955314e-07 2.121025e+11 6.666141e-02 1.627845e+00 1.441073e+00 1.781325e+03 -6.216725e-01 2.733476e+02 -3.502101e+02 
8.123392e+12 1.124126e+05 1.948692e+02 8.290990e+04 3.646337e-07 2.273786e+11 6.706164e-02 -2.224488e+00 -2.699873e+00 3.935592e+03 -6.760890e-01 1.591380e+02 -7.801079e+02 
8.582860e+12 1.024870e+05 1.903280e+02 8.193814e+04 3.361558e-07 2.437505e+11 6.754621e-02 1.148003e+00 1.028468e+00 3.945742e+03 -7.353280e-01 1.077791e+02 -7.790510e+02 
9.068316e+12 9.342180e+04 1.858926e+02 8.097778e+04 3.099077e-07 2.612964e+11 6.789437e-02 -2.950790e+00 -3.036130e+00 3.955646e+03 -7.998259e-01 1.009174e+02 -7.850409e+02 
9.581230e+12 8.518321e+04 1.815606e+02 8.002866e+04 2.857145e-07 2.801001e+11 6.844280e-02 5.990713e-01 5.614458e-01 3.965022e+03 -8.700595e-01 9.448952e+01 -7.833530e+02 
1.012315e+13 7.764582e+04 1.773295e+02 7.909068e+04 2.634149e-07 3.002513e+11 6.874034e-02 -3.766164e+00 -3.759455e+00 3.975381e+03 -9.465507e-01 8.843499e+01 -7.896954e+02 
1.069573e+13 7.080726e+04 1.731971e+02 7.816368e+04 2.428604e-07 3.218461e+11 6.935671e-02 -1.821163e-02 4.905984e-02 3.984028e+03 -1.029871e+00 8.274644e+01 -7.876662e+02 
1.130069e+13 6.453947e+04 1.691609e+02 7.724756e+04 2.239142e-07 3.449873e+11 6.960009e-02 -4.671961e+00 -4.547759e+00 3.994868e+03 -1.120645e+00 7.738944e+01 -7.943888e+02 
1.193987e+13 5.886289e+04 1.652188e+02 7.634217e+04 2.064501e-07 3.697850e+11 7.028876e-02 -6.998099e-01 -4.994927e-01 4.002744e+03 -1.219558e+00 7.235817e+01 -7.919845e+02 
1.261520e+13 5.365021e+04 1.613686e+02 7.544739e+04 1.903519e-07 3.963574e+11 7.047401e-02 -5.666329e+00 -5.393730e+00 4.014097e+03 -1.327362e+00 6.762116e+01 -7.991172e+02 
1.332873e+13 4.893803e+04 1.576080e+02 7.456310e+04 1.755126e-07 4.248305e+11 7.123967e-02 -1.437089e+00 -1.069568e+00 4.021158e+03 -1.444881e+00 6.317411e+01 -7.962968e+02 
1.408262e+13 4.460227e+04 1.539352e+02 7.368917e+04 1.618334e-07 4.553397e+11 7.136228e-02 -6.742826e+00 -6.284339e+00 4.033056e+03 -1.573018e+00 5.898807e+01 -8.038726e+02 
1.487915e+13 4.069056e+04 1.503479e+02 7.282548e+04 1.492235e-07 4.880297e+11 7.220992e-02 -2.215101e+00 -1.638962e+00 4.039257e+03 -1.712767e+00 5.506020e+01 -8.005863e+02 
1.572073e+13 3.708369e+04 1.468442e+02 7.197192e+04 1.375990e-07 5.230556e+11 7.226473e-02 -7.888564e+00 -7.198734e+00 4.051739e+03 -1.865219e+00 5.136364e+01 -8.086411e+02 
1.660991e+13 3.383639e+04 1.434221e+02 7.112837e+04 1.268828e-07 5.605832e+11 7.319973e-02 -3.010339e+00 -2.175383e+00 4.057030e+03 -2.031576e+00 4.789695e+01 -8.048279e+02 
1.754939e+13 3.083542e+04 1.400798e+02 7.029470e+04 1.170037e-07 6.007903e+11 7.318072e-02 -9.081732e+00 -8.105448e+00 4.070138e+03 -2.213160e+00 4.463501e+01 -8.134003e+02 
1.854200e+13 2.813963e+04 1.368154e+02 6.947080e+04 1.078962e-07 6.438670e+11 7.420882e-02 -3.787768e+00 -2.633131e+00 4.074467e+03 -2.411429e+00 4.157772e+01 -8.089855e+02 
1.959076e+13 2.564236e+04 1.336271e+02 6.865656e+04 9.949981e-08 6.900169e+11 7.410898e-02 -1.028829e+01 -8.958691e+00 4.088251e+03 -2.627991e+00 3.870137e+01 -8.181165e+02 
2.069883e+13 2.340437e+04 1.305131e+02 6.785186e+04 9.175892e-08 7.394579e+11 7.523626e-02 -4.496916e+00 -2.948730e+00 4.091561e+03 -2.864623e+00 3.600710e+01 -8.130085e+02 
2.186958e+13 2.132588e+04 1.274716e+02 6.705659e+04 8.462219e-08 7.924233e+11 7.504730e-02 -1.145753e+01 -9.693396e+00 4.106079e+03 -3.123292e+00 3.347239e+01 -8.227405e+02 
2.310655e+13 1.946793e+04 1.245010e+02 6.627064e+04 7.804235e-08 8.491626e+11 7.628021e-02 -5.066651e+00 -3.035119e+00 4.108309e+03 -3.406174e+00 3.109952e+01 -8.168266e+02 
2.441348e+13 1.773764e+04 1.215997e+02 6.549391e+04 7.197582e-08 9.099433e+11 7.599223e-02 -1.251609e+01 -1.021855e+01 4.123627e+03 -3.715689e+00 2.886694e+01 -8.272017e+02 
2.579433e+13 1.619518e+04 1.187659e+02 6.472628e+04 6.638245e-08 9.750511e+11 7.733753e-02 -5.398166e+00 -2.773848e+00 4.124712e+03 -4.054522e+00 2.677796e+01 -8.203433e+02 
2.725329e+13 1.475445e+04 1.159982e+02 6.396765e+04 6.122523e-08 1.044792e+12 7.693869e-02 -1.335979e+01 -1.040812e+01 4.140910e+03 -4.425667e+00 2.481191e+01 -8.314009e+02 
2.879476e+13 1.347392e+04 1.132950e+02 6.321790e+04 5.647006e-08 1.119494e+12 7.840331e-02 -5.355372e+00 -2.004436e+00 4.140779e+03 -4.832470e+00 2.297304e+01 -8.234270e+02 
3.042342e+13 1.227399e+04 1.106548e+02 6.247695e+04 5.208550e-08 1.199508e+12 7.787930e-02 -1.384228e+01 -1.008852e+01 4.157950e+03 -5.278672e+00 2.124150e+01 -8.351994e+02 
3.214421e+13 1.121090e+04 1.080761e+02 6.174468e+04 4.804258e-08 1.285207e+12 7.947023e-02 -4.751502e+00 -5.095680e-01 4.156527e+03 -5.768479e+00 1.962245e+01 -8.258981e+02 
3.396232e+13 1.021126e+04 1.055575e+02 6.102099e+04 4.431460e-08 1.376995e+12 7.880366e-02 -1.375900e+01 -9.020884e+00 4.174784e+03 -6.306630e+00 1.809692e+01 -8.384038e+02 
3.588326e+13 9.328716e+03 1.030976e+02 6.030579e+04 4.087696e-08 1.475300e+12 8.052765e-02 -3.329882e+00 2.006027e+00 4.171988e+03 -6.898486e+00 1.667095e+01 -8.275108e+02 
3.791286e+13 8.495673e+03 1.006950e+02 5.959897e+04 3.770697e-08 1.580582e+12 7.969726e-02 -1.282362e+01 -6.875324e+00 4.191465e+03 -7.550143e+00 1.532667e+01 -8.407439e+02 
4.005725e+13 7.763020e+03 9.834843e+01 5.890043e+04 3.478373e-08 1.693333e+12 8.156037e-02 -7.353550e-01 5.946820e+00 4.187212e+03 -8.268567e+00 1.407098e+01 -8.279262e+02 
4.232293e+13 7.068566e+03 9.605652e+01 5.821008e+04 3.208797e-08 1.814078e+12 8.053998e-02 -1.063203e+01 -3.191634e+00 4.208075e+03 -9.061774e+00 1.288723e+01 -8.418385e+02 
4.471676e+13 6.460369e+03 9.381803e+01 5.752782e+04 2.960193e-08 1.943380e+12 8.254690e-02 3.530309e+00 1.187505e+01 4.202278e+03 -9.939059e+00 1.178304e+01 -8.266698e+02 
4.724599e+13 5.881211e+03 9.163171e+01 5.685356e+04 2.730924e-08 2.081843e+12 8.130392e-02 -6.603753e+00 2.684264e+00 4.224734e+03 -1.091130e+01 1.074320e+01 -8.411397e+02 
4.991828e+13 5.376346e+03 8.949633e+01 5.618720e+04 2.519482e-08 2.230109e+12 8.345675e-02 9.891317e+00 2.029961e+01 4.217264e+03 -1.199136e+01 9.775789e+00 -8.233401e+02 
5.274171e+13 4.893138e+03 8.741072e+01 5.552865e+04 2.324476e-08 2.388868e+12 8.195412e-02 -5.312780e-01 1.105892e+01 4.241499e+03 -1.319472e+01 8.865371e+00 -8.384571e+02 
5.572484e+13 4.474086e+03 8.537370e+01 5.487781e+04 2.144623e-08 2.558856e+12 8.425528e-02 1.915151e+01 3.214372e+01 4.232301e+03 -1.454028e+01 8.017856e+00 -8.171714e+02 
5.887669e+13 4.070708e+03 8.338416e+01 5.423461e+04 1.978742e-08 2.740864e+12 8.244289e-02 9.122459e+00 2.361650e+01 4.258694e+03 -1.605173e+01 7.217052e+00 -8.323386e+02 
6.220682e+13 3.722892e+03 8.144099e+01 5.359895e+04 1.825743e-08 2.935733e+12 8.488491e-02 3.316550e+01 4.944573e+01 4.247754e+03 -1.775965e+01 6.465504e+00 -8.064085e+02 
6.572531e+13 3.385915e+03 7.954309e+01 5.297073e+04 1.684623e-08 3.144367e+12 8.269453e-02 2.434169e+01 4.257901e+01 4.276765e+03 -1.970528e+01 5.742406e+00 -8.209222e+02 
6.944280e+13 3.097221e+03 7.768943e+01 5.234988e+04 1.554456e-08 3.367730e+12 8.525793e-02 5.480817e+01 7.540167e+01 4.264198e+03 -2.194784e+01 5.043777e+00 -7.883418e+02 
7.337056e+13 2.815424e+03 7.587896e+01 5.173631e+04 1.434388e-08 3.606857e+12 8.258944e-02 4.909134e+01 7.237384e+01 4.296603e+03 -2.458075e+01 4.339110e+00 -8.004963e+02 
7.752048e+13 2.575754e+03 7.411069e+01 5.112993e+04 1.323632e-08 3.862850e+12 8.522664e-02 9.060841e+01 1.172711e+02 4.282983e+03 -2.777819e+01 3.607609e+00 -7.568368e+02 
8.190513e+13 2.339681e+03 7.238362e+01 5.053065e+04 1.221464e-08 4.136893e+12 8.190860e-02 9.486146e+01 1.259328e+02 4.320726e+03 -3.201622e+01 2.774060e+00 -7.603003e+02 
8.653777e+13 2.140469e+03 7.069680e+01 4.993840e+04 1.127214e-08 4.430249e+12 8.446875e-02 1.704545e+02 2.078121e+02 4.310127e+03 -3.789878e+01 1.618671e+00 -6.837688e+02 
9.143244e+13 1.941564e+03 6.904929e+01 4.935309e+04 1.040266e-08 4.744278e+12 7.998599e-02 2.092919e+02 2.517469e+02 4.359131e+03 -4.245502e+01 0.000000e+00 -6.556902e+02 
9.660396e+13 1.775261e+03 6.744017e+01 4.877464e+04 9.600499e-09 5.080428e+12 8.200880e-02 1.753817e+02 2.200337e+02 4.327122e+03 -4.465197e+01 0.000000e+00 -6.829422e+02 
1.020680e+14 1.610931e+03 6.586855e+01 4.820297e+04 8.860443e-09 5.440244e+12 7.787677e-02 2.113217e+02 2.582817e+02 4.371224e+03 -4.696000e+01 0.000000e+00 -6.561004e+02 
1.078411e+14 1.472233e+03 6.433356e+01 4.763800e+04 8.177660e-09 5.825383e+12 7.943159e-02 1.799275e+02 2.293121e+02 4.343038e+03 -4.938462e+01 0.000000e+00 -6.816202e+02 
1.139407e+14 1.336437e+03 6.283433e+01 4.707965e+04 7.547703e-09 6.237614e+12 7.561894e-02 2.130261e+02 2.649576e+02 4.383147e+03 -5.193151e+01 0.000000e+00 -6.568035e+02 
1.203853e+14 1.220801e+03 6.137005e+01 4.652785e+04 6.966467e-09 6.678830e+12 7.673394e-02 1.841669e+02 2.387736e+02 4.358601e+03 -5.460672e+01 0.000000e+00 -6.805363e+02 
1.271944e+14 1.108559e+03 5.993989e+01 4.598251e+04 6.430173e-09 7.151054e+12 7.320852e-02 2.144850e+02 2.719015e+02 4.394951e+03 -5.741650e+01 0.000000e+00 -6.577311e+02 
1.343886e+14 1.012183e+03 5.854305e+01 4.544357e+04 5.935330e-09 7.656452e+12 7.391091e-02 1.882207e+02 2.485882e+02 4.373875e+03 -6.036747e+01 0.000000e+00 -6.795841e+02 
1.419898e+14 9.193854e+02 5.717877e+01 4.491094e+04 5.478724e-09 8.197336e+12 7.063914e-02 2.158221e+02 2.792886e+02 4.406712e+03 -6.346651e+01 0.000000e+00 -6.587760e+02 
1.500209e+14 8.390883e+02 5.584628e+01 4.438456e+04 5.057387e-09 8.776183e+12 7.095516e-02 1.922616e+02 2.589825e+02 4.388948e+03 -6.672088e+01 0.000000e+00 -6.786105e+02 
1.585063e+14 7.623443e+02 5.454485e+01 4.386434e+04 4.668587e-09 9.395636e+12 6.790129e-02 2.172105e+02 2.873486e+02 4.418538e+03 -7.013812e+01 0.000000e+00 -6.597891e+02 
1.674715e+14 6.954654e+02 5.327374e+01 4.335022e+04 4.309798e-09 1.005853e+13 6.785620e-02 1.965190e+02 2.702452e+02 4.403941e+03 -7.372621e+01 0.000000e+00 -6.774129e+02 
1.769439e+14 6.319767e+02 5.203225e+01 4.284213e+04 3.978696e-09 1.076788e+13 6.498142e-02 2.188759e+02 2.963694e+02 4.430582e+03 -7.749343e+01 0.000000e+00 -6.605774e+02 
1.869521e+14 5.762918e+02 5.081970e+01 4.233999e+04 3.673136e-09 1.152693e+13 6.459956e-02 2.012797e+02 2.827282e+02 4.419017e+03 -8.144853e+01 0.000000e+00 -6.757405e+02 
1.975263e+14 5.237479e+02 4.963540e+01 4.184374e+04 3.391139e-09 1.233914e+13 6.186107e-02 2.210976e+02 3.066982e+02 4.443052e+03 -8.560061e+01 0.000000e+00 -6.609069e+02 
2.086986e+14 4.773989e+02 4.847870e+01 4.135331e+04 3.130880e-09 1.320821e+13 6.116594e-02 2.068854e+02 2.968447e+02 4.434400e+03 -8.995927e+01 0.000000e+00 -6.732998e+02 
2.205028e+14 4.338916e+02 4.734896e+01 4.086862e+04 2.890677e-09 1.413808e+13 5.851595e-02 2.242044e+02 3.187389e+02 4.456237e+03 -9.453451e+01 0.000000e+00 -6.605096e+02 
2.329747e+14 3.953268e+02 4.624554e+01 4.038961e+04 2.668977e-09 1.513299e+13 5.753040e-02 2.137252e+02 3.130620e+02 4.450397e+03 -9.933688e+01 0.000000e+00 -6.697673e+02 
2.461520e+14 3.592796e+02 4.516784e+01 3.991622e+04 2.464349e-09 1.619747e+13 5.491509e-02 2.285659e+02 3.329433e+02 4.470537e+03 -1.043774e+02 0.000000e+00 -6.590997e+02 
2.600746e+14 3.272036e+02 4.411525e+01 3.944838e+04 2.275473e-09 1.733634e+13 5.366163e-02 2.222224e+02 3.318900e+02 4.467434e+03 -1.096676e+02 0.000000e+00 -6.648092e+02 
2.747847e+14 2.973134e+02 4.308720e+01 3.898602e+04 2.101131e-09 1.855478e+13 5.102017e-02 2.345770e+02 3.497966e+02 4.486516e+03 -1.152196e+02 0.000000e+00 -6.563987e+02 
2.903268e+14 2.706452e+02 4.208310e+01 3.852908e+04 1.940198e-09 1.985832e+13 4.952139e-02 2.328159e+02 3.538621e+02 4.486129e+03 -1.210462e+02 0.000000e+00 -6.581140e+02 
3.067480e+14 2.458338e+02 4.110240e+01 3.807749e+04 1.791639e-09 2.125288e+13 4.678493e-02 2.426363e+02 3.697970e+02 4.504995e+03 -1.271607e+02 0.000000e+00 -6.521758e+02 
3.240980e+14 2.236714e+02 4.014455e+01 3.763120e+04 1.654498e-09 2.274479e+13 4.506420e-02 2.459331e+02 3.795103e+02 4.507405e+03 -1.335772e+02 0.000000e+00 -6.494426e+02 
3.424293e+14 2.030454e+02 3.920903e+01 3.719014e+04 1.527892e-09 2.434081e+13 4.215494e-02 2.531164e+02 3.934268e+02 4.527229e+03 -1.403104e+02 0.000000e+00 -6.463114e+02 
3.617975e+14 1.846364e+02 3.829530e+01 3.675424e+04 1.411009e-09 2.604820e+13 4.023741e-02 2.619518e+02 4.093277e+02 4.532741e+03 -1.473759e+02 0.000000e+00 -6.387149e+02 
3.822612e+14 1.674524e+02 3.740287e+01 3.632346e+04 1.303098e-09 2.787471e+13 3.706768e-02 2.663260e+02 4.211160e+02 4.555265e+03 -1.547901e+02 0.000000e+00 -6.389066e+02 
4.038823e+14 1.521684e+02 3.653124e+01 3.589773e+04 1.203465e-09 2.982864e+13 3.498176e-02 2.811400e+02 4.437101e+02 4.564709e+03 -1.625701e+02 0.000000e+00 -6.261760e+02 
4.267263e+14 1.378028e+02 3.567992e+01 3.547698e+04 1.111473e-09 3.191890e+13 3.145316e-02 2.824590e+02 4.531933e+02 4.592769e+03 -1.707343e+02 0.000000e+00 -6.304964e+02 
4.508624e+14 1.251183e+02 3.484844e+01 3.506117e+04 1.026531e-09 3.415501e+13 2.923263e-02 3.035454e+02 4.828474e+02 4.608344e+03 -1.793020e+02 0.000000e+00 -6.127768e+02 
4.763637e+14 1.130361e+02 3.403633e+01 3.465023e+04 9.480947e-10 3.654722e+13 2.523554e-02 3.015237e+02 4.898177e+02 4.647220e+03 -1.882940e+02 0.000000e+00 -6.225547e+02 
5.033073e+14 1.025075e+02 3.324315e+01 3.424411e+04 8.756633e-10 3.910648e+13 2.292236e-02 3.287504e+02 5.264821e+02 4.675436e+03 -1.977317e+02 0.000000e+00 -6.012657e+02 
5.317749e+14 9.221867e+01 3.246846e+01 3.384275e+04 8.087706e-10 4.184468e+13 1.833664e-02 3.232367e+02 5.308765e+02 4.737294e+03 -2.076398e+02 0.000000e+00 -6.190604e+02 
5.618527e+14 8.345930e+01 3.171182e+01 3.344609e+04 7.469906e-10 4.477444e+13 1.598481e-02 3.551778e+02 5.732207e+02 4.803747e+03 -2.180429e+02 0.000000e+00 -6.006782e+02 
5.936317e+14 7.439852e+01 3.097281e+01 3.305408e+04 6.899225e-10 4.790984e+13 1.068385e-02 3.468668e+02 5.758389e+02 4.930769e+03 -2.289720e+02 0.000000e+00 -6.341521e+02 
6.272082e+14 6.700054e+01 3.025102e+01 3.266666e+04 6.372028e-10 5.126572e+13 8.366403e-03 3.769928e+02 6.174504e+02 5.288968e+03 -2.404576e+02 0.000000e+00 -6.752915e+02 
6.626837e+14 5.728827e+01 2.954605e+01 3.228379e+04 5.884652e-10 5.486099e+13 2.216237e-03 3.711571e+02 6.237163e+02 1.281879e+04 -2.525592e+02 0.000000e+00 -2.170758e+03 
7.001658e+14 1.415936e+01 2.885752e+01 3.190540e+04 5.428459e-10 5.877433e+13 3.000000e-04 3.118439e+02 5.777107e+02 5.326344e+04 -2.658668e+02 0.000000e+00 -1.023809e+04 
7.397680e+14 9.178164e-01 2.818502e+01 3.153145e+04 5.000565e-10 6.305577e+13 3.000000e-04 2.611965e+01 3.067858e+02 2.063298e+05 -2.806661e+02 0.000000e+00 -4.083346e+04 
7.816101e+14 4.254079e-02 2.752820e+01 3.116188e+04 4.604582e-10 6.767580e+13 3.000000e-04 1.384409e+02 4.349639e+02 2.899628e+05 -2.965231e+02 0.000000e+00 -5.728418e+04 
8.258188e+14 2.114217e-03 2.688669e+01 3.079664e+04 4.239835e-10 7.263641e+13 3.000000e-04 9.398959e+01 4.072833e+02 2.713871e+05 -3.132937e+02 0.000000e+00 -5.365006e+04 
8.725280e+14 1.189453e-04 2.626012e+01 3.043569e+04 3.903976e-10 7.796075e+13 3.000000e-04 2.906892e+01 3.600828e+02 2.401571e+05 -3.310139e+02 0.000000e+00 -4.753035e+04 
9.218791e+14 1.146048e-05 2.564816e+01 3.007896e+04 3.594721e-10 8.367537e+13 3.000000e-04 -1.406173e+02 2.091191e+02 1.398708e+05 -3.497364e+02 0.000000e+00 -2.783987e+04 
9.740216e+14 1.569558e-06 2.505046e+01 2.972642e+04 3.309964e-10 8.980888e+13 3.000000e-04 -2.229049e+02 1.466130e+02 9.828620e+04 -3.695179e+02 0.000000e+00 -1.968697e+04 
1.029113e+15 2.210834e-07 2.446668e+01 2.937800e+04 3.047764e-10 9.639198e+13 3.000000e-04 -2.474293e+02 1.429889e+02 9.588206e+04 -3.904182e+02 0.000000e+00 -1.923539e+04 
1.087321e+15 3.138412e-08 2.389651e+01 2.903368e+04 2.806335e-10 1.034576e+14 3.000000e-04 -2.700911e+02 1.424096e+02 9.550002e+04 -4.125007e+02 0.000000e+00 -1.918240e+04 
1.148821e+15 4.460375e-09 2.333963e+01 2.869338e+04 2.584030e-10 1.110412e+14 3.000000e-04 -2.930380e+02 1.427941e+02 9.575982e+04 -4.358322e+02 0.000000e+00 -1.925679e+04 
1.213800e+15 6.348378e-10 2.279573e+01 2.835708e+04 2.379335e-10 1.191807e+14 3.000000e-04 -3.173793e+02 1.431040e+02 9.597687e+04 -4.604833e+02 0.000000e+00 -1.932412e+04 
1.282454e+15 9.136477e-11 2.226450e+01 2.802471e+04 2.190855e-10 1.279168e+14 3.000000e-04 -3.446486e+02 1.418801e+02 9.519746e+04 -4.865288e+02 0.000000e+00 -1.919704e+04 
1.354990e+15 1.373812e-11 2.174565e+01 2.769625e+04 2.017306e-10 1.372932e+14 3.000000e-04 -3.741162e+02 1.399312e+02 9.314357e+04 -5.140474e+02 0.000000e+00 -1.881977e+04 
1.431630e+15 7.865636e-22 1.000000e+01 1.878169e+04 1.857504e-10 1.011125e+14 0.000000e+00 -5.431224e+02 0.000000e+00 0.000000e+00 -5.431224e+02 0.000000e+00 0.000000e+00 
1.512605e+15 0.000000e+00 1.000000e+01 1.878169e+04 1.710362e-10 1.098112e+14 0.000000e+00 -5.738420e+02 0.000000e+00 0.000000e+00 -5.738420e+02 0.000000e+00 0.000000e+00 
1.598159e+15 0.000000e+00 1.000000e+01 1.878169e+04 1.574875e-10 1.192583e+14 0.000000e+00 -6.062992e+02 0.000000e+00 0.000000e+00 -6.062992e+02 0.000000e+00 0.000000e+00 
1.688553e+15 0.000000e+00 1.000000e+01 1.878169e+04 1.450121e-10 1.295181e+14 0.000000e+00 -6.405921e+02 0.000000e+00 0.000000e+00 -6.405921e+02 0.000000e+00 0.000000e+00 
1.784059e+15 0.000000e+00 1.000000e+01 1.878169e+04 1.335249e-10 1.406606e+14 0.000000e+00 -6.768247e+02 0.000000e+00 0.000000e+00 -6.768247e+02 0.000000e+00 0.000000e+00 
1.884968e+15 0.000000e+00 1.000000e+01 1.878169e+04 1.229477e-10 1.527617e+14 0.000000e+00 -7.151066e+02 0.000000e+00 0.000000e+00 -7.151066e+02 0.000000e+00 0.000000e+00 
1.991584e+15 0.000000e+00 1.000000e+01 1.878169e+04 1.132083e-10 1.659038e+14 0.000000e+00 -7.555538e+02 0.000000e+00 0.000000e+00 -7.555538e+02 0.000000e+00 0.000000e+00 
2.104230e+15 0.000000e+00 1.000000e+01 1.878169e+04 1.042405e-10 1.801766e+14 0.000000e+00 -7.982888e+02 0.000000e+00 0.000000e+00 -7.982888e+02 0.000000e+00 0.000000e+00 
2.223247e+15 0.000000e+00 1.000000e+01 1.878169e+04 9.598305e-11 1.956772e+14 0.000000e+00 -8.434409e+02 0.000000e+00 0.000000e+00 -8.434409e+02 0.000000e+00 0.000000e+00 
2.348996e+15 0.000000e+00 1.000000e+01 1.878169e+04 8.837972e-11 2.125113e+14 0.000000e+00 -8.911468e+02 0.000000e+00 0.000000e+00 -8.911468e+02 0.000000e+00 0.000000e+00 
2.481858e+15 0.000000e+00 1.000000e+01 1.878169e+04 8.137869e-11 2.307937e+14 0.000000e+00 -9.415510e+02 0.000000e+00 0.000000e+00 -9.415510e+02 0.000000e+00 0.000000e+00 
2.622235e+15 0.000000e+00 1.000000e+01 1.878169e+04 7.493225e-11 2.506490e+14 0.000000e+00 -9.948062e+02 0.000000e+00 0.000000e+00 -9.948062e+02 0.000000e+00 0.000000e+00 
2.770551e+15 0.000000e+00 1.000000e+01 1.878169e+04 6.899647e-11 2.722124e+14 0.000000e+00 -1.051073e+03 0.000000e+00 0.000000e+00 -1.051073e+03 0.000000e+00 0.000000e+00 
2.927257e+15 0.000000e+00 1.000000e+01 1.878169e+04 6.353089e-11 2.956309e+14 0.000000e+00 -1.110523e+03 0.000000e+00 0.000000e+00 -1.110523e+03 0.000000e+00 0.000000e+00 
3.092825e+15 0.000000e+00 1.000000e+01 1.878169e+04 5.849827e-11 3.210641e+14 0.000000e+00 -1.173336e+03 0.000000e+00 0.000000e+00 -1.173336e+03 0.000000e+00 0.000000e+00 
3.267759e+15 0.000000e+00 1.000000e+01 1.878169e+04 5.386431e-11 3.486853e+14 0.000000e+00 -1.239701e+03 0.000000e+00 0.000000e+00 -1.239701e+03 0.000000e+00 0.000000e+00 
3.452587e+15 0.000000e+00 1.000000e+01 1.878169e+04 4.959743e-11 3.786828e+14 0.000000e+00 -1.309820e+03 0.000000e+00 0.000000e+00 -1.309820e+03 0.000000e+00 0.000000e+00 
3.647869e+15 0.000000e+00 1.000000e+01 1.878169e+04 4.566856e-11 4.112609e+14 0.000000e+00 -1.383905e+03 0.000000e+00 0.000000e+00 -1.383905e+03 0.000000e+00 0.000000e+00 
3.854197e+15 0.000000e+00 1.000000e+01 1.878169e+04 4.205091e-11 4.466418e+14 0.000000e+00 -1.462180e+03 0.000000e+00 0.000000e+00 -1.462180e+03 0.000000e+00 0.000000e+00 
4.072194e+15 0.000000e+00 1.000000e+01 1.878169e+04 3.871983e-11 4.850665e+14 0.000000e+00 -1.544882e+03 0.000000e+00 0.000000e+00 -1.544882e+03 0.000000e+00 0.000000e+00 
4.302522e+15 0.000000e+00 1.000000e+01 1.878169e+04 3.565263e-11 5.267969e+14 0.000000e+00 -1.632262e+03 0.000000e+00 0.000000e+00 -1.632262e+03 0.000000e+00 0.000000e+00 
4.545877e+15 0.000000e+00 1.000000e+01 1.878169e+04 3.282839e-11 5.721174e+14 0.000000e+00 -1.724585e+03 0.000000e+00 0.000000e+00 -1.724585e+03 0.000000e+00 0.000000e+00 
4.802997e+15 0.000000e+00 1.000000e+01 1.878169e+04 3.022788e-11 6.213367e+14 0.000000e+00 -1.822129e+03 0.000000e+00 0.000000e+00 -1.822129e+03 0.000000e+00 0.000000e+00 
5.074660e+15 0.000000e+00 1.000000e+01 1.878169e+04 2.783337e-11 6.747905e+14 0.000000e+00 -1.925191e+03 0.000000e+00 0.000000e+00 -1.925191e+03 0.000000e+00 0.000000e+00 
5.361688e+15 0.000000e+00 1.000000e+01 1.878169e+04 2.562854e-11 7.328429e+14 0.000000e+00 -2.034082e+03 0.000000e+00 0.000000e+00 -2.034082e+03 0.000000e+00 0.000000e+00 
5.664951e+15 0.000000e+00 1.000000e+01 1.878169e+04 2.359837e-11 7.958895e+14 0.000000e+00 -2.149132e+03 0.000000e+00 0.000000e+00 -2.149132e+03 0.000000e+00 0.000000e+00 
5.985366e+15 0.000000e+00 1.000000e+01 1.878169e+04 2.172902e-11 8.643601e+14 0.000000e+00 -2.270689e+03 0.000000e+00 0.000000e+00 -2.270689e+03 0.000000e+00 0.000000e+00 
6.323905e+15 0.000000e+00 1.000000e+01 1.878169e+04 2.000774e-11 9.387212e+14 0.000000e+00 -2.399122e+03 0.000000e+00 0.000000e+00 -2.399122e+03 0.000000e+00 0.000000e+00 
6.681592e+15 0.000000e+00 1.000000e+01 1.878169e+04 1.842282e-11 1.019480e+15 0.000000e+00 -2.534818e+03 0.000000e+00 0.000000e+00 -2.534818e+03 0.000000e+00 0.000000e+00 
7.059510e+15 0.000000e+00 1.000000e+01 1.878169e+04 1.696345e-11 1.107186e+15 0.000000e+00 -2.678191e+03 0.000000e+00 0.000000e+00 -2.678191e+03 0.000000e+00 0.000000e+00 
7.458804e+15 0.000000e+00 1.000000e+01 1.878169e+04 1.561969e-11 1.202437e+15 0.000000e+00 -2.829672e+03 0.000000e+00 0.000000e+00 -2.829672e+03 0.000000e+00 0.000000e+00 
7.880682e+15 0.000000e+00 1.000000e+01 1.878169e+04 1.438237e-11 1.305883e+15 0.000000e+00 -2.989721e+03 0.000000e+00 0.000000e+00 -2.989721e+03 0.000000e+00 0.000000e+00 
8.326422e+15 0.000000e+00 1.000000e+01 1.878169e+04 1.324307e-11 1.418228e+15 0.000000e+00 -3.158823e+03 0.000000e+00 0.000000e+00 -3.158823e+03 0.000000e+00 0.000000e+00 
8.797373e+15 0.000000e+00 1.000000e+01 1.878169e+04 1.219401e-11 1.540239e+15 0.000000e+00 -3.337490e+03 0.000000e+00 0.000000e+00 -3.337490e+03 0.000000e+00 0.000000e+00 
9.294962e+15 0.000000e+00 1.000000e+01 1.878169e+04 1.122806e-11 1.672746e+15 0.000000e+00 -3.526262e+03 0.000000e+00 0.000000e+00 -3.526262e+03 0.000000e+00 0.000000e+00 
9.820696e+15 0.000000e+00 1.000000e+01 1.878169e+04 1.033863e-11 1.816653e+15 0.000000e+00 -3.725711e+03 0.000000e+00 0.000000e+00 -3.725711e+03 0.000000e+00 0.000000e+00 
1.037616e+16 0.000000e+00 1.000000e+01 1.878169e+04 9.519648e-12 1.972940e+15 0.000000e+00 -3.936441e+03 0.000000e+00 0.000000e+00 -3.936441e+03 0.000000e+00 0.000000e+00 
1.096305e+16 0.000000e+00 1.000000e+01 1.878169e+04 8.765546e-12 2.142672e+15 0.000000e+00 -4.159090e+03 0.000000e+00 0.000000e+00 -4.159090e+03 0.000000e+00 0.000000e+00 
1.158313e+16 0.000000e+00 1.000000e+01 1.878169e+04 8.071180e-12 2.327007e+15 0.000000e+00 -4.394333e+03 0.000000e+00 0.000000e+00 -4.394333e+03 0.000000e+00 0.000000e+00 
1.223829e+16 0.000000e+00 1.000000e+01 1.878169e+04 7.431819e-12 2.527200e+15 0.000000e+00 -4.642881e+03 0.000000e+00 0.000000e+00 -4.642881e+03 0.000000e+00 0.000000e+00 
1.293050e+16 0.000000e+00 1.000000e+01 1.878169e+04 6.843105e-12 2.744616e+15 0.000000e+00 -4.905488e+03 0.000000e+00 0.000000e+00 -4.905488e+03 0.000000e+00 0.000000e+00 
1.366186e+16 0.000000e+00 1.000000e+01 1.878169e+04 6.301026e-12 2.980736e+15 0.000000e+00 -5.182947e+03 0.000000e+00 0.000000e+00 -5.182947e+03 0.000000e+00 0.000000e+00 
1.443459e+16 0.000000e+00 1.000000e+01 1.878169e+04 5.801888e-12 3.237169e+15 0.000000e+00 -5.476101e+03 0.000000e+00 0.000000e+00 -5.476101e+03 0.000000e+00 0.000000e+00 
1.525103e+16 0.000000e+00 1.000000e+01 1.878169e+04 5.342290e-12 3.515663e+15 0.000000e+00 -5.785835e+03 0.000000e+00 0.000000e+00 -5.785835e+03 0.000000e+00 0.000000e+00 
1.611364e+16 0.000000e+00 1.000000e+01 1.878169e+04 4.919099e-12 3.818117e+15 0.000000e+00 -6.113088e+03 0.000000e+00 0.000000e+00 -6.113088e+03 0.000000e+00 0.000000e+00 
1.702505e+16 0.000000e+00 1.000000e+01 1.878169e+04 4.529431e-12 4.146590e+15 0.000000e+00 -6.458851e+03 0.000000e+00 0.000000e+00 -6.458851e+03 0.000000e+00 0.000000e+00 
1.798800e+16 0.000000e+00 1.000000e+01 1.878169e+04 4.170630e-12 4.503322e+15 0.000000e+00 -6.824170e+03 0.000000e+00 0.000000e+00 -6.824170e+03 0.000000e+00 0.000000e+00 
1.900542e+16 0.000000e+00 1.000000e+01 1.878169e+04 3.840253e-12 4.890744e+15 0.000000e+00 -7.210153e+03 0.000000e+00 0.000000e+00 -7.210153e+03 0.000000e+00 0.000000e+00 
2.008039e+16 0.000000e+00 1.000000e+01 1.878169e+04 3.536046e-12 5.311496e+15 0.000000e+00 -7.617967e+03 0.000000e+00 0.000000e+00 -7.617967e+03 0.000000e+00 0.000000e+00 
2.121616e+16 0.000000e+00 1.000000e+01 1.878169e+04 3.255937e-12 5.768445e+15 0.000000e+00 -8.048847e+03 0.000000e+00 0.000000e+00 -8.048847e+03 0.000000e+00 0.000000e+00 
2.241617e+16 0.000000e+00 1.000000e+01 1.878169e+04 2.998017e-12 6.264706e+15 0.000000e+00 -8.504099e+03 0.000000e+00 0.000000e+00 -8.504099e+03 0.000000e+00 0.000000e+00 
2.368405e+16 0.000000e+00 1.000000e+01 1.878169e+04 2.760528e-12 6.803660e+15 0.000000e+00 -8.985100e+03 0.000000e+00 0.000000e+00 -8.985100e+03 0.000000e+00 0.000000e+00 
2.502365e+16 0.000000e+00 1.000000e+01 1.878169e+04 2.541852e-12 7.388981e+15 0.000000e+00 -9.493307e+03 0.000000e+00 0.000000e+00 -9.493307e+03 0.000000e+00 0.000000e+00 
2.643901e+16 0.000000e+00 1.000000e+01 1.878169e+04 2.340498e-12 8.024657e+15 0.000000e+00 -1.003026e+04 0.000000e+00 0.000000e+00 -1.003026e+04 0.000000e+00 0.000000e+00 
2.793443e+16 0.000000e+00 1.000000e+01 1.878169e+04 2.155095e-12 8.715020e+15 0.000000e+00 -1.059758e+04 0.000000e+00 0.000000e+00 -1.059758e+04 0.000000e+00 0.000000e+00 
2.951443e+16 0.000000e+00 1.000000e+01 1.878169e+04 1.984378e-12 9.464775e+15 0.000000e+00 -1.119699e+04 0.000000e+00 0.000000e+00 -1.119699e+04 0.000000e+00 0.000000e+00 
3.118380e+16 0.000000e+00 1.000000e+01 1.878169e+04 1.827185e-12 1.027903e+16 0.000000e+00 -1.183031e+04 0.000000e+00 0.000000e+00 -1.183031e+04 0.000000e+00 0.000000e+00 
3.294759e+16 0.000000e+00 1.000000e+01 1.878169e+04 1.682444e-12 1.116334e+16 0.000000e+00 -1.249944e+04 0.000000e+00 0.000000e+00 -1.249944e+04 0.000000e+00 0.000000e+00 
3.481114e+16 0.000000e+00 1.000000e+01 1.878169e+04 1.549169e-12 1.212372e+16 0.000000e+00 -1.320642e+04 0.000000e+00 0.000000e+00 -1.320642e+04 0.000000e+00 0.000000e+00 
3.678010e+16 0.000000e+00 1.000000e+01 1.878169e+04 1.426451e-12 1.316673e+16 0.000000e+00 -1.395339e+04 0.000000e+00 0.000000e+00 -1.395339e+04 0.000000e+00 0.000000e+00 
3.886042e+16 0.000000e+00 1.000000e+01 1.878169e+04 1.313454e-12 1.429947e+16 0.000000e+00 -1.474261e+04 0.000000e+00 0.000000e+00 -1.474261e+04 0.000000e+00 0.000000e+00 
4.105841e+16 0.000000e+00 1.000000e+01 1.878169e+04 1.209408e-12 1.552965e+16 0.000000e+00 -1.557647e+04 0.000000e+00 0.000000e+00 -1.557647e+04 0.000000e+00 0.000000e+00 
4.338072e+16 0.000000e+00 1.000000e+01 1.878169e+04 1.113605e-12 1.686567e+16 0.000000e+00 -1.645749e+04 0.000000e+00 0.000000e+00 -1.645749e+04 0.000000e+00 0.000000e+00 
4.583438e+16 0.000000e+00 1.000000e+01 1.878169e+04 1.025390e-12 1.831663e+16 0.000000e+00 -1.738835e+04 0.000000e+00 0.000000e+00 -1.738835e+04 0.000000e+00 0.000000e+00 
4.842682e+16 0.000000e+00 1.000000e+01 1.878169e+04 9.441635e-13 1.989242e+16 0.000000e+00 -1.837185e+04 0.000000e+00 0.000000e+00 -1.837185e+04 0.000000e+00 0.000000e+00 
5.116590e+16 0.000000e+00 1.000000e+01 1.878169e+04 8.693713e-13 2.160377e+16 0.000000e+00 -1.941098e+04 0.000000e+00 0.000000e+00 -1.941098e+04 0.000000e+00 0.000000e+00 
5.405989e+16 0.000000e+00 1.000000e+01 1.878169e+04 8.005038e-13 2.346234e+16 0.000000e+00 -2.050889e+04 0.000000e+00 0.000000e+00 -2.050889e+04 0.000000e+00 0.000000e+00 
5.711758e+16 0.000000e+00 1.000000e+01 1.878169e+04 7.370916e-13 2.548081e+16 0.000000e+00 -2.166889e+04 0.000000e+00 0.000000e+00 -2.166889e+04 0.000000e+00 0.000000e+00 
6.034821e+16 0.000000e+00 1.000000e+01 1.878169e+04 6.787026e-13 2.767293e+16 0.000000e+00 -2.289451e+04 0.000000e+00 0.000000e+00 -2.289451e+04 0.000000e+00 0.000000e+00 
6.376157e+16 0.000000e+00 1.000000e+01 1.878169e+04 6.249390e-13 3.005364e+16 0.000000e+00 -2.418945e+04 0.000000e+00 0.000000e+00 -2.418945e+04 0.000000e+00 0.000000e+00 
6.736800e+16 0.000000e+00 1.000000e+01 1.878169e+04 5.754343e-13 3.263916e+16 0.000000e+00 -2.555763e+04 0.000000e+00 0.000000e+00 -2.555763e+04 0.000000e+00 0.000000e+00 
7.117840e+16 0.000000e+00 1.000000e+01 1.878169e+04 5.298510e-13 3.544712e+16 0.000000e+00 -2.700319e+04 0.000000e+00 0.000000e+00 -2.700319e+04 0.000000e+00 0.000000e+00 
7.520433e+16 0.000000e+00 1.000000e+01 1.878169e+04 4.878787e-13 3.849664e+16 0.000000e+00 -2.853052e+04 0.000000e+00 0.000000e+00 -2.853052e+04 0.000000e+00 0.000000e+00 
7.945797e+16 0.000000e+00 1.000000e+01 1.878169e+04 4.492313e-13 4.180852e+16 0.000000e+00 -3.014424e+04 0.000000e+00 0.000000e+00 -3.014424e+04 0.000000e+00 0.000000e+00 
8.395220e+16 0.000000e+00 1.000000e+01 1.878169e+04 4.136453e-13 4.540532e+16 0.000000e+00 -3.184923e+04 0.000000e+00 0.000000e+00 -3.184923e+04 0.000000e+00 0.000000e+00 
8.870063e+16 0.000000e+00 1.000000e+01 1.878169e+04 3.808782e-13 4.931155e+16 0.000000e+00 -3.365066e+04 0.000000e+00 0.000000e+00 -3.365066e+04 0.000000e+00 0.000000e+00 
9.371763e+16 0.000000e+00 1.000000e+01 1.878169e+04 3.507068e-13 5.355383e+16 0.000000e+00 -3.555398e+04 0.000000e+00 0.000000e+00 -3.555398e+04 0.000000e+00 0.000000e+00 
9.901840e+16 0.000000e+00 1.000000e+01 1.878169e+04 3.229255e-13 5.816108e+16 0.000000e+00 -3.756495e+04 0.000000e+00 0.000000e+00 -3.756495e+04 0.000000e+00 0.000000e+00 
1.046190e+17 0.000000e+00 1.000000e+01 1.878169e+04 2.973448e-13 6.316469e+16 0.000000e+00 -3.968966e+04 0.000000e+00 0.000000e+00 -3.968966e+04 0.000000e+00 0.000000e+00 
1.105364e+17 0.000000e+00 1.000000e+01 1.878169e+04 2.737906e-13 6.859876e+16 0.000000e+00 -4.193455e+04 0.000000e+00 0.000000e+00 -4.193455e+04 0.000000e+00 0.000000e+00 
1.167884e+17 0.000000e+00 1.000000e+01 1.878169e+04 2.521021e-13 7.450033e+16 0.000000e+00 -4.430642e+04 0.000000e+00 0.000000e+00 -4.430642e+04 0.000000e+00 0.000000e+00 
1.233941e+17 0.000000e+00 1.000000e+01 1.878169e+04 2.321318e-13 8.090961e+16 0.000000e+00 -4.681244e+04 0.000000e+00 0.000000e+00 -4.681244e+04 0.000000e+00 0.000000e+00 
1.303734e+17 0.000000e+00 1.000000e+01 1.878169e+04 2.137434e-13 8.787028e+16 0.000000e+00 -4.946020e+04 0.000000e+00 0.000000e+00 -4.946020e+04 0.000000e+00 0.000000e+00 
1.377475e+17 0.000000e+00 1.000000e+01 1.878169e+04 1.968116e-13 9.542979e+16 0.000000e+00 -5.225772e+04 0.000000e+00 0.000000e+00 -5.225772e+04 0.000000e+00 0.000000e+00 
1.455386e+17 0.000000e+00 1.000000e+01 1.878169e+04 1.812211e-13 1.036396e+17 0.000000e+00 -5.521348e+04 0.000000e+00 0.000000e+00 -5.521348e+04 0.000000e+00 0.000000e+00 
