time(s)          = 4.417970e+12
time(solar year) = 1.400000e+05
star mass (g)    = 8.314049e+32
star mass (Msun) = 4.181276e-01
total mass (g)   = 1.130404e+33
mdot (g/s)       = 6.856214e+20
mdot (Msun/yr)   = 1.088116e-05
7.688521e+12 9.888181e+04 1.995188e+02 8.389318e+04 3.496242e-07 2.399525e+11 1.851099e-02 -1.205426e+02 -1.205671e+02 1.963017e+03 -1.165614e+00 2.250367e+02 -5.070373e+02 
8.123392e+12 9.061241e+04 1.948692e+02 8.290990e+04 3.223238e-07 2.572255e+11 2.025001e-02 -1.229296e+02 -1.232850e+02 4.377486e+03 -1.268912e+00 1.436743e+02 -9.868126e+02 
8.582860e+12 8.260211e+04 1.903280e+02 8.193814e+04 2.971616e-07 2.757360e+11 2.041119e-02 -1.265476e+02 -1.264334e+02 4.413710e+03 -1.381545e+00 1.010210e+02 -9.978610e+02 
9.068316e+12 7.567880e+04 1.858926e+02 8.097778e+04 2.739697e-07 2.955720e+11 2.219926e-02 -1.275991e+02 -1.273848e+02 4.402131e+03 -1.504386e+00 9.427540e+01 -9.965867e+02 
9.581230e+12 6.899308e+04 1.815606e+02 8.002866e+04 2.525935e-07 3.168279e+11 2.237860e-02 -1.326107e+02 -1.323080e+02 4.436169e+03 -1.638394e+00 8.792840e+01 -1.008248e+03 
1.012315e+13 6.320386e+04 1.773295e+02 7.909068e+04 2.328904e-07 3.396047e+11 2.423946e-02 -1.322108e+02 -1.317834e+02 4.425621e+03 -1.784622e+00 8.200363e+01 -1.005740e+03 
1.069573e+13 5.762068e+04 1.731971e+02 7.816368e+04 2.147292e-07 3.640106e+11 2.441738e-02 -1.386866e+02 -1.381477e+02 4.458431e+03 -1.944232e+00 7.640696e+01 -1.018608e+03 
1.130069e+13 5.278386e+04 1.691609e+02 7.724756e+04 1.979888e-07 3.901613e+11 2.637012e-02 -1.366734e+02 -1.359796e+02 4.448314e+03 -2.118501e+00 7.118874e+01 -1.014589e+03 
1.193987e+13 4.811907e+04 1.652188e+02 7.634217e+04 1.825578e-07 4.181808e+11 2.652504e-02 -1.447153e+02 -1.438817e+02 4.480489e+03 -2.308840e+00 6.625472e+01 -1.028882e+03 
1.261520e+13 4.408094e+04 1.613686e+02 7.544739e+04 1.683335e-07 4.482018e+11 2.858979e-02 -1.408775e+02 -1.398520e+02 4.470280e+03 -2.516807e+00 6.165972e+01 -1.023038e+03 
1.332873e+13 4.018159e+04 1.576080e+02 7.456310e+04 1.552213e-07 4.803664e+11 2.869749e-02 -1.506184e+02 -1.494187e+02 4.502348e+03 -2.744122e+00 5.731066e+01 -1.038992e+03 
1.408262e+13 3.681252e+04 1.539352e+02 7.368917e+04 1.431340e-07 5.148265e+11 3.089586e-02 -1.446897e+02 -1.432531e+02 4.491572e+03 -2.992693e+00 5.326533e+01 -1.030968e+03 
1.487915e+13 3.355143e+04 1.503479e+02 7.282548e+04 1.319912e-07 5.517449e+11 3.092872e-02 -1.562939e+02 -1.546412e+02 4.524020e+03 -3.264635e+00 4.943253e+01 -1.048843e+03 
1.572073e+13 3.074232e+04 1.468442e+02 7.197192e+04 1.217190e-07 5.912958e+11 3.328418e-02 -1.479469e+02 -1.460020e+02 4.512235e+03 -3.562294e+00 4.587195e+01 -1.038226e+03 
1.660991e+13 2.801363e+04 1.434221e+02 7.112837e+04 1.122491e-07 6.336656e+11 3.321041e-02 -1.616105e+02 -1.593980e+02 4.545532e+03 -3.888288e+00 4.249478e+01 -1.058309e+03 
1.754939e+13 2.567283e+04 1.400798e+02 7.029470e+04 1.035186e-07 6.790537e+11 3.574867e-02 -1.504473e+02 -1.478754e+02 4.532304e+03 -4.245531e+00 3.936176e+01 -1.044622e+03 
1.854200e+13 2.338842e+04 1.368154e+02 6.947080e+04 9.546968e-08 7.276739e+11 3.553138e-02 -1.663971e+02 -1.634943e+02 4.566921e+03 -4.637288e+00 3.638680e+01 -1.067231e+03 
1.959076e+13 2.143905e+04 1.336271e+02 6.865656e+04 8.804895e-08 7.797544e+11 3.828077e-02 -1.519401e+02 -1.485953e+02 4.551818e+03 -5.067216e+00 3.363098e+01 -1.049915e+03 
2.069883e+13 1.952547e+04 1.305131e+02 6.785186e+04 8.120721e-08 8.355398e+11 3.787695e-02 -1.704302e+02 -1.666762e+02 4.588243e+03 -5.539434e+00 3.101116e+01 -1.075400e+03 
2.186958e+13 1.790310e+04 1.274716e+02 6.705659e+04 7.489915e-08 8.952917e+11 4.086872e-02 -1.521092e+02 -1.478117e+02 4.570818e+03 -6.058594e+00 2.858806e+01 -1.053804e+03 
2.310655e+13 1.629912e+04 1.245010e+02 6.627064e+04 6.908299e-08 9.592903e+11 4.022798e-02 -1.734138e+02 -1.686095e+02 4.609571e+03 -6.629971e+00 2.628175e+01 -1.082540e+03 
2.441348e+13 1.494982e+04 1.215997e+02 6.549391e+04 6.372028e-08 1.027835e+12 4.349656e-02 -1.505509e+02 -1.450779e+02 4.589356e+03 -7.259584e+00 2.415175e+01 -1.055900e+03 
2.579433e+13 1.360440e+04 1.187659e+02 6.472628e+04 5.877551e-08 1.101246e+12 4.255969e-02 -1.749483e+02 -1.688457e+02 4.631013e+03 -7.954334e+00 2.212156e+01 -1.088278e+03 
2.725329e+13 1.248302e+04 1.159982e+02 6.396765e+04 5.421602e-08 1.179866e+12 4.614276e-02 -1.467385e+02 -1.398110e+02 4.607505e+03 -8.722200e+00 2.024853e+01 -1.055701e+03 
2.879476e+13 1.135357e+04 1.132950e+02 6.321790e+04 5.001167e-08 1.264063e+12 4.483997e-02 -1.744811e+02 -1.667673e+02 4.652714e+03 -9.572476e+00 1.845985e+01 -1.092100e+03 
3.042342e+13 1.042236e+04 1.106548e+02 6.247695e+04 4.613473e-08 1.354228e+12 4.877811e-02 -1.399645e+02 -1.312283e+02 4.625376e+03 -1.051611e+01 1.680944e+01 -1.052532e+03 
3.214421e+13 9.473344e+03 1.080761e+02 6.174468e+04 4.255957e-08 1.450783e+12 4.702686e-02 -1.712192e+02 -1.614929e+02 4.674886e+03 -1.156618e+01 1.522840e+01 -1.093268e+03 
3.396232e+13 8.700750e+03 1.055575e+02 6.102099e+04 3.926265e-08 1.554174e+12 5.136258e-02 -1.292339e+02 -1.182303e+02 4.643144e+03 -1.273853e+01 1.376567e+01 -1.045448e+03 
3.588326e+13 7.902488e+03 1.030976e+02 6.030579e+04 3.622221e-08 1.664884e+12 4.906455e-02 -1.639635e+02 -1.516961e+02 4.697850e+03 -1.405279e+01 1.235629e+01 -1.090666e+03 
3.791286e+13 7.262114e+03 1.006950e+02 5.959897e+04 3.341824e-08 1.783426e+12 5.383983e-02 -1.130482e+02 -9.916192e+01 4.661113e+03 -1.553399e+01 1.104187e+01 -1.033035e+03 
4.005725e+13 6.589809e+03 9.834843e+01 5.890043e+04 3.083225e-08 1.910351e+12 5.087640e-02 -1.507452e+02 -1.352080e+02 4.722129e+03 -1.721520e+01 9.760828e+00 -1.082462e+03 
4.232293e+13 6.059575e+03 9.605652e+01 5.821008e+04 2.844726e-08 2.046246e+12 5.612704e-02 -8.887265e+01 -7.122776e+01 4.679855e+03 -1.914258e+01 8.542862e+00 -1.012918e+03 
4.471676e+13 5.492451e+03 9.381803e+01 5.752782e+04 2.624755e-08 2.191740e+12 5.235060e-02 -1.278390e+02 -1.079390e+02 4.748705e+03 -2.138569e+01 7.325580e+00 -1.065191e+03 
4.724599e+13 5.053836e+03 9.163171e+01 5.685356e+04 2.421870e-08 2.347507e+12 5.809151e-02 -5.139228e+01 -2.857019e+01 4.700696e+03 -2.406428e+01 6.112169e+00 -9.801373e+02 
4.991828e+13 4.574356e+03 8.949633e+01 5.618720e+04 2.234734e-08 2.514268e+12 5.330173e-02 -8.574427e+01 -5.943118e+01 4.780044e+03 -2.744354e+01 4.809299e+00 -1.030008e+03 
5.274171e+13 4.211607e+03 8.741072e+01 5.552865e+04 2.062122e-08 2.692791e+12 5.947329e-02 1.848835e+01 5.085223e+01 4.728824e+03 -3.310812e+01 3.273452e+00 -9.169740e+02 
5.572484e+13 3.804137e+03 8.537370e+01 5.487781e+04 1.902899e-08 2.883906e+12 5.326851e-02 6.642541e+01 1.043594e+02 4.836511e+03 -3.793402e+01 0.000000e+00 -8.915829e+02 
5.887669e+13 3.499678e+03 8.338416e+01 5.423461e+04 1.756020e-08 3.088497e+12 5.886805e-02 2.615987e+01 6.606347e+01 4.749672e+03 -3.990361e+01 0.000000e+00 -9.142706e+02 
6.220682e+13 3.162995e+03 8.144099e+01 5.359895e+04 1.620525e-08 3.307504e+12 5.304340e-02 7.420125e+01 1.161743e+02 4.849978e+03 -4.197300e+01 0.000000e+00 -8.865683e+02 
6.572531e+13 2.907739e+03 7.954309e+01 5.297073e+04 1.495529e-08 3.541939e+12 5.810939e-02 3.509468e+01 7.924181e+01 4.769297e+03 -4.414713e+01 0.000000e+00 -9.093295e+02 
6.944280e+13 2.629501e+03 7.768943e+01 5.234988e+04 1.380216e-08 3.792877e+12 5.265041e-02 8.303588e+01 1.294670e+02 4.863430e+03 -4.643113e+01 0.000000e+00 -8.805063e+02 
7.337056e+13 2.415543e+03 7.587896e+01 5.173631e+04 1.273831e-08 4.061474e+12 5.717794e-02 4.544677e+01 9.427718e+01 4.788879e+03 -4.883042e+01 0.000000e+00 -9.029806e+02 
7.752048e+13 2.185560e+03 7.411069e+01 5.112993e+04 1.175681e-08 4.348962e+12 5.206557e-02 9.307264e+01 1.444233e+02 4.876978e+03 -5.135061e+01 0.000000e+00 -8.732772e+02 
8.190513e+13 2.006264e+03 7.238362e+01 5.053065e+04 1.085126e-08 4.656662e+12 5.605194e-02 5.738349e+01 1.113812e+02 4.808502e+03 -5.399767e+01 0.000000e+00 -8.950753e+02 
8.653777e+13 1.816120e+03 7.069680e+01 4.993840e+04 1.001576e-08 4.985982e+12 5.126212e-02 1.044697e+02 1.612475e+02 4.890762e+03 -5.677776e+01 0.000000e+00 -8.647527e+02 
9.143244e+13 1.665917e+03 6.904929e+01 4.935309e+04 9.244867e-09 5.338432e+12 5.470693e-02 7.108561e+01 1.307830e+02 4.828280e+03 -5.969742e+01 0.000000e+00 -8.854577e+02 
9.660396e+13 1.508664e+03 6.744017e+01 4.877464e+04 8.533565e-09 5.715623e+12 5.021031e-02 1.174000e+02 1.801634e+02 4.904960e+03 -6.276342e+01 0.000000e+00 -8.547975e+02 
1.020680e+14 1.382878e+03 6.586855e+01 4.820297e+04 7.877226e-09 6.119282e+12 5.311549e-02 8.674686e+01 1.527298e+02 4.848369e+03 -6.598294e+01 0.000000e+00 -8.739675e+02 
1.078411e+14 1.252779e+03 6.433356e+01 4.763800e+04 7.271588e-09 6.551251e+12 4.887708e-02 1.320496e+02 2.014130e+02 4.919803e+03 -6.936343e+01 0.000000e+00 -8.432732e+02 
1.139407e+14 1.147484e+03 6.283433e+01 4.707965e+04 6.712714e-09 7.013505e+12 5.124700e-02 1.045727e+02 1.774855e+02 4.868983e+03 -7.291276e+01 0.000000e+00 -8.604442e+02 
1.203853e+14 1.039801e+03 6.137005e+01 4.652785e+04 6.196980e-09 7.508149e+12 4.722579e-02 1.486164e+02 2.252555e+02 4.935595e+03 -7.663911e+01 0.000000e+00 -8.300454e+02 
1.271944e+14 9.516987e+02 5.993989e+01 4.598251e+04 5.721038e-09 8.037443e+12 4.906730e-02 1.247777e+02 2.053288e+02 4.890420e+03 -8.055115e+01 0.000000e+00 -8.447351e+02 
1.343886e+14 8.625205e+02 5.854305e+01 4.544357e+04 5.281806e-09 8.603794e+12 4.521595e-02 1.673053e+02 2.519631e+02 4.952751e+03 -8.465785e+01 0.000000e+00 -8.149939e+02 
1.419898e+14 7.888412e+02 5.717877e+01 4.491094e+04 4.876437e-09 9.209785e+12 4.653853e-02 1.475806e+02 2.365493e+02 4.913105e+03 -8.896876e+01 0.000000e+00 -8.267085e+02 
1.500209e+14 7.149354e+02 5.584628e+01 4.438456e+04 4.502311e-09 9.858172e+12 4.280295e-02 1.883222e+02 2.818159e+02 4.971854e+03 -9.349376e+01 0.000000e+00 -7.980309e+02 
1.585063e+14 6.533522e+02 5.454485e+01 4.386434e+04 4.157005e-09 1.055191e+13 4.361888e-02 1.731955e+02 2.714388e+02 4.937662e+03 -9.824334e+01 0.000000e+00 -8.062769e+02 
1.674715e+14 5.920461e+02 5.327374e+01 4.335022e+04 3.838291e-09 1.129415e+13 3.993784e-02 2.118635e+02 3.150919e+02 4.993758e+03 -1.032284e+02 0.000000e+00 -7.791318e+02 
1.769439e+14 5.406039e+02 5.203225e+01 4.284213e+04 3.544109e-09 1.208827e+13 4.026258e-02 2.018151e+02 3.102756e+02 4.965049e+03 -1.084605e+02 0.000000e+00 -7.834400e+02 
1.869521e+14 4.896842e+02 5.081970e+01 4.233999e+04 3.272561e-09 1.293788e+13 3.656727e-02 2.381004e+02 3.520522e+02 5.019776e+03 -1.139518e+02 0.000000e+00 -7.583884e+02 
1.975263e+14 4.467395e+02 4.963540e+01 4.184374e+04 3.021896e-09 1.384685e+13 3.641990e-02 2.335801e+02 3.532950e+02 4.996821e+03 -1.197149e+02 0.000000e+00 -7.583674e+02 
2.086986e+14 4.043665e+02 4.847870e+01 4.135331e+04 2.790499e-09 1.481932e+13 3.263364e-02 2.671544e+02 3.929177e+02 5.052077e+03 -1.257634e+02 0.000000e+00 -7.361107e+02 
2.205028e+14 3.685364e+02 4.734896e+01 4.086862e+04 2.576881e-09 1.585972e+13 3.203756e-02 2.685180e+02 4.006293e+02 5.035702e+03 -1.321113e+02 0.000000e+00 -7.315722e+02 
2.329747e+14 3.331694e+02 4.624554e+01 4.038961e+04 2.379667e-09 1.697280e+13 2.807583e-02 2.990596e+02 4.378333e+02 5.094565e+03 -1.387737e+02 0.000000e+00 -7.130388e+02 
2.461520e+14 3.032855e+02 4.516784e+01 3.991622e+04 2.197590e-09 1.816363e+13 2.705949e-02 3.064166e+02 4.521829e+02 5.087037e+03 -1.457662e+02 0.000000e+00 -7.043237e+02 
2.600746e+14 2.736090e+02 4.411525e+01 3.944838e+04 2.029478e-09 1.943770e+13 2.283101e-02 3.337076e+02 4.868136e+02 5.155232e+03 -1.531060e+02 0.000000e+00 -6.908638e+02 
2.747847e+14 2.486736e+02 4.308720e+01 3.898602e+04 1.874253e-09 2.080083e+13 2.142841e-02 3.465281e+02 5.073389e+02 5.163241e+03 -1.608108e+02 0.000000e+00 -6.798213e+02 
2.903268e+14 2.234980e+02 4.208310e+01 3.852908e+04 1.730916e-09 2.225936e+13 1.683904e-02 3.707678e+02 5.396682e+02 5.254019e+03 -1.689004e+02 0.000000e+00 -6.738608e+02 
3.067480e+14 2.026199e+02 4.110240e+01 3.807749e+04 1.598549e-09 2.382004e+13 1.508870e-02 3.867375e+02 5.641325e+02 5.303194e+03 -1.773951e+02 0.000000e+00 -6.678537e+02 
3.240980e+14 1.806264e+02 4.014455e+01 3.763120e+04 1.476294e-09 2.549032e+13 1.005348e-02 4.096222e+02 5.959418e+02 5.462957e+03 -1.863197e+02 0.000000e+00 -6.768984e+02 
3.424293e+14 1.628069e+02 3.920903e+01 3.719014e+04 1.363367e-09 2.727815e+13 7.992596e-03 4.200520e+02 6.157513e+02 5.779171e+03 -1.956993e+02 0.000000e+00 -7.292142e+02 
3.617975e+14 1.402303e+02 3.829530e+01 3.675424e+04 1.258997e-09 2.919327e+13 2.466262e-03 4.497835e+02 6.553613e+02 1.345483e+04 -2.055778e+02 0.000000e+00 -2.218319e+03 
3.822612e+14 4.202000e+01 3.740287e+01 3.632346e+04 1.161449e-09 3.127427e+13 3.000000e-04 3.718985e+02 5.882891e+02 4.842435e+04 -2.163905e+02 0.000000e+00 -9.219662e+03 
4.038823e+14 3.345456e+00 3.653124e+01 3.589773e+04 1.069992e-09 3.354954e+13 3.000000e-04 4.777593e+01 2.761718e+02 1.861568e+05 -2.283959e+02 0.000000e+00 -3.681658e+04 
4.267263e+14 1.824928e-01 3.567992e+01 3.547698e+04 9.852756e-10 3.600717e+13 3.000000e-04 1.681623e+02 4.094551e+02 2.731342e+05 -2.412929e+02 0.000000e+00 -5.392178e+04 
4.508624e+14 1.084768e-02 3.484844e+01 3.506117e+04 9.072292e-10 3.864643e+13 3.000000e-04 1.225584e+02 3.774977e+02 2.516065e+05 -2.549393e+02 0.000000e+00 -4.970424e+04 
4.763637e+14 6.309902e-04 3.403633e+01 3.465023e+04 8.353629e-10 4.147926e+13 3.000000e-04 1.180873e+02 3.874461e+02 2.581940e+05 -2.693588e+02 0.000000e+00 -5.101328e+04 
5.033073e+14 3.415685e-05 3.324315e+01 3.424411e+04 7.691893e-10 4.451974e+13 3.000000e-04 1.334910e+02 4.180850e+02 2.785884e+05 -2.845940e+02 0.000000e+00 -5.503667e+04 
5.317749e+14 1.847663e-06 3.246846e+01 3.384275e+04 7.082578e-10 4.778309e+13 3.000000e-04 1.194481e+02 4.201391e+02 2.799352e+05 -3.006910e+02 0.000000e+00 -5.531743e+04 
5.618527e+14 9.267075e-08 3.171182e+01 3.344609e+04 6.521529e-10 5.128565e+13 3.000000e-04 1.373440e+02 4.550424e+02 3.031641e+05 -3.176984e+02 0.000000e+00 -5.989966e+04 
5.936317e+14 4.560324e-09 3.097281e+01 3.305408e+04 6.004924e-10 5.504496e+13 3.000000e-04 1.300212e+02 4.656890e+02 3.102419e+05 -3.356677e+02 0.000000e+00 -6.130863e+04 
6.272082e+14 2.160983e-10 3.025102e+01 3.266666e+04 5.529242e-10 5.907982e+13 3.000000e-04 1.322083e+02 4.868618e+02 3.240739e+05 -3.546535e+02 0.000000e+00 -6.404566e+04 
6.626837e+14 1.237335e-21 1.000000e+01 1.878169e+04 5.091241e-10 3.689021e+13 0.000000e+00 -3.747131e+02 0.000000e+00 0.000000e+00 -3.747131e+02 0.000000e+00 0.000000e+00 
7.001658e+14 0.000000e+00 1.000000e+01 1.878169e+04 4.687937e-10 4.006388e+13 0.000000e+00 -3.959072e+02 0.000000e+00 0.000000e+00 -3.959072e+02 0.000000e+00 0.000000e+00 
7.397680e+14 0.000000e+00 1.000000e+01 1.878169e+04 4.316580e-10 4.351058e+13 0.000000e+00 -4.183002e+02 0.000000e+00 0.000000e+00 -4.183002e+02 0.000000e+00 0.000000e+00 
7.816101e+14 0.000000e+00 1.000000e+01 1.878169e+04 3.974641e-10 4.725381e+13 0.000000e+00 -4.419597e+02 0.000000e+00 0.000000e+00 -4.419597e+02 0.000000e+00 0.000000e+00 
8.258188e+14 0.000000e+00 1.000000e+01 1.878169e+04 3.659789e-10 5.131906e+13 0.000000e+00 -4.669574e+02 0.000000e+00 0.000000e+00 -4.669574e+02 0.000000e+00 0.000000e+00 
8.725280e+14 0.000000e+00 1.000000e+01 1.878169e+04 3.369877e-10 5.573406e+13 0.000000e+00 -4.933690e+02 0.000000e+00 0.000000e+00 -4.933690e+02 0.000000e+00 0.000000e+00 
9.218791e+14 0.000000e+00 1.000000e+01 1.878169e+04 3.102931e-10 6.052887e+13 0.000000e+00 -5.212745e+02 0.000000e+00 0.000000e+00 -5.212745e+02 0.000000e+00 0.000000e+00 
9.740216e+14 0.000000e+00 1.000000e+01 1.878169e+04 2.857132e-10 6.573618e+13 0.000000e+00 -5.507584e+02 0.000000e+00 0.000000e+00 -5.507584e+02 0.000000e+00 0.000000e+00 
1.029113e+15 0.000000e+00 1.000000e+01 1.878169e+04 2.630803e-10 7.139148e+13 0.000000e+00 -5.819099e+02 0.000000e+00 0.000000e+00 -5.819099e+02 0.000000e+00 0.000000e+00 
1.087321e+15 0.000000e+00 1.000000e+01 1.878169e+04 2.422403e-10 7.753331e+13 0.000000e+00 -6.148233e+02 0.000000e+00 0.000000e+00 -6.148233e+02 0.000000e+00 0.000000e+00 
1.148821e+15 0.000000e+00 1.000000e+01 1.878169e+04 2.230512e-10 8.420352e+13 0.000000e+00 -6.495984e+02 0.000000e+00 0.000000e+00 -6.495984e+02 0.000000e+00 0.000000e+00 
1.213800e+15 0.000000e+00 1.000000e+01 1.878169e+04 2.053821e-10 9.144757e+13 0.000000e+00 -6.863404e+02 0.000000e+00 0.000000e+00 -6.863404e+02 0.000000e+00 0.000000e+00 
1.282454e+15 0.000000e+00 1.000000e+01 1.878169e+04 1.891127e-10 9.931482e+13 0.000000e+00 -7.251605e+02 0.000000e+00 0.000000e+00 -7.251605e+02 0.000000e+00 0.000000e+00 
1.354990e+15 0.000000e+00 1.000000e+01 1.878169e+04 1.741321e-10 1.078589e+14 0.000000e+00 -7.661764e+02 0.000000e+00 0.000000e+00 -7.661764e+02 0.000000e+00 0.000000e+00 
1.431630e+15 0.000000e+00 1.000000e+01 1.878169e+04 1.603381e-10 1.171380e+14 0.000000e+00 -8.095122e+02 0.000000e+00 0.000000e+00 -8.095122e+02 0.000000e+00 0.000000e+00 
1.512605e+15 0.000000e+00 1.000000e+01 1.878169e+04 1.476369e-10 1.272154e+14 0.000000e+00 -8.552990e+02 0.000000e+00 0.000000e+00 -8.552990e+02 0.000000e+00 0.000000e+00 
1.598159e+15 0.000000e+00 1.000000e+01 1.878169e+04 1.359418e-10 1.381598e+14 0.000000e+00 -9.036757e+02 0.000000e+00 0.000000e+00 -9.036757e+02 0.000000e+00 0.000000e+00 
1.688553e+15 0.000000e+00 1.000000e+01 1.878169e+04 1.251731e-10 1.500457e+14 0.000000e+00 -9.547886e+02 0.000000e+00 0.000000e+00 -9.547886e+02 0.000000e+00 0.000000e+00 
1.784059e+15 0.000000e+00 1.000000e+01 1.878169e+04 1.152575e-10 1.629542e+14 0.000000e+00 -1.008792e+03 0.000000e+00 0.000000e+00 -1.008792e+03 0.000000e+00 0.000000e+00 
1.884968e+15 0.000000e+00 1.000000e+01 1.878169e+04 1.061273e-10 1.769732e+14 0.000000e+00 -1.065851e+03 0.000000e+00 0.000000e+00 -1.065851e+03 0.000000e+00 0.000000e+00 
1.991584e+15 0.000000e+00 1.000000e+01 1.878169e+04 9.772042e-11 1.921982e+14 0.000000e+00 -1.126137e+03 0.000000e+00 0.000000e+00 -1.126137e+03 0.000000e+00 0.000000e+00 
2.104230e+15 0.000000e+00 1.000000e+01 1.878169e+04 8.997947e-11 2.087331e+14 0.000000e+00 -1.189832e+03 0.000000e+00 0.000000e+00 -1.189832e+03 0.000000e+00 0.000000e+00 
2.223247e+15 0.000000e+00 1.000000e+01 1.878169e+04 8.285172e-11 2.266905e+14 0.000000e+00 -1.257130e+03 0.000000e+00 0.000000e+00 -1.257130e+03 0.000000e+00 0.000000e+00 
2.348996e+15 0.000000e+00 1.000000e+01 1.878169e+04 7.628859e-11 2.461927e+14 0.000000e+00 -1.328235e+03 0.000000e+00 0.000000e+00 -1.328235e+03 0.000000e+00 0.000000e+00 
2.481858e+15 0.000000e+00 1.000000e+01 1.878169e+04 7.024537e-11 2.673727e+14 0.000000e+00 -1.403361e+03 0.000000e+00 0.000000e+00 -1.403361e+03 0.000000e+00 0.000000e+00 
2.622235e+15 0.000000e+00 1.000000e+01 1.878169e+04 6.468086e-11 2.903748e+14 0.000000e+00 -1.482737e+03 0.000000e+00 0.000000e+00 -1.482737e+03 0.000000e+00 0.000000e+00 
2.770551e+15 0.000000e+00 1.000000e+01 1.878169e+04 5.955714e-11 3.153559e+14 0.000000e+00 -1.566602e+03 0.000000e+00 0.000000e+00 -1.566602e+03 0.000000e+00 0.000000e+00 
2.927257e+15 0.000000e+00 1.000000e+01 1.878169e+04 5.483930e-11 3.424860e+14 0.000000e+00 -1.655211e+03 0.000000e+00 0.000000e+00 -1.655211e+03 0.000000e+00 0.000000e+00 
3.092825e+15 0.000000e+00 1.000000e+01 1.878169e+04 5.049519e-11 3.719501e+14 0.000000e+00 -1.748831e+03 0.000000e+00 0.000000e+00 -1.748831e+03 0.000000e+00 0.000000e+00 
3.267759e+15 0.000000e+00 1.000000e+01 1.878169e+04 4.649520e-11 4.039491e+14 0.000000e+00 -1.847747e+03 0.000000e+00 0.000000e+00 -1.847747e+03 0.000000e+00 0.000000e+00 
3.452587e+15 0.000000e+00 1.000000e+01 1.878169e+04 4.281207e-11 4.387009e+14 0.000000e+00 -1.952258e+03 0.000000e+00 0.000000e+00 -1.952258e+03 0.000000e+00 0.000000e+00 
3.647869e+15 0.000000e+00 1.000000e+01 1.878169e+04 3.942069e-11 4.764425e+14 0.000000e+00 -2.062680e+03 0.000000e+00 0.000000e+00 -2.062680e+03 0.000000e+00 0.000000e+00 
3.854197e+15 0.000000e+00 1.000000e+01 1.878169e+04 3.629797e-11 5.174309e+14 0.000000e+00 -2.179347e+03 0.000000e+00 0.000000e+00 -2.179347e+03 0.000000e+00 0.000000e+00 
4.072194e+15 0.000000e+00 1.000000e+01 1.878169e+04 3.342262e-11 5.619457e+14 0.000000e+00 -2.302613e+03 0.000000e+00 0.000000e+00 -2.302613e+03 0.000000e+00 0.000000e+00 
4.302522e+15 0.000000e+00 1.000000e+01 1.878169e+04 3.077503e-11 6.102900e+14 0.000000e+00 -2.432851e+03 0.000000e+00 0.000000e+00 -2.432851e+03 0.000000e+00 0.000000e+00 
4.545877e+15 0.000000e+00 1.000000e+01 1.878169e+04 2.833718e-11 6.627934e+14 0.000000e+00 -2.570456e+03 0.000000e+00 0.000000e+00 -2.570456e+03 0.000000e+00 0.000000e+00 
4.802997e+15 0.000000e+00 1.000000e+01 1.878169e+04 2.609244e-11 7.198136e+14 0.000000e+00 -2.715844e+03 0.000000e+00 0.000000e+00 -2.715844e+03 0.000000e+00 0.000000e+00 
5.074660e+15 0.000000e+00 1.000000e+01 1.878169e+04 2.402552e-11 7.817394e+14 0.000000e+00 -2.869455e+03 0.000000e+00 0.000000e+00 -2.869455e+03 0.000000e+00 0.000000e+00 
5.361688e+15 0.000000e+00 1.000000e+01 1.878169e+04 2.212233e-11 8.489926e+14 0.000000e+00 -3.031755e+03 0.000000e+00 0.000000e+00 -3.031755e+03 0.000000e+00 0.000000e+00 
5.664951e+15 0.000000e+00 1.000000e+01 1.878169e+04 2.036990e-11 9.220316e+14 0.000000e+00 -3.203234e+03 0.000000e+00 0.000000e+00 -3.203234e+03 0.000000e+00 0.000000e+00 
5.985366e+15 0.000000e+00 1.000000e+01 1.878169e+04 1.875629e-11 1.001354e+15 0.000000e+00 -3.384412e+03 0.000000e+00 0.000000e+00 -3.384412e+03 0.000000e+00 0.000000e+00 
6.323905e+15 0.000000e+00 1.000000e+01 1.878169e+04 1.727051e-11 1.087501e+15 0.000000e+00 -3.575838e+03 0.000000e+00 0.000000e+00 -3.575838e+03 0.000000e+00 0.000000e+00 
6.681592e+15 0.000000e+00 1.000000e+01 1.878169e+04 1.590242e-11 1.181059e+15 0.000000e+00 -3.778092e+03 0.000000e+00 0.000000e+00 -3.778092e+03 0.000000e+00 0.000000e+00 
7.059510e+15 0.000000e+00 1.000000e+01 1.878169e+04 1.464270e-11 1.282666e+15 0.000000e+00 -3.991785e+03 0.000000e+00 0.000000e+00 -3.991785e+03 0.000000e+00 0.000000e+00 
7.458804e+15 0.000000e+00 1.000000e+01 1.878169e+04 1.348278e-11 1.393014e+15 0.000000e+00 -4.217564e+03 0.000000e+00 0.000000e+00 -4.217564e+03 0.000000e+00 0.000000e+00 
7.880682e+15 0.000000e+00 1.000000e+01 1.878169e+04 1.241473e-11 1.512855e+15 0.000000e+00 -4.456114e+03 0.000000e+00 0.000000e+00 -4.456114e+03 0.000000e+00 0.000000e+00 
8.326422e+15 0.000000e+00 1.000000e+01 1.878169e+04 1.143130e-11 1.643006e+15 0.000000e+00 -4.708157e+03 0.000000e+00 0.000000e+00 -4.708157e+03 0.000000e+00 0.000000e+00 
8.797373e+15 0.000000e+00 1.000000e+01 1.878169e+04 1.052576e-11 1.784355e+15 0.000000e+00 -4.974455e+03 0.000000e+00 0.000000e+00 -4.974455e+03 0.000000e+00 0.000000e+00 
9.294962e+15 0.000000e+00 1.000000e+01 1.878169e+04 9.691961e-12 1.937863e+15 0.000000e+00 -5.255816e+03 0.000000e+00 0.000000e+00 -5.255816e+03 0.000000e+00 0.000000e+00 
9.820696e+15 0.000000e+00 1.000000e+01 1.878169e+04 8.924210e-12 2.104578e+15 0.000000e+00 -5.553091e+03 0.000000e+00 0.000000e+00 -5.553091e+03 0.000000e+00 0.000000e+00 
1.037616e+16 0.000000e+00 1.000000e+01 1.878169e+04 8.217275e-12 2.285635e+15 0.000000e+00 -5.867180e+03 0.000000e+00 0.000000e+00 -5.867180e+03 0.000000e+00 0.000000e+00 
1.096305e+16 0.000000e+00 1.000000e+01 1.878169e+04 7.566341e-12 2.482269e+15 0.000000e+00 -6.199034e+03 0.000000e+00 0.000000e+00 -6.199034e+03 0.000000e+00 0.000000e+00 
1.158313e+16 0.000000e+00 1.000000e+01 1.878169e+04 6.966971e-12 2.695819e+15 0.000000e+00 -6.549658e+03 0.000000e+00 0.000000e+00 -6.549658e+03 0.000000e+00 0.000000e+00 
1.223829e+16 0.000000e+00 1.000000e+01 1.878169e+04 6.415080e-12 2.927741e+15 0.000000e+00 -6.920113e+03 0.000000e+00 0.000000e+00 -6.920113e+03 0.000000e+00 0.000000e+00 
1.293050e+16 0.000000e+00 1.000000e+01 1.878169e+04 5.906908e-12 3.179615e+15 0.000000e+00 -7.311523e+03 0.000000e+00 0.000000e+00 -7.311523e+03 0.000000e+00 0.000000e+00 
1.366186e+16 0.000000e+00 1.000000e+01 1.878169e+04 5.438990e-12 3.453158e+15 0.000000e+00 -7.725070e+03 0.000000e+00 0.000000e+00 -7.725070e+03 0.000000e+00 0.000000e+00 
1.443459e+16 0.000000e+00 1.000000e+01 1.878169e+04 5.008139e-12 3.750234e+15 0.000000e+00 -8.162009e+03 0.000000e+00 0.000000e+00 -8.162009e+03 0.000000e+00 0.000000e+00 
1.525103e+16 0.000000e+00 1.000000e+01 1.878169e+04 4.611417e-12 4.072868e+15 0.000000e+00 -8.623661e+03 0.000000e+00 0.000000e+00 -8.623661e+03 0.000000e+00 0.000000e+00 
1.611364e+16 0.000000e+00 1.000000e+01 1.878169e+04 4.246122e-12 4.423258e+15 0.000000e+00 -9.111424e+03 0.000000e+00 0.000000e+00 -9.111424e+03 0.000000e+00 0.000000e+00 
1.702505e+16 0.000000e+00 1.000000e+01 1.878169e+04 3.909764e-12 4.803792e+15 0.000000e+00 -9.626776e+03 0.000000e+00 0.000000e+00 -9.626776e+03 0.000000e+00 0.000000e+00 
1.798800e+16 0.000000e+00 1.000000e+01 1.878169e+04 3.600051e-12 5.217063e+15 0.000000e+00 -1.017128e+04 0.000000e+00 0.000000e+00 -1.017128e+04 0.000000e+00 0.000000e+00 
1.900542e+16 0.000000e+00 1.000000e+01 1.878169e+04 3.314872e-12 5.665888e+15 0.000000e+00 -1.074658e+04 0.000000e+00 0.000000e+00 -1.074658e+04 0.000000e+00 0.000000e+00 
2.008039e+16 0.000000e+00 1.000000e+01 1.878169e+04 3.052283e-12 6.153326e+15 0.000000e+00 -1.135441e+04 0.000000e+00 0.000000e+00 -1.135441e+04 0.000000e+00 0.000000e+00 
2.121616e+16 0.000000e+00 1.000000e+01 1.878169e+04 2.810496e-12 6.682698e+15 0.000000e+00 -1.199663e+04 0.000000e+00 0.000000e+00 -1.199663e+04 0.000000e+00 0.000000e+00 
2.241617e+16 0.000000e+00 1.000000e+01 1.878169e+04 2.587861e-12 7.257612e+15 0.000000e+00 -1.267517e+04 0.000000e+00 0.000000e+00 -1.267517e+04 0.000000e+00 0.000000e+00 
2.368405e+16 0.000000e+00 1.000000e+01 1.878169e+04 2.382863e-12 7.881986e+15 0.000000e+00 -1.339210e+04 0.000000e+00 0.000000e+00 -1.339210e+04 0.000000e+00 0.000000e+00 
2.502365e+16 0.000000e+00 1.000000e+01 1.878169e+04 2.194104e-12 8.560075e+15 0.000000e+00 -1.414957e+04 0.000000e+00 0.000000e+00 -1.414957e+04 0.000000e+00 0.000000e+00 
2.643901e+16 0.000000e+00 1.000000e+01 1.878169e+04 2.020297e-12 9.296500e+15 0.000000e+00 -1.494988e+04 0.000000e+00 0.000000e+00 -1.494988e+04 0.000000e+00 0.000000e+00 
2.793443e+16 0.000000e+00 1.000000e+01 1.878169e+04 1.860259e-12 1.009628e+16 0.000000e+00 -1.579546e+04 0.000000e+00 0.000000e+00 -1.579546e+04 0.000000e+00 0.000000e+00 
2.951443e+16 0.000000e+00 1.000000e+01 1.878169e+04 1.712898e-12 1.096487e+16 0.000000e+00 -1.668887e+04 0.000000e+00 0.000000e+00 -1.668887e+04 0.000000e+00 0.000000e+00 
3.118380e+16 0.000000e+00 1.000000e+01 1.878169e+04 1.577210e-12 1.190818e+16 0.000000e+00 -1.763281e+04 0.000000e+00 0.000000e+00 -1.763281e+04 0.000000e+00 0.000000e+00 
3.294759e+16 0.000000e+00 1.000000e+01 1.878169e+04 1.452271e-12 1.293264e+16 0.000000e+00 -1.863014e+04 0.000000e+00 0.000000e+00 -1.863014e+04 0.000000e+00 0.000000e+00 
3.481114e+16 0.000000e+00 1.000000e+01 1.878169e+04 1.337229e-12 1.404524e+16 0.000000e+00 -1.968389e+04 0.000000e+00 0.000000e+00 -1.968389e+04 0.000000e+00 0.000000e+00 
3.678010e+16 0.000000e+00 1.000000e+01 1.878169e+04 1.231300e-12 1.525355e+16 0.000000e+00 -2.079723e+04 0.000000e+00 0.000000e+00 -2.079723e+04 0.000000e+00 0.000000e+00 
3.886042e+16 0.000000e+00 1.000000e+01 1.878169e+04 1.133762e-12 1.656582e+16 0.000000e+00 -2.197354e+04 0.000000e+00 0.000000e+00 -2.197354e+04 0.000000e+00 0.000000e+00 
4.105841e+16 0.000000e+00 1.000000e+01 1.878169e+04 1.043951e-12 1.799098e+16 0.000000e+00 -2.321639e+04 0.000000e+00 0.000000e+00 -2.321639e+04 0.000000e+00 0.000000e+00 
4.338072e+16 0.000000e+00 1.000000e+01 1.878169e+04 9.612537e-13 1.953875e+16 0.000000e+00 -2.452953e+04 0.000000e+00 0.000000e+00 -2.452953e+04 0.000000e+00 0.000000e+00 
4.583438e+16 0.000000e+00 1.000000e+01 1.878169e+04 8.851077e-13 2.121967e+16 0.000000e+00 -2.591695e+04 0.000000e+00 0.000000e+00 -2.591695e+04 0.000000e+00 0.000000e+00 
4.842682e+16 0.000000e+00 1.000000e+01 1.878169e+04 8.149936e-13 2.304520e+16 0.000000e+00 -2.738284e+04 0.000000e+00 0.000000e+00 -2.738284e+04 0.000000e+00 0.000000e+00 
5.116590e+16 0.000000e+00 1.000000e+01 1.878169e+04 7.504336e-13 2.502779e+16 0.000000e+00 -2.893164e+04 0.000000e+00 0.000000e+00 -2.893164e+04 0.000000e+00 0.000000e+00 
5.405989e+16 0.000000e+00 1.000000e+01 1.878169e+04 6.909877e-13 2.718094e+16 0.000000e+00 -3.056805e+04 0.000000e+00 0.000000e+00 -3.056805e+04 0.000000e+00 0.000000e+00 
5.711758e+16 0.000000e+00 1.000000e+01 1.878169e+04 6.362509e-13 2.951932e+16 0.000000e+00 -3.229701e+04 0.000000e+00 0.000000e+00 -3.229701e+04 0.000000e+00 0.000000e+00 
6.034821e+16 0.000000e+00 1.000000e+01 1.878169e+04 5.858501e-13 3.205887e+16 0.000000e+00 -3.412376e+04 0.000000e+00 0.000000e+00 -3.412376e+04 0.000000e+00 0.000000e+00 
6.376157e+16 0.000000e+00 1.000000e+01 1.878169e+04 5.394418e-13 3.481690e+16 0.000000e+00 -3.605384e+04 0.000000e+00 0.000000e+00 -3.605384e+04 0.000000e+00 0.000000e+00 
6.736800e+16 0.000000e+00 1.000000e+01 1.878169e+04 4.967097e-13 3.781221e+16 0.000000e+00 -3.809309e+04 0.000000e+00 0.000000e+00 -3.809309e+04 0.000000e+00 0.000000e+00 
7.117840e+16 0.000000e+00 1.000000e+01 1.878169e+04 4.573627e-13 4.106520e+16 0.000000e+00 -4.024767e+04 0.000000e+00 0.000000e+00 -4.024767e+04 0.000000e+00 0.000000e+00 
7.520433e+16 0.000000e+00 1.000000e+01 1.878169e+04 4.211326e-13 4.459805e+16 0.000000e+00 -4.252412e+04 0.000000e+00 0.000000e+00 -4.252412e+04 0.000000e+00 0.000000e+00 
7.945797e+16 0.000000e+00 1.000000e+01 1.878169e+04 3.877724e-13 4.843483e+16 0.000000e+00 -4.492933e+04 0.000000e+00 0.000000e+00 -4.492933e+04 0.000000e+00 0.000000e+00 
8.395220e+16 0.000000e+00 1.000000e+01 1.878169e+04 3.570549e-13 5.260169e+16 0.000000e+00 -4.747059e+04 0.000000e+00 0.000000e+00 -4.747059e+04 0.000000e+00 0.000000e+00 
8.870063e+16 0.000000e+00 1.000000e+01 1.878169e+04 3.287707e-13 5.712703e+16 0.000000e+00 -5.015557e+04 0.000000e+00 0.000000e+00 -5.015557e+04 0.000000e+00 0.000000e+00 
9.371763e+16 0.000000e+00 1.000000e+01 1.878169e+04 3.027270e-13 6.204168e+16 0.000000e+00 -5.299243e+04 0.000000e+00 0.000000e+00 -5.299243e+04 0.000000e+00 0.000000e+00 
9.901840e+16 0.000000e+00 1.000000e+01 1.878169e+04 2.787464e-13 6.737914e+16 0.000000e+00 -5.598974e+04 0.000000e+00 0.000000e+00 -5.598974e+04 0.000000e+00 0.000000e+00 
1.046190e+17 0.000000e+00 1.000000e+01 1.878169e+04 2.566654e-13 7.317579e+16 0.000000e+00 -5.915658e+04 0.000000e+00 0.000000e+00 -5.915658e+04 0.000000e+00 0.000000e+00 
1.105364e+17 0.000000e+00 1.000000e+01 1.878169e+04 2.363336e-13 7.947112e+16 0.000000e+00 -6.250254e+04 0.000000e+00 0.000000e+00 -6.250254e+04 0.000000e+00 0.000000e+00 
1.167884e+17 0.000000e+00 1.000000e+01 1.878169e+04 2.176123e-13 8.630804e+16 0.000000e+00 -6.603775e+04 0.000000e+00 0.000000e+00 -6.603775e+04 0.000000e+00 0.000000e+00 
1.233941e+17 0.000000e+00 1.000000e+01 1.878169e+04 2.003741e-13 9.373314e+16 0.000000e+00 -6.977292e+04 0.000000e+00 0.000000e+00 -6.977292e+04 0.000000e+00 0.000000e+00 
1.303734e+17 0.000000e+00 1.000000e+01 1.878169e+04 1.845014e-13 1.017970e+17 0.000000e+00 -7.371935e+04 0.000000e+00 0.000000e+00 -7.371935e+04 0.000000e+00 0.000000e+00 
1.377475e+17 0.000000e+00 1.000000e+01 1.878169e+04 1.698861e-13 1.105546e+17 0.000000e+00 -7.788899e+04 0.000000e+00 0.000000e+00 -7.788899e+04 0.000000e+00 0.000000e+00 
1.455386e+17 0.000000e+00 1.000000e+01 1.878169e+04 1.564285e-13 1.200657e+17 0.000000e+00 -8.229448e+04 0.000000e+00 0.000000e+00 -8.229448e+04 0.000000e+00 0.000000e+00 
